from_node,to_node,from_x,from_y,to_x,to_y,is_in_tour
0,1,1768,2264,2913,2734,0
0,2,1768,2264,1215,1942,0
0,3,1768,2264,2051,1971,0
0,4,1768,2264,160,1001,0
0,5,1768,2264,593,821,0
0,6,1768,2264,2145,2101,0
0,7,1768,2264,278,1608,0
0,8,1768,2264,1945,1818,0
0,9,1768,2264,1634,1385,0
0,10,1768,2264,1218,2354,0
0,11,1768,2264,1358,761,0
0,12,1768,2264,2639,274,0
0,13,1768,2264,941,2731,0
0,14,1768,2264,720,403,0
0,15,1768,2264,1392,2291,0
0,16,1768,2264,1876,1945,0
0,17,1768,2264,1569,812,0
0,18,1768,2264,2424,1961,0
0,19,1768,2264,608,1259,0
0,20,1768,2264,192,2342,0
0,21,1768,2264,2422,1595,0
0,22,1768,2264,2722,1804,0
0,23,1768,2264,758,652,0
0,24,1768,2264,2169,2647,0
0,25,1768,2264,48,2991,0
0,26,1768,2264,1766,2358,0
0,27,1768,2264,1735,1517,0
0,28,1768,2264,2661,1773,0
0,29,1768,2264,1563,1335,0
0,30,1768,2264,2769,1586,0
0,31,1768,2264,1591,376,0
0,32,1768,2264,635,1666,0
0,33,1768,2264,2292,1709,0
0,34,1768,2264,1578,1883,0
0,35,1768,2264,2704,1270,0
0,36,1768,2264,828,1169,0
0,37,1768,2264,1910,637,0
0,38,1768,2264,652,2960,0
0,39,1768,2264,1942,2679,0
0,40,1768,2264,1988,920,0
0,41,1768,2264,965,1686,0
0,42,1768,2264,1232,1238,0
0,43,1768,2264,1594,2306,0
0,44,1768,2264,1777,694,0
0,45,1768,2264,2160,1907,0
0,46,1768,2264,2318,2824,0
0,47,1768,2264,155,1778,0
0,48,1768,2264,2364,509,0
0,49,1768,2264,2385,1990,0
0,50,1768,2264,907,2812,0
0,51,1768,2264,645,1169,0
0,52,1768,2264,1928,970,0
0,53,1768,2264,976,2073,0
0,54,1768,2264,2932,2921,0
0,55,1768,2264,2813,381,0
0,56,1768,2264,710,2734,0
0,57,1768,2264,691,1856,0
0,58,1768,2264,1104,657,0
0,59,1768,2264,326,295,0
0,60,1768,2264,2355,1634,0
0,61,1768,2264,981,1913,0
0,62,1768,2264,1569,1249,0
0,63,1768,2264,526,2411,0
0,64,1768,2264,234,659,0
0,65,1768,2264,282,145,0
0,66,1768,2264,2277,2466,0
0,67,1768,2264,869,213,0
0,68,1768,2264,382,2709,0
0,69,1768,2264,370,2819,0
0,70,1768,2264,1897,1399,0
0,71,1768,2264,2867,2702,0
0,72,1768,2264,2660,1168,0
0,73,1768,2264,51,572,0
0,74,1768,2264,2959,2364,0
0,75,1768,2264,220,1332,0
0,76,1768,2264,1764,2646,0
0,77,1768,2264,2399,2358,0
0,78,1768,2264,628,898,0
0,79,1768,2264,1998,2018,0
0,80,1768,2264,485,796,0
0,81,1768,2264,11,2314,0
0,82,1768,2264,55,2348,0
0,83,1768,2264,2951,586,0
0,84,1768,2264,972,630,0
0,85,1768,2264,2272,663,0
0,86,1768,2264,2187,1884,0
0,87,1768,2264,835,2771,0
0,88,1768,2264,1205,1326,0
0,89,1768,2264,1932,616,0
0,90,1768,2264,1276,50,0
0,91,1768,2264,1968,2093,1
0,92,1768,2264,834,1683,0
0,93,1768,2264,1092,318,0
0,94,1768,2264,1408,102,0
0,95,1768,2264,1162,1463,0
0,96,1768,2264,2454,81,0
0,97,1768,2264,1027,1503,0
0,98,1768,2264,328,2685,0
0,99,1768,2264,1047,1127,0
0,100,1768,2264,2376,2097,0
0,101,1768,2264,1507,2064,0
0,102,1768,2264,1735,1517,0
0,103,1768,2264,2111,103,0
0,104,1768,2264,21,329,0
0,105,1768,2264,2868,849,0
0,106,1768,2264,1471,167,0
0,107,1768,2264,2373,783,0
0,108,1768,2264,2621,1680,0
0,109,1768,2264,170,2120,0
0,110,1768,2264,2377,1545,0
0,111,1768,2264,910,2380,0
0,112,1768,2264,1661,2195,0
0,113,1768,2264,2991,2168,0
0,114,1768,2264,546,1098,0
0,115,1768,2264,1623,2891,0
0,116,1768,2264,869,1014,0
0,117,1768,2264,2629,835,0
0,118,1768,2264,451,822,0
0,119,1768,2264,1715,636,0
0,120,1768,2264,1598,516,0
0,121,1768,2264,611,1374,0
0,122,1768,2264,573,26,0
0,123,1768,2264,2071,2923,0
0,124,1768,2264,51,271,0
0,125,1768,2264,875,769,0
0,126,1768,2264,152,2740,0
0,127,1768,2264,1986,213,0
0,128,1768,2264,1386,1070,0
0,129,1768,2264,2517,1148,0
0,130,1768,2264,1211,24,0
0,131,1768,2264,2910,1043,0
0,132,1768,2264,2000,1243,0
1,0,2913,2734,1768,2264,0
1,2,2913,2734,1215,1942,0
1,3,2913,2734,2051,1971,0
1,4,2913,2734,160,1001,0
1,5,2913,2734,593,821,0
1,6,2913,2734,2145,2101,0
1,7,2913,2734,278,1608,0
1,8,2913,2734,1945,1818,0
1,9,2913,2734,1634,1385,0
1,10,2913,2734,1218,2354,0
1,11,2913,2734,1358,761,0
1,12,2913,2734,2639,274,0
1,13,2913,2734,941,2731,0
1,14,2913,2734,720,403,0
1,15,2913,2734,1392,2291,0
1,16,2913,2734,1876,1945,0
1,17,2913,2734,1569,812,0
1,18,2913,2734,2424,1961,0
1,19,2913,2734,608,1259,0
1,20,2913,2734,192,2342,0
1,21,2913,2734,2422,1595,0
1,22,2913,2734,2722,1804,0
1,23,2913,2734,758,652,0
1,24,2913,2734,2169,2647,0
1,25,2913,2734,48,2991,0
1,26,2913,2734,1766,2358,0
1,27,2913,2734,1735,1517,0
1,28,2913,2734,2661,1773,0
1,29,2913,2734,1563,1335,0
1,30,2913,2734,2769,1586,0
1,31,2913,2734,1591,376,0
1,32,2913,2734,635,1666,0
1,33,2913,2734,2292,1709,0
1,34,2913,2734,1578,1883,0
1,35,2913,2734,2704,1270,0
1,36,2913,2734,828,1169,0
1,37,2913,2734,1910,637,0
1,38,2913,2734,652,2960,0
1,39,2913,2734,1942,2679,0
1,40,2913,2734,1988,920,0
1,41,2913,2734,965,1686,0
1,42,2913,2734,1232,1238,0
1,43,2913,2734,1594,2306,0
1,44,2913,2734,1777,694,0
1,45,2913,2734,2160,1907,0
1,46,2913,2734,2318,2824,0
1,47,2913,2734,155,1778,0
1,48,2913,2734,2364,509,0
1,49,2913,2734,2385,1990,0
1,50,2913,2734,907,2812,0
1,51,2913,2734,645,1169,0
1,52,2913,2734,1928,970,0
1,53,2913,2734,976,2073,0
1,54,2913,2734,2932,2921,0
1,55,2913,2734,2813,381,0
1,56,2913,2734,710,2734,0
1,57,2913,2734,691,1856,0
1,58,2913,2734,1104,657,0
1,59,2913,2734,326,295,0
1,60,2913,2734,2355,1634,0
1,61,2913,2734,981,1913,0
1,62,2913,2734,1569,1249,0
1,63,2913,2734,526,2411,0
1,64,2913,2734,234,659,0
1,65,2913,2734,282,145,0
1,66,2913,2734,2277,2466,0
1,67,2913,2734,869,213,0
1,68,2913,2734,382,2709,0
1,69,2913,2734,370,2819,0
1,70,2913,2734,1897,1399,0
1,71,2913,2734,2867,2702,1
1,72,2913,2734,2660,1168,0
1,73,2913,2734,51,572,0
1,74,2913,2734,2959,2364,0
1,75,2913,2734,220,1332,0
1,76,2913,2734,1764,2646,0
1,77,2913,2734,2399,2358,0
1,78,2913,2734,628,898,0
1,79,2913,2734,1998,2018,0
1,80,2913,2734,485,796,0
1,81,2913,2734,11,2314,0
1,82,2913,2734,55,2348,0
1,83,2913,2734,2951,586,0
1,84,2913,2734,972,630,0
1,85,2913,2734,2272,663,0
1,86,2913,2734,2187,1884,0
1,87,2913,2734,835,2771,0
1,88,2913,2734,1205,1326,0
1,89,2913,2734,1932,616,0
1,90,2913,2734,1276,50,0
1,91,2913,2734,1968,2093,0
1,92,2913,2734,834,1683,0
1,93,2913,2734,1092,318,0
1,94,2913,2734,1408,102,0
1,95,2913,2734,1162,1463,0
1,96,2913,2734,2454,81,0
1,97,2913,2734,1027,1503,0
1,98,2913,2734,328,2685,0
1,99,2913,2734,1047,1127,0
1,100,2913,2734,2376,2097,0
1,101,2913,2734,1507,2064,0
1,102,2913,2734,1735,1517,0
1,103,2913,2734,2111,103,0
1,104,2913,2734,21,329,0
1,105,2913,2734,2868,849,0
1,106,2913,2734,1471,167,0
1,107,2913,2734,2373,783,0
1,108,2913,2734,2621,1680,0
1,109,2913,2734,170,2120,0
1,110,2913,2734,2377,1545,0
1,111,2913,2734,910,2380,0
1,112,2913,2734,1661,2195,0
1,113,2913,2734,2991,2168,0
1,114,2913,2734,546,1098,0
1,115,2913,2734,1623,2891,0
1,116,2913,2734,869,1014,0
1,117,2913,2734,2629,835,0
1,118,2913,2734,451,822,0
1,119,2913,2734,1715,636,0
1,120,2913,2734,1598,516,0
1,121,2913,2734,611,1374,0
1,122,2913,2734,573,26,0
1,123,2913,2734,2071,2923,0
1,124,2913,2734,51,271,0
1,125,2913,2734,875,769,0
1,126,2913,2734,152,2740,0
1,127,2913,2734,1986,213,0
1,128,2913,2734,1386,1070,0
1,129,2913,2734,2517,1148,0
1,130,2913,2734,1211,24,0
1,131,2913,2734,2910,1043,0
1,132,2913,2734,2000,1243,0
2,0,1215,1942,1768,2264,0
2,1,1215,1942,2913,2734,0
2,3,1215,1942,2051,1971,0
2,4,1215,1942,160,1001,0
2,5,1215,1942,593,821,0
2,6,1215,1942,2145,2101,0
2,7,1215,1942,278,1608,0
2,8,1215,1942,1945,1818,0
2,9,1215,1942,1634,1385,0
2,10,1215,1942,1218,2354,0
2,11,1215,1942,1358,761,0
2,12,1215,1942,2639,274,0
2,13,1215,1942,941,2731,0
2,14,1215,1942,720,403,0
2,15,1215,1942,1392,2291,0
2,16,1215,1942,1876,1945,0
2,17,1215,1942,1569,812,0
2,18,1215,1942,2424,1961,0
2,19,1215,1942,608,1259,0
2,20,1215,1942,192,2342,0
2,21,1215,1942,2422,1595,0
2,22,1215,1942,2722,1804,0
2,23,1215,1942,758,652,0
2,24,1215,1942,2169,2647,0
2,25,1215,1942,48,2991,0
2,26,1215,1942,1766,2358,0
2,27,1215,1942,1735,1517,0
2,28,1215,1942,2661,1773,0
2,29,1215,1942,1563,1335,0
2,30,1215,1942,2769,1586,0
2,31,1215,1942,1591,376,0
2,32,1215,1942,635,1666,0
2,33,1215,1942,2292,1709,0
2,34,1215,1942,1578,1883,0
2,35,1215,1942,2704,1270,0
2,36,1215,1942,828,1169,0
2,37,1215,1942,1910,637,0
2,38,1215,1942,652,2960,0
2,39,1215,1942,1942,2679,0
2,40,1215,1942,1988,920,0
2,41,1215,1942,965,1686,0
2,42,1215,1942,1232,1238,0
2,43,1215,1942,1594,2306,0
2,44,1215,1942,1777,694,0
2,45,1215,1942,2160,1907,0
2,46,1215,1942,2318,2824,0
2,47,1215,1942,155,1778,0
2,48,1215,1942,2364,509,0
2,49,1215,1942,2385,1990,0
2,50,1215,1942,907,2812,0
2,51,1215,1942,645,1169,0
2,52,1215,1942,1928,970,0
2,53,1215,1942,976,2073,1
2,54,1215,1942,2932,2921,0
2,55,1215,1942,2813,381,0
2,56,1215,1942,710,2734,0
2,57,1215,1942,691,1856,0
2,58,1215,1942,1104,657,0
2,59,1215,1942,326,295,0
2,60,1215,1942,2355,1634,0
2,61,1215,1942,981,1913,0
2,62,1215,1942,1569,1249,0
2,63,1215,1942,526,2411,0
2,64,1215,1942,234,659,0
2,65,1215,1942,282,145,0
2,66,1215,1942,2277,2466,0
2,67,1215,1942,869,213,0
2,68,1215,1942,382,2709,0
2,69,1215,1942,370,2819,0
2,70,1215,1942,1897,1399,0
2,71,1215,1942,2867,2702,0
2,72,1215,1942,2660,1168,0
2,73,1215,1942,51,572,0
2,74,1215,1942,2959,2364,0
2,75,1215,1942,220,1332,0
2,76,1215,1942,1764,2646,0
2,77,1215,1942,2399,2358,0
2,78,1215,1942,628,898,0
2,79,1215,1942,1998,2018,0
2,80,1215,1942,485,796,0
2,81,1215,1942,11,2314,0
2,82,1215,1942,55,2348,0
2,83,1215,1942,2951,586,0
2,84,1215,1942,972,630,0
2,85,1215,1942,2272,663,0
2,86,1215,1942,2187,1884,0
2,87,1215,1942,835,2771,0
2,88,1215,1942,1205,1326,0
2,89,1215,1942,1932,616,0
2,90,1215,1942,1276,50,0
2,91,1215,1942,1968,2093,0
2,92,1215,1942,834,1683,0
2,93,1215,1942,1092,318,0
2,94,1215,1942,1408,102,0
2,95,1215,1942,1162,1463,0
2,96,1215,1942,2454,81,0
2,97,1215,1942,1027,1503,0
2,98,1215,1942,328,2685,0
2,99,1215,1942,1047,1127,0
2,100,1215,1942,2376,2097,0
2,101,1215,1942,1507,2064,0
2,102,1215,1942,1735,1517,0
2,103,1215,1942,2111,103,0
2,104,1215,1942,21,329,0
2,105,1215,1942,2868,849,0
2,106,1215,1942,1471,167,0
2,107,1215,1942,2373,783,0
2,108,1215,1942,2621,1680,0
2,109,1215,1942,170,2120,0
2,110,1215,1942,2377,1545,0
2,111,1215,1942,910,2380,0
2,112,1215,1942,1661,2195,0
2,113,1215,1942,2991,2168,0
2,114,1215,1942,546,1098,0
2,115,1215,1942,1623,2891,0
2,116,1215,1942,869,1014,0
2,117,1215,1942,2629,835,0
2,118,1215,1942,451,822,0
2,119,1215,1942,1715,636,0
2,120,1215,1942,1598,516,0
2,121,1215,1942,611,1374,0
2,122,1215,1942,573,26,0
2,123,1215,1942,2071,2923,0
2,124,1215,1942,51,271,0
2,125,1215,1942,875,769,0
2,126,1215,1942,152,2740,0
2,127,1215,1942,1986,213,0
2,128,1215,1942,1386,1070,0
2,129,1215,1942,2517,1148,0
2,130,1215,1942,1211,24,0
2,131,1215,1942,2910,1043,0
2,132,1215,1942,2000,1243,0
3,0,2051,1971,1768,2264,0
3,1,2051,1971,2913,2734,0
3,2,2051,1971,1215,1942,0
3,4,2051,1971,160,1001,0
3,5,2051,1971,593,821,0
3,6,2051,1971,2145,2101,1
3,7,2051,1971,278,1608,0
3,8,2051,1971,1945,1818,0
3,9,2051,1971,1634,1385,0
3,10,2051,1971,1218,2354,0
3,11,2051,1971,1358,761,0
3,12,2051,1971,2639,274,0
3,13,2051,1971,941,2731,0
3,14,2051,1971,720,403,0
3,15,2051,1971,1392,2291,0
3,16,2051,1971,1876,1945,0
3,17,2051,1971,1569,812,0
3,18,2051,1971,2424,1961,0
3,19,2051,1971,608,1259,0
3,20,2051,1971,192,2342,0
3,21,2051,1971,2422,1595,0
3,22,2051,1971,2722,1804,0
3,23,2051,1971,758,652,0
3,24,2051,1971,2169,2647,0
3,25,2051,1971,48,2991,0
3,26,2051,1971,1766,2358,0
3,27,2051,1971,1735,1517,0
3,28,2051,1971,2661,1773,0
3,29,2051,1971,1563,1335,0
3,30,2051,1971,2769,1586,0
3,31,2051,1971,1591,376,0
3,32,2051,1971,635,1666,0
3,33,2051,1971,2292,1709,0
3,34,2051,1971,1578,1883,0
3,35,2051,1971,2704,1270,0
3,36,2051,1971,828,1169,0
3,37,2051,1971,1910,637,0
3,38,2051,1971,652,2960,0
3,39,2051,1971,1942,2679,0
3,40,2051,1971,1988,920,0
3,41,2051,1971,965,1686,0
3,42,2051,1971,1232,1238,0
3,43,2051,1971,1594,2306,0
3,44,2051,1971,1777,694,0
3,45,2051,1971,2160,1907,0
3,46,2051,1971,2318,2824,0
3,47,2051,1971,155,1778,0
3,48,2051,1971,2364,509,0
3,49,2051,1971,2385,1990,0
3,50,2051,1971,907,2812,0
3,51,2051,1971,645,1169,0
3,52,2051,1971,1928,970,0
3,53,2051,1971,976,2073,0
3,54,2051,1971,2932,2921,0
3,55,2051,1971,2813,381,0
3,56,2051,1971,710,2734,0
3,57,2051,1971,691,1856,0
3,58,2051,1971,1104,657,0
3,59,2051,1971,326,295,0
3,60,2051,1971,2355,1634,0
3,61,2051,1971,981,1913,0
3,62,2051,1971,1569,1249,0
3,63,2051,1971,526,2411,0
3,64,2051,1971,234,659,0
3,65,2051,1971,282,145,0
3,66,2051,1971,2277,2466,0
3,67,2051,1971,869,213,0
3,68,2051,1971,382,2709,0
3,69,2051,1971,370,2819,0
3,70,2051,1971,1897,1399,0
3,71,2051,1971,2867,2702,0
3,72,2051,1971,2660,1168,0
3,73,2051,1971,51,572,0
3,74,2051,1971,2959,2364,0
3,75,2051,1971,220,1332,0
3,76,2051,1971,1764,2646,0
3,77,2051,1971,2399,2358,0
3,78,2051,1971,628,898,0
3,79,2051,1971,1998,2018,0
3,80,2051,1971,485,796,0
3,81,2051,1971,11,2314,0
3,82,2051,1971,55,2348,0
3,83,2051,1971,2951,586,0
3,84,2051,1971,972,630,0
3,85,2051,1971,2272,663,0
3,86,2051,1971,2187,1884,0
3,87,2051,1971,835,2771,0
3,88,2051,1971,1205,1326,0
3,89,2051,1971,1932,616,0
3,90,2051,1971,1276,50,0
3,91,2051,1971,1968,2093,0
3,92,2051,1971,834,1683,0
3,93,2051,1971,1092,318,0
3,94,2051,1971,1408,102,0
3,95,2051,1971,1162,1463,0
3,96,2051,1971,2454,81,0
3,97,2051,1971,1027,1503,0
3,98,2051,1971,328,2685,0
3,99,2051,1971,1047,1127,0
3,100,2051,1971,2376,2097,0
3,101,2051,1971,1507,2064,0
3,102,2051,1971,1735,1517,0
3,103,2051,1971,2111,103,0
3,104,2051,1971,21,329,0
3,105,2051,1971,2868,849,0
3,106,2051,1971,1471,167,0
3,107,2051,1971,2373,783,0
3,108,2051,1971,2621,1680,0
3,109,2051,1971,170,2120,0
3,110,2051,1971,2377,1545,0
3,111,2051,1971,910,2380,0
3,112,2051,1971,1661,2195,0
3,113,2051,1971,2991,2168,0
3,114,2051,1971,546,1098,0
3,115,2051,1971,1623,2891,0
3,116,2051,1971,869,1014,0
3,117,2051,1971,2629,835,0
3,118,2051,1971,451,822,0
3,119,2051,1971,1715,636,0
3,120,2051,1971,1598,516,0
3,121,2051,1971,611,1374,0
3,122,2051,1971,573,26,0
3,123,2051,1971,2071,2923,0
3,124,2051,1971,51,271,0
3,125,2051,1971,875,769,0
3,126,2051,1971,152,2740,0
3,127,2051,1971,1986,213,0
3,128,2051,1971,1386,1070,0
3,129,2051,1971,2517,1148,0
3,130,2051,1971,1211,24,0
3,131,2051,1971,2910,1043,0
3,132,2051,1971,2000,1243,0
4,0,160,1001,1768,2264,0
4,1,160,1001,2913,2734,0
4,2,160,1001,1215,1942,0
4,3,160,1001,2051,1971,0
4,5,160,1001,593,821,0
4,6,160,1001,2145,2101,0
4,7,160,1001,278,1608,0
4,8,160,1001,1945,1818,0
4,9,160,1001,1634,1385,0
4,10,160,1001,1218,2354,0
4,11,160,1001,1358,761,0
4,12,160,1001,2639,274,0
4,13,160,1001,941,2731,0
4,14,160,1001,720,403,0
4,15,160,1001,1392,2291,0
4,16,160,1001,1876,1945,0
4,17,160,1001,1569,812,0
4,18,160,1001,2424,1961,0
4,19,160,1001,608,1259,0
4,20,160,1001,192,2342,0
4,21,160,1001,2422,1595,0
4,22,160,1001,2722,1804,0
4,23,160,1001,758,652,0
4,24,160,1001,2169,2647,0
4,25,160,1001,48,2991,0
4,26,160,1001,1766,2358,0
4,27,160,1001,1735,1517,0
4,28,160,1001,2661,1773,0
4,29,160,1001,1563,1335,0
4,30,160,1001,2769,1586,0
4,31,160,1001,1591,376,0
4,32,160,1001,635,1666,0
4,33,160,1001,2292,1709,0
4,34,160,1001,1578,1883,0
4,35,160,1001,2704,1270,0
4,36,160,1001,828,1169,0
4,37,160,1001,1910,637,0
4,38,160,1001,652,2960,0
4,39,160,1001,1942,2679,0
4,40,160,1001,1988,920,0
4,41,160,1001,965,1686,0
4,42,160,1001,1232,1238,0
4,43,160,1001,1594,2306,0
4,44,160,1001,1777,694,0
4,45,160,1001,2160,1907,0
4,46,160,1001,2318,2824,0
4,47,160,1001,155,1778,0
4,48,160,1001,2364,509,0
4,49,160,1001,2385,1990,0
4,50,160,1001,907,2812,0
4,51,160,1001,645,1169,0
4,52,160,1001,1928,970,0
4,53,160,1001,976,2073,0
4,54,160,1001,2932,2921,0
4,55,160,1001,2813,381,0
4,56,160,1001,710,2734,0
4,57,160,1001,691,1856,0
4,58,160,1001,1104,657,0
4,59,160,1001,326,295,0
4,60,160,1001,2355,1634,0
4,61,160,1001,981,1913,0
4,62,160,1001,1569,1249,0
4,63,160,1001,526,2411,0
4,64,160,1001,234,659,0
4,65,160,1001,282,145,0
4,66,160,1001,2277,2466,0
4,67,160,1001,869,213,0
4,68,160,1001,382,2709,0
4,69,160,1001,370,2819,0
4,70,160,1001,1897,1399,0
4,71,160,1001,2867,2702,0
4,72,160,1001,2660,1168,0
4,73,160,1001,51,572,0
4,74,160,1001,2959,2364,0
4,75,160,1001,220,1332,1
4,76,160,1001,1764,2646,0
4,77,160,1001,2399,2358,0
4,78,160,1001,628,898,0
4,79,160,1001,1998,2018,0
4,80,160,1001,485,796,0
4,81,160,1001,11,2314,0
4,82,160,1001,55,2348,0
4,83,160,1001,2951,586,0
4,84,160,1001,972,630,0
4,85,160,1001,2272,663,0
4,86,160,1001,2187,1884,0
4,87,160,1001,835,2771,0
4,88,160,1001,1205,1326,0
4,89,160,1001,1932,616,0
4,90,160,1001,1276,50,0
4,91,160,1001,1968,2093,0
4,92,160,1001,834,1683,0
4,93,160,1001,1092,318,0
4,94,160,1001,1408,102,0
4,95,160,1001,1162,1463,0
4,96,160,1001,2454,81,0
4,97,160,1001,1027,1503,0
4,98,160,1001,328,2685,0
4,99,160,1001,1047,1127,0
4,100,160,1001,2376,2097,0
4,101,160,1001,1507,2064,0
4,102,160,1001,1735,1517,0
4,103,160,1001,2111,103,0
4,104,160,1001,21,329,0
4,105,160,1001,2868,849,0
4,106,160,1001,1471,167,0
4,107,160,1001,2373,783,0
4,108,160,1001,2621,1680,0
4,109,160,1001,170,2120,0
4,110,160,1001,2377,1545,0
4,111,160,1001,910,2380,0
4,112,160,1001,1661,2195,0
4,113,160,1001,2991,2168,0
4,114,160,1001,546,1098,0
4,115,160,1001,1623,2891,0
4,116,160,1001,869,1014,0
4,117,160,1001,2629,835,0
4,118,160,1001,451,822,0
4,119,160,1001,1715,636,0
4,120,160,1001,1598,516,0
4,121,160,1001,611,1374,0
4,122,160,1001,573,26,0
4,123,160,1001,2071,2923,0
4,124,160,1001,51,271,0
4,125,160,1001,875,769,0
4,126,160,1001,152,2740,0
4,127,160,1001,1986,213,0
4,128,160,1001,1386,1070,0
4,129,160,1001,2517,1148,0
4,130,160,1001,1211,24,0
4,131,160,1001,2910,1043,0
4,132,160,1001,2000,1243,0
5,0,593,821,1768,2264,0
5,1,593,821,2913,2734,0
5,2,593,821,1215,1942,0
5,3,593,821,2051,1971,0
5,4,593,821,160,1001,0
5,6,593,821,2145,2101,0
5,7,593,821,278,1608,0
5,8,593,821,1945,1818,0
5,9,593,821,1634,1385,0
5,10,593,821,1218,2354,0
5,11,593,821,1358,761,0
5,12,593,821,2639,274,0
5,13,593,821,941,2731,0
5,14,593,821,720,403,0
5,15,593,821,1392,2291,0
5,16,593,821,1876,1945,0
5,17,593,821,1569,812,0
5,18,593,821,2424,1961,0
5,19,593,821,608,1259,0
5,20,593,821,192,2342,0
5,21,593,821,2422,1595,0
5,22,593,821,2722,1804,0
5,23,593,821,758,652,0
5,24,593,821,2169,2647,0
5,25,593,821,48,2991,0
5,26,593,821,1766,2358,0
5,27,593,821,1735,1517,0
5,28,593,821,2661,1773,0
5,29,593,821,1563,1335,0
5,30,593,821,2769,1586,0
5,31,593,821,1591,376,0
5,32,593,821,635,1666,0
5,33,593,821,2292,1709,0
5,34,593,821,1578,1883,0
5,35,593,821,2704,1270,0
5,36,593,821,828,1169,0
5,37,593,821,1910,637,0
5,38,593,821,652,2960,0
5,39,593,821,1942,2679,0
5,40,593,821,1988,920,0
5,41,593,821,965,1686,0
5,42,593,821,1232,1238,0
5,43,593,821,1594,2306,0
5,44,593,821,1777,694,0
5,45,593,821,2160,1907,0
5,46,593,821,2318,2824,0
5,47,593,821,155,1778,0
5,48,593,821,2364,509,0
5,49,593,821,2385,1990,0
5,50,593,821,907,2812,0
5,51,593,821,645,1169,0
5,52,593,821,1928,970,0
5,53,593,821,976,2073,0
5,54,593,821,2932,2921,0
5,55,593,821,2813,381,0
5,56,593,821,710,2734,0
5,57,593,821,691,1856,0
5,58,593,821,1104,657,0
5,59,593,821,326,295,0
5,60,593,821,2355,1634,0
5,61,593,821,981,1913,0
5,62,593,821,1569,1249,0
5,63,593,821,526,2411,0
5,64,593,821,234,659,0
5,65,593,821,282,145,0
5,66,593,821,2277,2466,0
5,67,593,821,869,213,0
5,68,593,821,382,2709,0
5,69,593,821,370,2819,0
5,70,593,821,1897,1399,0
5,71,593,821,2867,2702,0
5,72,593,821,2660,1168,0
5,73,593,821,51,572,0
5,74,593,821,2959,2364,0
5,75,593,821,220,1332,0
5,76,593,821,1764,2646,0
5,77,593,821,2399,2358,0
5,78,593,821,628,898,0
5,79,593,821,1998,2018,0
5,80,593,821,485,796,0
5,81,593,821,11,2314,0
5,82,593,821,55,2348,0
5,83,593,821,2951,586,0
5,84,593,821,972,630,0
5,85,593,821,2272,663,0
5,86,593,821,2187,1884,0
5,87,593,821,835,2771,0
5,88,593,821,1205,1326,0
5,89,593,821,1932,616,0
5,90,593,821,1276,50,0
5,91,593,821,1968,2093,0
5,92,593,821,834,1683,0
5,93,593,821,1092,318,0
5,94,593,821,1408,102,0
5,95,593,821,1162,1463,0
5,96,593,821,2454,81,0
5,97,593,821,1027,1503,0
5,98,593,821,328,2685,0
5,99,593,821,1047,1127,0
5,100,593,821,2376,2097,0
5,101,593,821,1507,2064,0
5,102,593,821,1735,1517,0
5,103,593,821,2111,103,0
5,104,593,821,21,329,0
5,105,593,821,2868,849,0
5,106,593,821,1471,167,0
5,107,593,821,2373,783,0
5,108,593,821,2621,1680,0
5,109,593,821,170,2120,0
5,110,593,821,2377,1545,0
5,111,593,821,910,2380,0
5,112,593,821,1661,2195,0
5,113,593,821,2991,2168,0
5,114,593,821,546,1098,0
5,115,593,821,1623,2891,0
5,116,593,821,869,1014,0
5,117,593,821,2629,835,0
5,118,593,821,451,822,1
5,119,593,821,1715,636,0
5,120,593,821,1598,516,0
5,121,593,821,611,1374,0
5,122,593,821,573,26,0
5,123,593,821,2071,2923,0
5,124,593,821,51,271,0
5,125,593,821,875,769,0
5,126,593,821,152,2740,0
5,127,593,821,1986,213,0
5,128,593,821,1386,1070,0
5,129,593,821,2517,1148,0
5,130,593,821,1211,24,0
5,131,593,821,2910,1043,0
5,132,593,821,2000,1243,0
6,0,2145,2101,1768,2264,0
6,1,2145,2101,2913,2734,0
6,2,2145,2101,1215,1942,0
6,3,2145,2101,2051,1971,0
6,4,2145,2101,160,1001,0
6,5,2145,2101,593,821,0
6,7,2145,2101,278,1608,0
6,8,2145,2101,1945,1818,0
6,9,2145,2101,1634,1385,0
6,10,2145,2101,1218,2354,0
6,11,2145,2101,1358,761,0
6,12,2145,2101,2639,274,0
6,13,2145,2101,941,2731,0
6,14,2145,2101,720,403,0
6,15,2145,2101,1392,2291,0
6,16,2145,2101,1876,1945,0
6,17,2145,2101,1569,812,0
6,18,2145,2101,2424,1961,0
6,19,2145,2101,608,1259,0
6,20,2145,2101,192,2342,0
6,21,2145,2101,2422,1595,0
6,22,2145,2101,2722,1804,0
6,23,2145,2101,758,652,0
6,24,2145,2101,2169,2647,0
6,25,2145,2101,48,2991,0
6,26,2145,2101,1766,2358,0
6,27,2145,2101,1735,1517,0
6,28,2145,2101,2661,1773,0
6,29,2145,2101,1563,1335,0
6,30,2145,2101,2769,1586,0
6,31,2145,2101,1591,376,0
6,32,2145,2101,635,1666,0
6,33,2145,2101,2292,1709,0
6,34,2145,2101,1578,1883,0
6,35,2145,2101,2704,1270,0
6,36,2145,2101,828,1169,0
6,37,2145,2101,1910,637,0
6,38,2145,2101,652,2960,0
6,39,2145,2101,1942,2679,0
6,40,2145,2101,1988,920,0
6,41,2145,2101,965,1686,0
6,42,2145,2101,1232,1238,0
6,43,2145,2101,1594,2306,0
6,44,2145,2101,1777,694,0
6,45,2145,2101,2160,1907,0
6,46,2145,2101,2318,2824,0
6,47,2145,2101,155,1778,0
6,48,2145,2101,2364,509,0
6,49,2145,2101,2385,1990,1
6,50,2145,2101,907,2812,0
6,51,2145,2101,645,1169,0
6,52,2145,2101,1928,970,0
6,53,2145,2101,976,2073,0
6,54,2145,2101,2932,2921,0
6,55,2145,2101,2813,381,0
6,56,2145,2101,710,2734,0
6,57,2145,2101,691,1856,0
6,58,2145,2101,1104,657,0
6,59,2145,2101,326,295,0
6,60,2145,2101,2355,1634,0
6,61,2145,2101,981,1913,0
6,62,2145,2101,1569,1249,0
6,63,2145,2101,526,2411,0
6,64,2145,2101,234,659,0
6,65,2145,2101,282,145,0
6,66,2145,2101,2277,2466,0
6,67,2145,2101,869,213,0
6,68,2145,2101,382,2709,0
6,69,2145,2101,370,2819,0
6,70,2145,2101,1897,1399,0
6,71,2145,2101,2867,2702,0
6,72,2145,2101,2660,1168,0
6,73,2145,2101,51,572,0
6,74,2145,2101,2959,2364,0
6,75,2145,2101,220,1332,0
6,76,2145,2101,1764,2646,0
6,77,2145,2101,2399,2358,0
6,78,2145,2101,628,898,0
6,79,2145,2101,1998,2018,0
6,80,2145,2101,485,796,0
6,81,2145,2101,11,2314,0
6,82,2145,2101,55,2348,0
6,83,2145,2101,2951,586,0
6,84,2145,2101,972,630,0
6,85,2145,2101,2272,663,0
6,86,2145,2101,2187,1884,0
6,87,2145,2101,835,2771,0
6,88,2145,2101,1205,1326,0
6,89,2145,2101,1932,616,0
6,90,2145,2101,1276,50,0
6,91,2145,2101,1968,2093,0
6,92,2145,2101,834,1683,0
6,93,2145,2101,1092,318,0
6,94,2145,2101,1408,102,0
6,95,2145,2101,1162,1463,0
6,96,2145,2101,2454,81,0
6,97,2145,2101,1027,1503,0
6,98,2145,2101,328,2685,0
6,99,2145,2101,1047,1127,0
6,100,2145,2101,2376,2097,0
6,101,2145,2101,1507,2064,0
6,102,2145,2101,1735,1517,0
6,103,2145,2101,2111,103,0
6,104,2145,2101,21,329,0
6,105,2145,2101,2868,849,0
6,106,2145,2101,1471,167,0
6,107,2145,2101,2373,783,0
6,108,2145,2101,2621,1680,0
6,109,2145,2101,170,2120,0
6,110,2145,2101,2377,1545,0
6,111,2145,2101,910,2380,0
6,112,2145,2101,1661,2195,0
6,113,2145,2101,2991,2168,0
6,114,2145,2101,546,1098,0
6,115,2145,2101,1623,2891,0
6,116,2145,2101,869,1014,0
6,117,2145,2101,2629,835,0
6,118,2145,2101,451,822,0
6,119,2145,2101,1715,636,0
6,120,2145,2101,1598,516,0
6,121,2145,2101,611,1374,0
6,122,2145,2101,573,26,0
6,123,2145,2101,2071,2923,0
6,124,2145,2101,51,271,0
6,125,2145,2101,875,769,0
6,126,2145,2101,152,2740,0
6,127,2145,2101,1986,213,0
6,128,2145,2101,1386,1070,0
6,129,2145,2101,2517,1148,0
6,130,2145,2101,1211,24,0
6,131,2145,2101,2910,1043,0
6,132,2145,2101,2000,1243,0
7,0,278,1608,1768,2264,0
7,1,278,1608,2913,2734,0
7,2,278,1608,1215,1942,0
7,3,278,1608,2051,1971,0
7,4,278,1608,160,1001,0
7,5,278,1608,593,821,0
7,6,278,1608,2145,2101,0
7,8,278,1608,1945,1818,0
7,9,278,1608,1634,1385,0
7,10,278,1608,1218,2354,0
7,11,278,1608,1358,761,0
7,12,278,1608,2639,274,0
7,13,278,1608,941,2731,0
7,14,278,1608,720,403,0
7,15,278,1608,1392,2291,0
7,16,278,1608,1876,1945,0
7,17,278,1608,1569,812,0
7,18,278,1608,2424,1961,0
7,19,278,1608,608,1259,0
7,20,278,1608,192,2342,0
7,21,278,1608,2422,1595,0
7,22,278,1608,2722,1804,0
7,23,278,1608,758,652,0
7,24,278,1608,2169,2647,0
7,25,278,1608,48,2991,0
7,26,278,1608,1766,2358,0
7,27,278,1608,1735,1517,0
7,28,278,1608,2661,1773,0
7,29,278,1608,1563,1335,0
7,30,278,1608,2769,1586,0
7,31,278,1608,1591,376,0
7,32,278,1608,635,1666,0
7,33,278,1608,2292,1709,0
7,34,278,1608,1578,1883,0
7,35,278,1608,2704,1270,0
7,36,278,1608,828,1169,0
7,37,278,1608,1910,637,0
7,38,278,1608,652,2960,0
7,39,278,1608,1942,2679,0
7,40,278,1608,1988,920,0
7,41,278,1608,965,1686,0
7,42,278,1608,1232,1238,0
7,43,278,1608,1594,2306,0
7,44,278,1608,1777,694,0
7,45,278,1608,2160,1907,0
7,46,278,1608,2318,2824,0
7,47,278,1608,155,1778,1
7,48,278,1608,2364,509,0
7,49,278,1608,2385,1990,0
7,50,278,1608,907,2812,0
7,51,278,1608,645,1169,0
7,52,278,1608,1928,970,0
7,53,278,1608,976,2073,0
7,54,278,1608,2932,2921,0
7,55,278,1608,2813,381,0
7,56,278,1608,710,2734,0
7,57,278,1608,691,1856,0
7,58,278,1608,1104,657,0
7,59,278,1608,326,295,0
7,60,278,1608,2355,1634,0
7,61,278,1608,981,1913,0
7,62,278,1608,1569,1249,0
7,63,278,1608,526,2411,0
7,64,278,1608,234,659,0
7,65,278,1608,282,145,0
7,66,278,1608,2277,2466,0
7,67,278,1608,869,213,0
7,68,278,1608,382,2709,0
7,69,278,1608,370,2819,0
7,70,278,1608,1897,1399,0
7,71,278,1608,2867,2702,0
7,72,278,1608,2660,1168,0
7,73,278,1608,51,572,0
7,74,278,1608,2959,2364,0
7,75,278,1608,220,1332,0
7,76,278,1608,1764,2646,0
7,77,278,1608,2399,2358,0
7,78,278,1608,628,898,0
7,79,278,1608,1998,2018,0
7,80,278,1608,485,796,0
7,81,278,1608,11,2314,0
7,82,278,1608,55,2348,0
7,83,278,1608,2951,586,0
7,84,278,1608,972,630,0
7,85,278,1608,2272,663,0
7,86,278,1608,2187,1884,0
7,87,278,1608,835,2771,0
7,88,278,1608,1205,1326,0
7,89,278,1608,1932,616,0
7,90,278,1608,1276,50,0
7,91,278,1608,1968,2093,0
7,92,278,1608,834,1683,0
7,93,278,1608,1092,318,0
7,94,278,1608,1408,102,0
7,95,278,1608,1162,1463,0
7,96,278,1608,2454,81,0
7,97,278,1608,1027,1503,0
7,98,278,1608,328,2685,0
7,99,278,1608,1047,1127,0
7,100,278,1608,2376,2097,0
7,101,278,1608,1507,2064,0
7,102,278,1608,1735,1517,0
7,103,278,1608,2111,103,0
7,104,278,1608,21,329,0
7,105,278,1608,2868,849,0
7,106,278,1608,1471,167,0
7,107,278,1608,2373,783,0
7,108,278,1608,2621,1680,0
7,109,278,1608,170,2120,0
7,110,278,1608,2377,1545,0
7,111,278,1608,910,2380,0
7,112,278,1608,1661,2195,0
7,113,278,1608,2991,2168,0
7,114,278,1608,546,1098,0
7,115,278,1608,1623,2891,0
7,116,278,1608,869,1014,0
7,117,278,1608,2629,835,0
7,118,278,1608,451,822,0
7,119,278,1608,1715,636,0
7,120,278,1608,1598,516,0
7,121,278,1608,611,1374,0
7,122,278,1608,573,26,0
7,123,278,1608,2071,2923,0
7,124,278,1608,51,271,0
7,125,278,1608,875,769,0
7,126,278,1608,152,2740,0
7,127,278,1608,1986,213,0
7,128,278,1608,1386,1070,0
7,129,278,1608,2517,1148,0
7,130,278,1608,1211,24,0
7,131,278,1608,2910,1043,0
7,132,278,1608,2000,1243,0
8,0,1945,1818,1768,2264,0
8,1,1945,1818,2913,2734,0
8,2,1945,1818,1215,1942,0
8,3,1945,1818,2051,1971,0
8,4,1945,1818,160,1001,0
8,5,1945,1818,593,821,0
8,6,1945,1818,2145,2101,0
8,7,1945,1818,278,1608,0
8,9,1945,1818,1634,1385,0
8,10,1945,1818,1218,2354,0
8,11,1945,1818,1358,761,0
8,12,1945,1818,2639,274,0
8,13,1945,1818,941,2731,0
8,14,1945,1818,720,403,0
8,15,1945,1818,1392,2291,0
8,16,1945,1818,1876,1945,1
8,17,1945,1818,1569,812,0
8,18,1945,1818,2424,1961,0
8,19,1945,1818,608,1259,0
8,20,1945,1818,192,2342,0
8,21,1945,1818,2422,1595,0
8,22,1945,1818,2722,1804,0
8,23,1945,1818,758,652,0
8,24,1945,1818,2169,2647,0
8,25,1945,1818,48,2991,0
8,26,1945,1818,1766,2358,0
8,27,1945,1818,1735,1517,0
8,28,1945,1818,2661,1773,0
8,29,1945,1818,1563,1335,0
8,30,1945,1818,2769,1586,0
8,31,1945,1818,1591,376,0
8,32,1945,1818,635,1666,0
8,33,1945,1818,2292,1709,0
8,34,1945,1818,1578,1883,0
8,35,1945,1818,2704,1270,0
8,36,1945,1818,828,1169,0
8,37,1945,1818,1910,637,0
8,38,1945,1818,652,2960,0
8,39,1945,1818,1942,2679,0
8,40,1945,1818,1988,920,0
8,41,1945,1818,965,1686,0
8,42,1945,1818,1232,1238,0
8,43,1945,1818,1594,2306,0
8,44,1945,1818,1777,694,0
8,45,1945,1818,2160,1907,0
8,46,1945,1818,2318,2824,0
8,47,1945,1818,155,1778,0
8,48,1945,1818,2364,509,0
8,49,1945,1818,2385,1990,0
8,50,1945,1818,907,2812,0
8,51,1945,1818,645,1169,0
8,52,1945,1818,1928,970,0
8,53,1945,1818,976,2073,0
8,54,1945,1818,2932,2921,0
8,55,1945,1818,2813,381,0
8,56,1945,1818,710,2734,0
8,57,1945,1818,691,1856,0
8,58,1945,1818,1104,657,0
8,59,1945,1818,326,295,0
8,60,1945,1818,2355,1634,0
8,61,1945,1818,981,1913,0
8,62,1945,1818,1569,1249,0
8,63,1945,1818,526,2411,0
8,64,1945,1818,234,659,0
8,65,1945,1818,282,145,0
8,66,1945,1818,2277,2466,0
8,67,1945,1818,869,213,0
8,68,1945,1818,382,2709,0
8,69,1945,1818,370,2819,0
8,70,1945,1818,1897,1399,0
8,71,1945,1818,2867,2702,0
8,72,1945,1818,2660,1168,0
8,73,1945,1818,51,572,0
8,74,1945,1818,2959,2364,0
8,75,1945,1818,220,1332,0
8,76,1945,1818,1764,2646,0
8,77,1945,1818,2399,2358,0
8,78,1945,1818,628,898,0
8,79,1945,1818,1998,2018,0
8,80,1945,1818,485,796,0
8,81,1945,1818,11,2314,0
8,82,1945,1818,55,2348,0
8,83,1945,1818,2951,586,0
8,84,1945,1818,972,630,0
8,85,1945,1818,2272,663,0
8,86,1945,1818,2187,1884,0
8,87,1945,1818,835,2771,0
8,88,1945,1818,1205,1326,0
8,89,1945,1818,1932,616,0
8,90,1945,1818,1276,50,0
8,91,1945,1818,1968,2093,0
8,92,1945,1818,834,1683,0
8,93,1945,1818,1092,318,0
8,94,1945,1818,1408,102,0
8,95,1945,1818,1162,1463,0
8,96,1945,1818,2454,81,0
8,97,1945,1818,1027,1503,0
8,98,1945,1818,328,2685,0
8,99,1945,1818,1047,1127,0
8,100,1945,1818,2376,2097,0
8,101,1945,1818,1507,2064,0
8,102,1945,1818,1735,1517,0
8,103,1945,1818,2111,103,0
8,104,1945,1818,21,329,0
8,105,1945,1818,2868,849,0
8,106,1945,1818,1471,167,0
8,107,1945,1818,2373,783,0
8,108,1945,1818,2621,1680,0
8,109,1945,1818,170,2120,0
8,110,1945,1818,2377,1545,0
8,111,1945,1818,910,2380,0
8,112,1945,1818,1661,2195,0
8,113,1945,1818,2991,2168,0
8,114,1945,1818,546,1098,0
8,115,1945,1818,1623,2891,0
8,116,1945,1818,869,1014,0
8,117,1945,1818,2629,835,0
8,118,1945,1818,451,822,0
8,119,1945,1818,1715,636,0
8,120,1945,1818,1598,516,0
8,121,1945,1818,611,1374,0
8,122,1945,1818,573,26,0
8,123,1945,1818,2071,2923,0
8,124,1945,1818,51,271,0
8,125,1945,1818,875,769,0
8,126,1945,1818,152,2740,0
8,127,1945,1818,1986,213,0
8,128,1945,1818,1386,1070,0
8,129,1945,1818,2517,1148,0
8,130,1945,1818,1211,24,0
8,131,1945,1818,2910,1043,0
8,132,1945,1818,2000,1243,0
9,0,1634,1385,1768,2264,0
9,1,1634,1385,2913,2734,0
9,2,1634,1385,1215,1942,0
9,3,1634,1385,2051,1971,0
9,4,1634,1385,160,1001,0
9,5,1634,1385,593,821,0
9,6,1634,1385,2145,2101,0
9,7,1634,1385,278,1608,0
9,8,1634,1385,1945,1818,0
9,10,1634,1385,1218,2354,0
9,11,1634,1385,1358,761,0
9,12,1634,1385,2639,274,0
9,13,1634,1385,941,2731,0
9,14,1634,1385,720,403,0
9,15,1634,1385,1392,2291,0
9,16,1634,1385,1876,1945,0
9,17,1634,1385,1569,812,0
9,18,1634,1385,2424,1961,0
9,19,1634,1385,608,1259,0
9,20,1634,1385,192,2342,0
9,21,1634,1385,2422,1595,0
9,22,1634,1385,2722,1804,0
9,23,1634,1385,758,652,0
9,24,1634,1385,2169,2647,0
9,25,1634,1385,48,2991,0
9,26,1634,1385,1766,2358,0
9,27,1634,1385,1735,1517,0
9,28,1634,1385,2661,1773,0
9,29,1634,1385,1563,1335,0
9,30,1634,1385,2769,1586,0
9,31,1634,1385,1591,376,0
9,32,1634,1385,635,1666,0
9,33,1634,1385,2292,1709,0
9,34,1634,1385,1578,1883,0
9,35,1634,1385,2704,1270,0
9,36,1634,1385,828,1169,0
9,37,1634,1385,1910,637,0
9,38,1634,1385,652,2960,0
9,39,1634,1385,1942,2679,0
9,40,1634,1385,1988,920,0
9,41,1634,1385,965,1686,0
9,42,1634,1385,1232,1238,0
9,43,1634,1385,1594,2306,0
9,44,1634,1385,1777,694,0
9,45,1634,1385,2160,1907,0
9,46,1634,1385,2318,2824,0
9,47,1634,1385,155,1778,0
9,48,1634,1385,2364,509,0
9,49,1634,1385,2385,1990,0
9,50,1634,1385,907,2812,0
9,51,1634,1385,645,1169,0
9,52,1634,1385,1928,970,0
9,53,1634,1385,976,2073,0
9,54,1634,1385,2932,2921,0
9,55,1634,1385,2813,381,0
9,56,1634,1385,710,2734,0
9,57,1634,1385,691,1856,0
9,58,1634,1385,1104,657,0
9,59,1634,1385,326,295,0
9,60,1634,1385,2355,1634,0
9,61,1634,1385,981,1913,0
9,62,1634,1385,1569,1249,0
9,63,1634,1385,526,2411,0
9,64,1634,1385,234,659,0
9,65,1634,1385,282,145,0
9,66,1634,1385,2277,2466,0
9,67,1634,1385,869,213,0
9,68,1634,1385,382,2709,0
9,69,1634,1385,370,2819,0
9,70,1634,1385,1897,1399,0
9,71,1634,1385,2867,2702,0
9,72,1634,1385,2660,1168,0
9,73,1634,1385,51,572,0
9,74,1634,1385,2959,2364,0
9,75,1634,1385,220,1332,0
9,76,1634,1385,1764,2646,0
9,77,1634,1385,2399,2358,0
9,78,1634,1385,628,898,0
9,79,1634,1385,1998,2018,0
9,80,1634,1385,485,796,0
9,81,1634,1385,11,2314,0
9,82,1634,1385,55,2348,0
9,83,1634,1385,2951,586,0
9,84,1634,1385,972,630,0
9,85,1634,1385,2272,663,0
9,86,1634,1385,2187,1884,0
9,87,1634,1385,835,2771,0
9,88,1634,1385,1205,1326,0
9,89,1634,1385,1932,616,0
9,90,1634,1385,1276,50,0
9,91,1634,1385,1968,2093,0
9,92,1634,1385,834,1683,0
9,93,1634,1385,1092,318,0
9,94,1634,1385,1408,102,0
9,95,1634,1385,1162,1463,0
9,96,1634,1385,2454,81,0
9,97,1634,1385,1027,1503,0
9,98,1634,1385,328,2685,0
9,99,1634,1385,1047,1127,0
9,100,1634,1385,2376,2097,0
9,101,1634,1385,1507,2064,0
9,102,1634,1385,1735,1517,1
9,103,1634,1385,2111,103,0
9,104,1634,1385,21,329,0
9,105,1634,1385,2868,849,0
9,106,1634,1385,1471,167,0
9,107,1634,1385,2373,783,0
9,108,1634,1385,2621,1680,0
9,109,1634,1385,170,2120,0
9,110,1634,1385,2377,1545,0
9,111,1634,1385,910,2380,0
9,112,1634,1385,1661,2195,0
9,113,1634,1385,2991,2168,0
9,114,1634,1385,546,1098,0
9,115,1634,1385,1623,2891,0
9,116,1634,1385,869,1014,0
9,117,1634,1385,2629,835,0
9,118,1634,1385,451,822,0
9,119,1634,1385,1715,636,0
9,120,1634,1385,1598,516,0
9,121,1634,1385,611,1374,0
9,122,1634,1385,573,26,0
9,123,1634,1385,2071,2923,0
9,124,1634,1385,51,271,0
9,125,1634,1385,875,769,0
9,126,1634,1385,152,2740,0
9,127,1634,1385,1986,213,0
9,128,1634,1385,1386,1070,0
9,129,1634,1385,2517,1148,0
9,130,1634,1385,1211,24,0
9,131,1634,1385,2910,1043,0
9,132,1634,1385,2000,1243,0
10,0,1218,2354,1768,2264,0
10,1,1218,2354,2913,2734,0
10,2,1218,2354,1215,1942,0
10,3,1218,2354,2051,1971,0
10,4,1218,2354,160,1001,0
10,5,1218,2354,593,821,0
10,6,1218,2354,2145,2101,0
10,7,1218,2354,278,1608,0
10,8,1218,2354,1945,1818,0
10,9,1218,2354,1634,1385,0
10,11,1218,2354,1358,761,0
10,12,1218,2354,2639,274,0
10,13,1218,2354,941,2731,0
10,14,1218,2354,720,403,0
10,15,1218,2354,1392,2291,1
10,16,1218,2354,1876,1945,0
10,17,1218,2354,1569,812,0
10,18,1218,2354,2424,1961,0
10,19,1218,2354,608,1259,0
10,20,1218,2354,192,2342,0
10,21,1218,2354,2422,1595,0
10,22,1218,2354,2722,1804,0
10,23,1218,2354,758,652,0
10,24,1218,2354,2169,2647,0
10,25,1218,2354,48,2991,0
10,26,1218,2354,1766,2358,0
10,27,1218,2354,1735,1517,0
10,28,1218,2354,2661,1773,0
10,29,1218,2354,1563,1335,0
10,30,1218,2354,2769,1586,0
10,31,1218,2354,1591,376,0
10,32,1218,2354,635,1666,0
10,33,1218,2354,2292,1709,0
10,34,1218,2354,1578,1883,0
10,35,1218,2354,2704,1270,0
10,36,1218,2354,828,1169,0
10,37,1218,2354,1910,637,0
10,38,1218,2354,652,2960,0
10,39,1218,2354,1942,2679,0
10,40,1218,2354,1988,920,0
10,41,1218,2354,965,1686,0
10,42,1218,2354,1232,1238,0
10,43,1218,2354,1594,2306,0
10,44,1218,2354,1777,694,0
10,45,1218,2354,2160,1907,0
10,46,1218,2354,2318,2824,0
10,47,1218,2354,155,1778,0
10,48,1218,2354,2364,509,0
10,49,1218,2354,2385,1990,0
10,50,1218,2354,907,2812,0
10,51,1218,2354,645,1169,0
10,52,1218,2354,1928,970,0
10,53,1218,2354,976,2073,0
10,54,1218,2354,2932,2921,0
10,55,1218,2354,2813,381,0
10,56,1218,2354,710,2734,0
10,57,1218,2354,691,1856,0
10,58,1218,2354,1104,657,0
10,59,1218,2354,326,295,0
10,60,1218,2354,2355,1634,0
10,61,1218,2354,981,1913,0
10,62,1218,2354,1569,1249,0
10,63,1218,2354,526,2411,0
10,64,1218,2354,234,659,0
10,65,1218,2354,282,145,0
10,66,1218,2354,2277,2466,0
10,67,1218,2354,869,213,0
10,68,1218,2354,382,2709,0
10,69,1218,2354,370,2819,0
10,70,1218,2354,1897,1399,0
10,71,1218,2354,2867,2702,0
10,72,1218,2354,2660,1168,0
10,73,1218,2354,51,572,0
10,74,1218,2354,2959,2364,0
10,75,1218,2354,220,1332,0
10,76,1218,2354,1764,2646,0
10,77,1218,2354,2399,2358,0
10,78,1218,2354,628,898,0
10,79,1218,2354,1998,2018,0
10,80,1218,2354,485,796,0
10,81,1218,2354,11,2314,0
10,82,1218,2354,55,2348,0
10,83,1218,2354,2951,586,0
10,84,1218,2354,972,630,0
10,85,1218,2354,2272,663,0
10,86,1218,2354,2187,1884,0
10,87,1218,2354,835,2771,0
10,88,1218,2354,1205,1326,0
10,89,1218,2354,1932,616,0
10,90,1218,2354,1276,50,0
10,91,1218,2354,1968,2093,0
10,92,1218,2354,834,1683,0
10,93,1218,2354,1092,318,0
10,94,1218,2354,1408,102,0
10,95,1218,2354,1162,1463,0
10,96,1218,2354,2454,81,0
10,97,1218,2354,1027,1503,0
10,98,1218,2354,328,2685,0
10,99,1218,2354,1047,1127,0
10,100,1218,2354,2376,2097,0
10,101,1218,2354,1507,2064,0
10,102,1218,2354,1735,1517,0
10,103,1218,2354,2111,103,0
10,104,1218,2354,21,329,0
10,105,1218,2354,2868,849,0
10,106,1218,2354,1471,167,0
10,107,1218,2354,2373,783,0
10,108,1218,2354,2621,1680,0
10,109,1218,2354,170,2120,0
10,110,1218,2354,2377,1545,0
10,111,1218,2354,910,2380,0
10,112,1218,2354,1661,2195,0
10,113,1218,2354,2991,2168,0
10,114,1218,2354,546,1098,0
10,115,1218,2354,1623,2891,0
10,116,1218,2354,869,1014,0
10,117,1218,2354,2629,835,0
10,118,1218,2354,451,822,0
10,119,1218,2354,1715,636,0
10,120,1218,2354,1598,516,0
10,121,1218,2354,611,1374,0
10,122,1218,2354,573,26,0
10,123,1218,2354,2071,2923,0
10,124,1218,2354,51,271,0
10,125,1218,2354,875,769,0
10,126,1218,2354,152,2740,0
10,127,1218,2354,1986,213,0
10,128,1218,2354,1386,1070,0
10,129,1218,2354,2517,1148,0
10,130,1218,2354,1211,24,0
10,131,1218,2354,2910,1043,0
10,132,1218,2354,2000,1243,0
11,0,1358,761,1768,2264,0
11,1,1358,761,2913,2734,0
11,2,1358,761,1215,1942,0
11,3,1358,761,2051,1971,0
11,4,1358,761,160,1001,0
11,5,1358,761,593,821,0
11,6,1358,761,2145,2101,0
11,7,1358,761,278,1608,0
11,8,1358,761,1945,1818,0
11,9,1358,761,1634,1385,0
11,10,1358,761,1218,2354,0
11,12,1358,761,2639,274,0
11,13,1358,761,941,2731,0
11,14,1358,761,720,403,0
11,15,1358,761,1392,2291,0
11,16,1358,761,1876,1945,0
11,17,1358,761,1569,812,1
11,18,1358,761,2424,1961,0
11,19,1358,761,608,1259,0
11,20,1358,761,192,2342,0
11,21,1358,761,2422,1595,0
11,22,1358,761,2722,1804,0
11,23,1358,761,758,652,0
11,24,1358,761,2169,2647,0
11,25,1358,761,48,2991,0
11,26,1358,761,1766,2358,0
11,27,1358,761,1735,1517,0
11,28,1358,761,2661,1773,0
11,29,1358,761,1563,1335,0
11,30,1358,761,2769,1586,0
11,31,1358,761,1591,376,0
11,32,1358,761,635,1666,0
11,33,1358,761,2292,1709,0
11,34,1358,761,1578,1883,0
11,35,1358,761,2704,1270,0
11,36,1358,761,828,1169,0
11,37,1358,761,1910,637,0
11,38,1358,761,652,2960,0
11,39,1358,761,1942,2679,0
11,40,1358,761,1988,920,0
11,41,1358,761,965,1686,0
11,42,1358,761,1232,1238,0
11,43,1358,761,1594,2306,0
11,44,1358,761,1777,694,0
11,45,1358,761,2160,1907,0
11,46,1358,761,2318,2824,0
11,47,1358,761,155,1778,0
11,48,1358,761,2364,509,0
11,49,1358,761,2385,1990,0
11,50,1358,761,907,2812,0
11,51,1358,761,645,1169,0
11,52,1358,761,1928,970,0
11,53,1358,761,976,2073,0
11,54,1358,761,2932,2921,0
11,55,1358,761,2813,381,0
11,56,1358,761,710,2734,0
11,57,1358,761,691,1856,0
11,58,1358,761,1104,657,0
11,59,1358,761,326,295,0
11,60,1358,761,2355,1634,0
11,61,1358,761,981,1913,0
11,62,1358,761,1569,1249,0
11,63,1358,761,526,2411,0
11,64,1358,761,234,659,0
11,65,1358,761,282,145,0
11,66,1358,761,2277,2466,0
11,67,1358,761,869,213,0
11,68,1358,761,382,2709,0
11,69,1358,761,370,2819,0
11,70,1358,761,1897,1399,0
11,71,1358,761,2867,2702,0
11,72,1358,761,2660,1168,0
11,73,1358,761,51,572,0
11,74,1358,761,2959,2364,0
11,75,1358,761,220,1332,0
11,76,1358,761,1764,2646,0
11,77,1358,761,2399,2358,0
11,78,1358,761,628,898,0
11,79,1358,761,1998,2018,0
11,80,1358,761,485,796,0
11,81,1358,761,11,2314,0
11,82,1358,761,55,2348,0
11,83,1358,761,2951,586,0
11,84,1358,761,972,630,0
11,85,1358,761,2272,663,0
11,86,1358,761,2187,1884,0
11,87,1358,761,835,2771,0
11,88,1358,761,1205,1326,0
11,89,1358,761,1932,616,0
11,90,1358,761,1276,50,0
11,91,1358,761,1968,2093,0
11,92,1358,761,834,1683,0
11,93,1358,761,1092,318,0
11,94,1358,761,1408,102,0
11,95,1358,761,1162,1463,0
11,96,1358,761,2454,81,0
11,97,1358,761,1027,1503,0
11,98,1358,761,328,2685,0
11,99,1358,761,1047,1127,0
11,100,1358,761,2376,2097,0
11,101,1358,761,1507,2064,0
11,102,1358,761,1735,1517,0
11,103,1358,761,2111,103,0
11,104,1358,761,21,329,0
11,105,1358,761,2868,849,0
11,106,1358,761,1471,167,0
11,107,1358,761,2373,783,0
11,108,1358,761,2621,1680,0
11,109,1358,761,170,2120,0
11,110,1358,761,2377,1545,0
11,111,1358,761,910,2380,0
11,112,1358,761,1661,2195,0
11,113,1358,761,2991,2168,0
11,114,1358,761,546,1098,0
11,115,1358,761,1623,2891,0
11,116,1358,761,869,1014,0
11,117,1358,761,2629,835,0
11,118,1358,761,451,822,0
11,119,1358,761,1715,636,0
11,120,1358,761,1598,516,0
11,121,1358,761,611,1374,0
11,122,1358,761,573,26,0
11,123,1358,761,2071,2923,0
11,124,1358,761,51,271,0
11,125,1358,761,875,769,0
11,126,1358,761,152,2740,0
11,127,1358,761,1986,213,0
11,128,1358,761,1386,1070,0
11,129,1358,761,2517,1148,0
11,130,1358,761,1211,24,0
11,131,1358,761,2910,1043,0
11,132,1358,761,2000,1243,0
12,0,2639,274,1768,2264,0
12,1,2639,274,2913,2734,0
12,2,2639,274,1215,1942,0
12,3,2639,274,2051,1971,0
12,4,2639,274,160,1001,0
12,5,2639,274,593,821,0
12,6,2639,274,2145,2101,0
12,7,2639,274,278,1608,0
12,8,2639,274,1945,1818,0
12,9,2639,274,1634,1385,0
12,10,2639,274,1218,2354,0
12,11,2639,274,1358,761,0
12,13,2639,274,941,2731,0
12,14,2639,274,720,403,0
12,15,2639,274,1392,2291,0
12,16,2639,274,1876,1945,0
12,17,2639,274,1569,812,0
12,18,2639,274,2424,1961,0
12,19,2639,274,608,1259,0
12,20,2639,274,192,2342,0
12,21,2639,274,2422,1595,0
12,22,2639,274,2722,1804,0
12,23,2639,274,758,652,0
12,24,2639,274,2169,2647,0
12,25,2639,274,48,2991,0
12,26,2639,274,1766,2358,0
12,27,2639,274,1735,1517,0
12,28,2639,274,2661,1773,0
12,29,2639,274,1563,1335,0
12,30,2639,274,2769,1586,0
12,31,2639,274,1591,376,0
12,32,2639,274,635,1666,0
12,33,2639,274,2292,1709,0
12,34,2639,274,1578,1883,0
12,35,2639,274,2704,1270,0
12,36,2639,274,828,1169,0
12,37,2639,274,1910,637,0
12,38,2639,274,652,2960,0
12,39,2639,274,1942,2679,0
12,40,2639,274,1988,920,0
12,41,2639,274,965,1686,0
12,42,2639,274,1232,1238,0
12,43,2639,274,1594,2306,0
12,44,2639,274,1777,694,0
12,45,2639,274,2160,1907,0
12,46,2639,274,2318,2824,0
12,47,2639,274,155,1778,0
12,48,2639,274,2364,509,0
12,49,2639,274,2385,1990,0
12,50,2639,274,907,2812,0
12,51,2639,274,645,1169,0
12,52,2639,274,1928,970,0
12,53,2639,274,976,2073,0
12,54,2639,274,2932,2921,0
12,55,2639,274,2813,381,0
12,56,2639,274,710,2734,0
12,57,2639,274,691,1856,0
12,58,2639,274,1104,657,0
12,59,2639,274,326,295,0
12,60,2639,274,2355,1634,0
12,61,2639,274,981,1913,0
12,62,2639,274,1569,1249,0
12,63,2639,274,526,2411,0
12,64,2639,274,234,659,0
12,65,2639,274,282,145,0
12,66,2639,274,2277,2466,0
12,67,2639,274,869,213,0
12,68,2639,274,382,2709,0
12,69,2639,274,370,2819,0
12,70,2639,274,1897,1399,0
12,71,2639,274,2867,2702,0
12,72,2639,274,2660,1168,0
12,73,2639,274,51,572,0
12,74,2639,274,2959,2364,0
12,75,2639,274,220,1332,0
12,76,2639,274,1764,2646,0
12,77,2639,274,2399,2358,0
12,78,2639,274,628,898,0
12,79,2639,274,1998,2018,0
12,80,2639,274,485,796,0
12,81,2639,274,11,2314,0
12,82,2639,274,55,2348,0
12,83,2639,274,2951,586,0
12,84,2639,274,972,630,0
12,85,2639,274,2272,663,0
12,86,2639,274,2187,1884,0
12,87,2639,274,835,2771,0
12,88,2639,274,1205,1326,0
12,89,2639,274,1932,616,0
12,90,2639,274,1276,50,0
12,91,2639,274,1968,2093,0
12,92,2639,274,834,1683,0
12,93,2639,274,1092,318,0
12,94,2639,274,1408,102,0
12,95,2639,274,1162,1463,0
12,96,2639,274,2454,81,1
12,97,2639,274,1027,1503,0
12,98,2639,274,328,2685,0
12,99,2639,274,1047,1127,0
12,100,2639,274,2376,2097,0
12,101,2639,274,1507,2064,0
12,102,2639,274,1735,1517,0
12,103,2639,274,2111,103,0
12,104,2639,274,21,329,0
12,105,2639,274,2868,849,0
12,106,2639,274,1471,167,0
12,107,2639,274,2373,783,0
12,108,2639,274,2621,1680,0
12,109,2639,274,170,2120,0
12,110,2639,274,2377,1545,0
12,111,2639,274,910,2380,0
12,112,2639,274,1661,2195,0
12,113,2639,274,2991,2168,0
12,114,2639,274,546,1098,0
12,115,2639,274,1623,2891,0
12,116,2639,274,869,1014,0
12,117,2639,274,2629,835,0
12,118,2639,274,451,822,0
12,119,2639,274,1715,636,0
12,120,2639,274,1598,516,0
12,121,2639,274,611,1374,0
12,122,2639,274,573,26,0
12,123,2639,274,2071,2923,0
12,124,2639,274,51,271,0
12,125,2639,274,875,769,0
12,126,2639,274,152,2740,0
12,127,2639,274,1986,213,0
12,128,2639,274,1386,1070,0
12,129,2639,274,2517,1148,0
12,130,2639,274,1211,24,0
12,131,2639,274,2910,1043,0
12,132,2639,274,2000,1243,0
13,0,941,2731,1768,2264,0
13,1,941,2731,2913,2734,0
13,2,941,2731,1215,1942,0
13,3,941,2731,2051,1971,0
13,4,941,2731,160,1001,0
13,5,941,2731,593,821,0
13,6,941,2731,2145,2101,0
13,7,941,2731,278,1608,0
13,8,941,2731,1945,1818,0
13,9,941,2731,1634,1385,0
13,10,941,2731,1218,2354,0
13,11,941,2731,1358,761,0
13,12,941,2731,2639,274,0
13,14,941,2731,720,403,0
13,15,941,2731,1392,2291,0
13,16,941,2731,1876,1945,0
13,17,941,2731,1569,812,0
13,18,941,2731,2424,1961,0
13,19,941,2731,608,1259,0
13,20,941,2731,192,2342,0
13,21,941,2731,2422,1595,0
13,22,941,2731,2722,1804,0
13,23,941,2731,758,652,0
13,24,941,2731,2169,2647,0
13,25,941,2731,48,2991,0
13,26,941,2731,1766,2358,0
13,27,941,2731,1735,1517,0
13,28,941,2731,2661,1773,0
13,29,941,2731,1563,1335,0
13,30,941,2731,2769,1586,0
13,31,941,2731,1591,376,0
13,32,941,2731,635,1666,0
13,33,941,2731,2292,1709,0
13,34,941,2731,1578,1883,0
13,35,941,2731,2704,1270,0
13,36,941,2731,828,1169,0
13,37,941,2731,1910,637,0
13,38,941,2731,652,2960,0
13,39,941,2731,1942,2679,0
13,40,941,2731,1988,920,0
13,41,941,2731,965,1686,0
13,42,941,2731,1232,1238,0
13,43,941,2731,1594,2306,0
13,44,941,2731,1777,694,0
13,45,941,2731,2160,1907,0
13,46,941,2731,2318,2824,0
13,47,941,2731,155,1778,0
13,48,941,2731,2364,509,0
13,49,941,2731,2385,1990,0
13,50,941,2731,907,2812,0
13,51,941,2731,645,1169,0
13,52,941,2731,1928,970,0
13,53,941,2731,976,2073,0
13,54,941,2731,2932,2921,0
13,55,941,2731,2813,381,0
13,56,941,2731,710,2734,0
13,57,941,2731,691,1856,0
13,58,941,2731,1104,657,0
13,59,941,2731,326,295,0
13,60,941,2731,2355,1634,0
13,61,941,2731,981,1913,0
13,62,941,2731,1569,1249,0
13,63,941,2731,526,2411,0
13,64,941,2731,234,659,0
13,65,941,2731,282,145,0
13,66,941,2731,2277,2466,0
13,67,941,2731,869,213,0
13,68,941,2731,382,2709,0
13,69,941,2731,370,2819,0
13,70,941,2731,1897,1399,0
13,71,941,2731,2867,2702,0
13,72,941,2731,2660,1168,0
13,73,941,2731,51,572,0
13,74,941,2731,2959,2364,0
13,75,941,2731,220,1332,0
13,76,941,2731,1764,2646,0
13,77,941,2731,2399,2358,0
13,78,941,2731,628,898,0
13,79,941,2731,1998,2018,0
13,80,941,2731,485,796,0
13,81,941,2731,11,2314,0
13,82,941,2731,55,2348,0
13,83,941,2731,2951,586,0
13,84,941,2731,972,630,0
13,85,941,2731,2272,663,0
13,86,941,2731,2187,1884,0
13,87,941,2731,835,2771,0
13,88,941,2731,1205,1326,0
13,89,941,2731,1932,616,0
13,90,941,2731,1276,50,0
13,91,941,2731,1968,2093,0
13,92,941,2731,834,1683,0
13,93,941,2731,1092,318,0
13,94,941,2731,1408,102,0
13,95,941,2731,1162,1463,0
13,96,941,2731,2454,81,0
13,97,941,2731,1027,1503,0
13,98,941,2731,328,2685,0
13,99,941,2731,1047,1127,0
13,100,941,2731,2376,2097,0
13,101,941,2731,1507,2064,0
13,102,941,2731,1735,1517,0
13,103,941,2731,2111,103,0
13,104,941,2731,21,329,0
13,105,941,2731,2868,849,0
13,106,941,2731,1471,167,0
13,107,941,2731,2373,783,0
13,108,941,2731,2621,1680,0
13,109,941,2731,170,2120,0
13,110,941,2731,2377,1545,0
13,111,941,2731,910,2380,1
13,112,941,2731,1661,2195,0
13,113,941,2731,2991,2168,0
13,114,941,2731,546,1098,0
13,115,941,2731,1623,2891,0
13,116,941,2731,869,1014,0
13,117,941,2731,2629,835,0
13,118,941,2731,451,822,0
13,119,941,2731,1715,636,0
13,120,941,2731,1598,516,0
13,121,941,2731,611,1374,0
13,122,941,2731,573,26,0
13,123,941,2731,2071,2923,0
13,124,941,2731,51,271,0
13,125,941,2731,875,769,0
13,126,941,2731,152,2740,0
13,127,941,2731,1986,213,0
13,128,941,2731,1386,1070,0
13,129,941,2731,2517,1148,0
13,130,941,2731,1211,24,0
13,131,941,2731,2910,1043,0
13,132,941,2731,2000,1243,0
14,0,720,403,1768,2264,0
14,1,720,403,2913,2734,0
14,2,720,403,1215,1942,0
14,3,720,403,2051,1971,0
14,4,720,403,160,1001,0
14,5,720,403,593,821,0
14,6,720,403,2145,2101,0
14,7,720,403,278,1608,0
14,8,720,403,1945,1818,0
14,9,720,403,1634,1385,0
14,10,720,403,1218,2354,0
14,11,720,403,1358,761,0
14,12,720,403,2639,274,0
14,13,720,403,941,2731,0
14,15,720,403,1392,2291,0
14,16,720,403,1876,1945,0
14,17,720,403,1569,812,0
14,18,720,403,2424,1961,0
14,19,720,403,608,1259,0
14,20,720,403,192,2342,0
14,21,720,403,2422,1595,0
14,22,720,403,2722,1804,0
14,23,720,403,758,652,0
14,24,720,403,2169,2647,0
14,25,720,403,48,2991,0
14,26,720,403,1766,2358,0
14,27,720,403,1735,1517,0
14,28,720,403,2661,1773,0
14,29,720,403,1563,1335,0
14,30,720,403,2769,1586,0
14,31,720,403,1591,376,0
14,32,720,403,635,1666,0
14,33,720,403,2292,1709,0
14,34,720,403,1578,1883,0
14,35,720,403,2704,1270,0
14,36,720,403,828,1169,0
14,37,720,403,1910,637,0
14,38,720,403,652,2960,0
14,39,720,403,1942,2679,0
14,40,720,403,1988,920,0
14,41,720,403,965,1686,0
14,42,720,403,1232,1238,0
14,43,720,403,1594,2306,0
14,44,720,403,1777,694,0
14,45,720,403,2160,1907,0
14,46,720,403,2318,2824,0
14,47,720,403,155,1778,0
14,48,720,403,2364,509,0
14,49,720,403,2385,1990,0
14,50,720,403,907,2812,0
14,51,720,403,645,1169,0
14,52,720,403,1928,970,0
14,53,720,403,976,2073,0
14,54,720,403,2932,2921,0
14,55,720,403,2813,381,0
14,56,720,403,710,2734,0
14,57,720,403,691,1856,0
14,58,720,403,1104,657,0
14,59,720,403,326,295,0
14,60,720,403,2355,1634,0
14,61,720,403,981,1913,0
14,62,720,403,1569,1249,0
14,63,720,403,526,2411,0
14,64,720,403,234,659,0
14,65,720,403,282,145,0
14,66,720,403,2277,2466,0
14,67,720,403,869,213,0
14,68,720,403,382,2709,0
14,69,720,403,370,2819,0
14,70,720,403,1897,1399,0
14,71,720,403,2867,2702,0
14,72,720,403,2660,1168,0
14,73,720,403,51,572,0
14,74,720,403,2959,2364,0
14,75,720,403,220,1332,0
14,76,720,403,1764,2646,0
14,77,720,403,2399,2358,0
14,78,720,403,628,898,0
14,79,720,403,1998,2018,0
14,80,720,403,485,796,0
14,81,720,403,11,2314,0
14,82,720,403,55,2348,0
14,83,720,403,2951,586,0
14,84,720,403,972,630,0
14,85,720,403,2272,663,0
14,86,720,403,2187,1884,0
14,87,720,403,835,2771,0
14,88,720,403,1205,1326,0
14,89,720,403,1932,616,0
14,90,720,403,1276,50,0
14,91,720,403,1968,2093,0
14,92,720,403,834,1683,0
14,93,720,403,1092,318,0
14,94,720,403,1408,102,0
14,95,720,403,1162,1463,0
14,96,720,403,2454,81,0
14,97,720,403,1027,1503,0
14,98,720,403,328,2685,0
14,99,720,403,1047,1127,0
14,100,720,403,2376,2097,0
14,101,720,403,1507,2064,0
14,102,720,403,1735,1517,0
14,103,720,403,2111,103,0
14,104,720,403,21,329,0
14,105,720,403,2868,849,0
14,106,720,403,1471,167,0
14,107,720,403,2373,783,0
14,108,720,403,2621,1680,0
14,109,720,403,170,2120,0
14,110,720,403,2377,1545,0
14,111,720,403,910,2380,0
14,112,720,403,1661,2195,0
14,113,720,403,2991,2168,0
14,114,720,403,546,1098,0
14,115,720,403,1623,2891,0
14,116,720,403,869,1014,0
14,117,720,403,2629,835,0
14,118,720,403,451,822,0
14,119,720,403,1715,636,0
14,120,720,403,1598,516,0
14,121,720,403,611,1374,0
14,122,720,403,573,26,1
14,123,720,403,2071,2923,0
14,124,720,403,51,271,0
14,125,720,403,875,769,0
14,126,720,403,152,2740,0
14,127,720,403,1986,213,0
14,128,720,403,1386,1070,0
14,129,720,403,2517,1148,0
14,130,720,403,1211,24,0
14,131,720,403,2910,1043,0
14,132,720,403,2000,1243,0
15,0,1392,2291,1768,2264,0
15,1,1392,2291,2913,2734,0
15,2,1392,2291,1215,1942,0
15,3,1392,2291,2051,1971,0
15,4,1392,2291,160,1001,0
15,5,1392,2291,593,821,0
15,6,1392,2291,2145,2101,0
15,7,1392,2291,278,1608,0
15,8,1392,2291,1945,1818,0
15,9,1392,2291,1634,1385,0
15,10,1392,2291,1218,2354,0
15,11,1392,2291,1358,761,0
15,12,1392,2291,2639,274,0
15,13,1392,2291,941,2731,0
15,14,1392,2291,720,403,0
15,16,1392,2291,1876,1945,0
15,17,1392,2291,1569,812,0
15,18,1392,2291,2424,1961,0
15,19,1392,2291,608,1259,0
15,20,1392,2291,192,2342,0
15,21,1392,2291,2422,1595,0
15,22,1392,2291,2722,1804,0
15,23,1392,2291,758,652,0
15,24,1392,2291,2169,2647,0
15,25,1392,2291,48,2991,0
15,26,1392,2291,1766,2358,0
15,27,1392,2291,1735,1517,0
15,28,1392,2291,2661,1773,0
15,29,1392,2291,1563,1335,0
15,30,1392,2291,2769,1586,0
15,31,1392,2291,1591,376,0
15,32,1392,2291,635,1666,0
15,33,1392,2291,2292,1709,0
15,34,1392,2291,1578,1883,0
15,35,1392,2291,2704,1270,0
15,36,1392,2291,828,1169,0
15,37,1392,2291,1910,637,0
15,38,1392,2291,652,2960,0
15,39,1392,2291,1942,2679,0
15,40,1392,2291,1988,920,0
15,41,1392,2291,965,1686,0
15,42,1392,2291,1232,1238,0
15,43,1392,2291,1594,2306,1
15,44,1392,2291,1777,694,0
15,45,1392,2291,2160,1907,0
15,46,1392,2291,2318,2824,0
15,47,1392,2291,155,1778,0
15,48,1392,2291,2364,509,0
15,49,1392,2291,2385,1990,0
15,50,1392,2291,907,2812,0
15,51,1392,2291,645,1169,0
15,52,1392,2291,1928,970,0
15,53,1392,2291,976,2073,0
15,54,1392,2291,2932,2921,0
15,55,1392,2291,2813,381,0
15,56,1392,2291,710,2734,0
15,57,1392,2291,691,1856,0
15,58,1392,2291,1104,657,0
15,59,1392,2291,326,295,0
15,60,1392,2291,2355,1634,0
15,61,1392,2291,981,1913,0
15,62,1392,2291,1569,1249,0
15,63,1392,2291,526,2411,0
15,64,1392,2291,234,659,0
15,65,1392,2291,282,145,0
15,66,1392,2291,2277,2466,0
15,67,1392,2291,869,213,0
15,68,1392,2291,382,2709,0
15,69,1392,2291,370,2819,0
15,70,1392,2291,1897,1399,0
15,71,1392,2291,2867,2702,0
15,72,1392,2291,2660,1168,0
15,73,1392,2291,51,572,0
15,74,1392,2291,2959,2364,0
15,75,1392,2291,220,1332,0
15,76,1392,2291,1764,2646,0
15,77,1392,2291,2399,2358,0
15,78,1392,2291,628,898,0
15,79,1392,2291,1998,2018,0
15,80,1392,2291,485,796,0
15,81,1392,2291,11,2314,0
15,82,1392,2291,55,2348,0
15,83,1392,2291,2951,586,0
15,84,1392,2291,972,630,0
15,85,1392,2291,2272,663,0
15,86,1392,2291,2187,1884,0
15,87,1392,2291,835,2771,0
15,88,1392,2291,1205,1326,0
15,89,1392,2291,1932,616,0
15,90,1392,2291,1276,50,0
15,91,1392,2291,1968,2093,0
15,92,1392,2291,834,1683,0
15,93,1392,2291,1092,318,0
15,94,1392,2291,1408,102,0
15,95,1392,2291,1162,1463,0
15,96,1392,2291,2454,81,0
15,97,1392,2291,1027,1503,0
15,98,1392,2291,328,2685,0
15,99,1392,2291,1047,1127,0
15,100,1392,2291,2376,2097,0
15,101,1392,2291,1507,2064,0
15,102,1392,2291,1735,1517,0
15,103,1392,2291,2111,103,0
15,104,1392,2291,21,329,0
15,105,1392,2291,2868,849,0
15,106,1392,2291,1471,167,0
15,107,1392,2291,2373,783,0
15,108,1392,2291,2621,1680,0
15,109,1392,2291,170,2120,0
15,110,1392,2291,2377,1545,0
15,111,1392,2291,910,2380,0
15,112,1392,2291,1661,2195,0
15,113,1392,2291,2991,2168,0
15,114,1392,2291,546,1098,0
15,115,1392,2291,1623,2891,0
15,116,1392,2291,869,1014,0
15,117,1392,2291,2629,835,0
15,118,1392,2291,451,822,0
15,119,1392,2291,1715,636,0
15,120,1392,2291,1598,516,0
15,121,1392,2291,611,1374,0
15,122,1392,2291,573,26,0
15,123,1392,2291,2071,2923,0
15,124,1392,2291,51,271,0
15,125,1392,2291,875,769,0
15,126,1392,2291,152,2740,0
15,127,1392,2291,1986,213,0
15,128,1392,2291,1386,1070,0
15,129,1392,2291,2517,1148,0
15,130,1392,2291,1211,24,0
15,131,1392,2291,2910,1043,0
15,132,1392,2291,2000,1243,0
16,0,1876,1945,1768,2264,0
16,1,1876,1945,2913,2734,0
16,2,1876,1945,1215,1942,0
16,3,1876,1945,2051,1971,0
16,4,1876,1945,160,1001,0
16,5,1876,1945,593,821,0
16,6,1876,1945,2145,2101,0
16,7,1876,1945,278,1608,0
16,8,1876,1945,1945,1818,0
16,9,1876,1945,1634,1385,0
16,10,1876,1945,1218,2354,0
16,11,1876,1945,1358,761,0
16,12,1876,1945,2639,274,0
16,13,1876,1945,941,2731,0
16,14,1876,1945,720,403,0
16,15,1876,1945,1392,2291,0
16,17,1876,1945,1569,812,0
16,18,1876,1945,2424,1961,0
16,19,1876,1945,608,1259,0
16,20,1876,1945,192,2342,0
16,21,1876,1945,2422,1595,0
16,22,1876,1945,2722,1804,0
16,23,1876,1945,758,652,0
16,24,1876,1945,2169,2647,0
16,25,1876,1945,48,2991,0
16,26,1876,1945,1766,2358,0
16,27,1876,1945,1735,1517,0
16,28,1876,1945,2661,1773,0
16,29,1876,1945,1563,1335,0
16,30,1876,1945,2769,1586,0
16,31,1876,1945,1591,376,0
16,32,1876,1945,635,1666,0
16,33,1876,1945,2292,1709,0
16,34,1876,1945,1578,1883,1
16,35,1876,1945,2704,1270,0
16,36,1876,1945,828,1169,0
16,37,1876,1945,1910,637,0
16,38,1876,1945,652,2960,0
16,39,1876,1945,1942,2679,0
16,40,1876,1945,1988,920,0
16,41,1876,1945,965,1686,0
16,42,1876,1945,1232,1238,0
16,43,1876,1945,1594,2306,0
16,44,1876,1945,1777,694,0
16,45,1876,1945,2160,1907,0
16,46,1876,1945,2318,2824,0
16,47,1876,1945,155,1778,0
16,48,1876,1945,2364,509,0
16,49,1876,1945,2385,1990,0
16,50,1876,1945,907,2812,0
16,51,1876,1945,645,1169,0
16,52,1876,1945,1928,970,0
16,53,1876,1945,976,2073,0
16,54,1876,1945,2932,2921,0
16,55,1876,1945,2813,381,0
16,56,1876,1945,710,2734,0
16,57,1876,1945,691,1856,0
16,58,1876,1945,1104,657,0
16,59,1876,1945,326,295,0
16,60,1876,1945,2355,1634,0
16,61,1876,1945,981,1913,0
16,62,1876,1945,1569,1249,0
16,63,1876,1945,526,2411,0
16,64,1876,1945,234,659,0
16,65,1876,1945,282,145,0
16,66,1876,1945,2277,2466,0
16,67,1876,1945,869,213,0
16,68,1876,1945,382,2709,0
16,69,1876,1945,370,2819,0
16,70,1876,1945,1897,1399,0
16,71,1876,1945,2867,2702,0
16,72,1876,1945,2660,1168,0
16,73,1876,1945,51,572,0
16,74,1876,1945,2959,2364,0
16,75,1876,1945,220,1332,0
16,76,1876,1945,1764,2646,0
16,77,1876,1945,2399,2358,0
16,78,1876,1945,628,898,0
16,79,1876,1945,1998,2018,0
16,80,1876,1945,485,796,0
16,81,1876,1945,11,2314,0
16,82,1876,1945,55,2348,0
16,83,1876,1945,2951,586,0
16,84,1876,1945,972,630,0
16,85,1876,1945,2272,663,0
16,86,1876,1945,2187,1884,0
16,87,1876,1945,835,2771,0
16,88,1876,1945,1205,1326,0
16,89,1876,1945,1932,616,0
16,90,1876,1945,1276,50,0
16,91,1876,1945,1968,2093,0
16,92,1876,1945,834,1683,0
16,93,1876,1945,1092,318,0
16,94,1876,1945,1408,102,0
16,95,1876,1945,1162,1463,0
16,96,1876,1945,2454,81,0
16,97,1876,1945,1027,1503,0
16,98,1876,1945,328,2685,0
16,99,1876,1945,1047,1127,0
16,100,1876,1945,2376,2097,0
16,101,1876,1945,1507,2064,0
16,102,1876,1945,1735,1517,0
16,103,1876,1945,2111,103,0
16,104,1876,1945,21,329,0
16,105,1876,1945,2868,849,0
16,106,1876,1945,1471,167,0
16,107,1876,1945,2373,783,0
16,108,1876,1945,2621,1680,0
16,109,1876,1945,170,2120,0
16,110,1876,1945,2377,1545,0
16,111,1876,1945,910,2380,0
16,112,1876,1945,1661,2195,0
16,113,1876,1945,2991,2168,0
16,114,1876,1945,546,1098,0
16,115,1876,1945,1623,2891,0
16,116,1876,1945,869,1014,0
16,117,1876,1945,2629,835,0
16,118,1876,1945,451,822,0
16,119,1876,1945,1715,636,0
16,120,1876,1945,1598,516,0
16,121,1876,1945,611,1374,0
16,122,1876,1945,573,26,0
16,123,1876,1945,2071,2923,0
16,124,1876,1945,51,271,0
16,125,1876,1945,875,769,0
16,126,1876,1945,152,2740,0
16,127,1876,1945,1986,213,0
16,128,1876,1945,1386,1070,0
16,129,1876,1945,2517,1148,0
16,130,1876,1945,1211,24,0
16,131,1876,1945,2910,1043,0
16,132,1876,1945,2000,1243,0
17,0,1569,812,1768,2264,0
17,1,1569,812,2913,2734,0
17,2,1569,812,1215,1942,0
17,3,1569,812,2051,1971,0
17,4,1569,812,160,1001,0
17,5,1569,812,593,821,0
17,6,1569,812,2145,2101,0
17,7,1569,812,278,1608,0
17,8,1569,812,1945,1818,0
17,9,1569,812,1634,1385,0
17,10,1569,812,1218,2354,0
17,11,1569,812,1358,761,0
17,12,1569,812,2639,274,0
17,13,1569,812,941,2731,0
17,14,1569,812,720,403,0
17,15,1569,812,1392,2291,0
17,16,1569,812,1876,1945,0
17,18,1569,812,2424,1961,0
17,19,1569,812,608,1259,0
17,20,1569,812,192,2342,0
17,21,1569,812,2422,1595,0
17,22,1569,812,2722,1804,0
17,23,1569,812,758,652,0
17,24,1569,812,2169,2647,0
17,25,1569,812,48,2991,0
17,26,1569,812,1766,2358,0
17,27,1569,812,1735,1517,0
17,28,1569,812,2661,1773,0
17,29,1569,812,1563,1335,0
17,30,1569,812,2769,1586,0
17,31,1569,812,1591,376,0
17,32,1569,812,635,1666,0
17,33,1569,812,2292,1709,0
17,34,1569,812,1578,1883,0
17,35,1569,812,2704,1270,0
17,36,1569,812,828,1169,0
17,37,1569,812,1910,637,0
17,38,1569,812,652,2960,0
17,39,1569,812,1942,2679,0
17,40,1569,812,1988,920,0
17,41,1569,812,965,1686,0
17,42,1569,812,1232,1238,0
17,43,1569,812,1594,2306,0
17,44,1569,812,1777,694,0
17,45,1569,812,2160,1907,0
17,46,1569,812,2318,2824,0
17,47,1569,812,155,1778,0
17,48,1569,812,2364,509,0
17,49,1569,812,2385,1990,0
17,50,1569,812,907,2812,0
17,51,1569,812,645,1169,0
17,52,1569,812,1928,970,0
17,53,1569,812,976,2073,0
17,54,1569,812,2932,2921,0
17,55,1569,812,2813,381,0
17,56,1569,812,710,2734,0
17,57,1569,812,691,1856,0
17,58,1569,812,1104,657,0
17,59,1569,812,326,295,0
17,60,1569,812,2355,1634,0
17,61,1569,812,981,1913,0
17,62,1569,812,1569,1249,0
17,63,1569,812,526,2411,0
17,64,1569,812,234,659,0
17,65,1569,812,282,145,0
17,66,1569,812,2277,2466,0
17,67,1569,812,869,213,0
17,68,1569,812,382,2709,0
17,69,1569,812,370,2819,0
17,70,1569,812,1897,1399,0
17,71,1569,812,2867,2702,0
17,72,1569,812,2660,1168,0
17,73,1569,812,51,572,0
17,74,1569,812,2959,2364,0
17,75,1569,812,220,1332,0
17,76,1569,812,1764,2646,0
17,77,1569,812,2399,2358,0
17,78,1569,812,628,898,0
17,79,1569,812,1998,2018,0
17,80,1569,812,485,796,0
17,81,1569,812,11,2314,0
17,82,1569,812,55,2348,0
17,83,1569,812,2951,586,0
17,84,1569,812,972,630,0
17,85,1569,812,2272,663,0
17,86,1569,812,2187,1884,0
17,87,1569,812,835,2771,0
17,88,1569,812,1205,1326,0
17,89,1569,812,1932,616,0
17,90,1569,812,1276,50,0
17,91,1569,812,1968,2093,0
17,92,1569,812,834,1683,0
17,93,1569,812,1092,318,0
17,94,1569,812,1408,102,0
17,95,1569,812,1162,1463,0
17,96,1569,812,2454,81,0
17,97,1569,812,1027,1503,0
17,98,1569,812,328,2685,0
17,99,1569,812,1047,1127,0
17,100,1569,812,2376,2097,0
17,101,1569,812,1507,2064,0
17,102,1569,812,1735,1517,0
17,103,1569,812,2111,103,0
17,104,1569,812,21,329,0
17,105,1569,812,2868,849,0
17,106,1569,812,1471,167,0
17,107,1569,812,2373,783,0
17,108,1569,812,2621,1680,0
17,109,1569,812,170,2120,0
17,110,1569,812,2377,1545,0
17,111,1569,812,910,2380,0
17,112,1569,812,1661,2195,0
17,113,1569,812,2991,2168,0
17,114,1569,812,546,1098,0
17,115,1569,812,1623,2891,0
17,116,1569,812,869,1014,0
17,117,1569,812,2629,835,0
17,118,1569,812,451,822,0
17,119,1569,812,1715,636,0
17,120,1569,812,1598,516,0
17,121,1569,812,611,1374,0
17,122,1569,812,573,26,0
17,123,1569,812,2071,2923,0
17,124,1569,812,51,271,0
17,125,1569,812,875,769,0
17,126,1569,812,152,2740,0
17,127,1569,812,1986,213,0
17,128,1569,812,1386,1070,1
17,129,1569,812,2517,1148,0
17,130,1569,812,1211,24,0
17,131,1569,812,2910,1043,0
17,132,1569,812,2000,1243,0
18,0,2424,1961,1768,2264,0
18,1,2424,1961,2913,2734,0
18,2,2424,1961,1215,1942,0
18,3,2424,1961,2051,1971,0
18,4,2424,1961,160,1001,0
18,5,2424,1961,593,821,0
18,6,2424,1961,2145,2101,0
18,7,2424,1961,278,1608,0
18,8,2424,1961,1945,1818,0
18,9,2424,1961,1634,1385,0
18,10,2424,1961,1218,2354,0
18,11,2424,1961,1358,761,0
18,12,2424,1961,2639,274,0
18,13,2424,1961,941,2731,0
18,14,2424,1961,720,403,0
18,15,2424,1961,1392,2291,0
18,16,2424,1961,1876,1945,0
18,17,2424,1961,1569,812,0
18,19,2424,1961,608,1259,0
18,20,2424,1961,192,2342,0
18,21,2424,1961,2422,1595,0
18,22,2424,1961,2722,1804,0
18,23,2424,1961,758,652,0
18,24,2424,1961,2169,2647,0
18,25,2424,1961,48,2991,0
18,26,2424,1961,1766,2358,0
18,27,2424,1961,1735,1517,0
18,28,2424,1961,2661,1773,0
18,29,2424,1961,1563,1335,0
18,30,2424,1961,2769,1586,0
18,31,2424,1961,1591,376,0
18,32,2424,1961,635,1666,0
18,33,2424,1961,2292,1709,0
18,34,2424,1961,1578,1883,0
18,35,2424,1961,2704,1270,0
18,36,2424,1961,828,1169,0
18,37,2424,1961,1910,637,0
18,38,2424,1961,652,2960,0
18,39,2424,1961,1942,2679,0
18,40,2424,1961,1988,920,0
18,41,2424,1961,965,1686,0
18,42,2424,1961,1232,1238,0
18,43,2424,1961,1594,2306,0
18,44,2424,1961,1777,694,0
18,45,2424,1961,2160,1907,0
18,46,2424,1961,2318,2824,0
18,47,2424,1961,155,1778,0
18,48,2424,1961,2364,509,0
18,49,2424,1961,2385,1990,0
18,50,2424,1961,907,2812,0
18,51,2424,1961,645,1169,0
18,52,2424,1961,1928,970,0
18,53,2424,1961,976,2073,0
18,54,2424,1961,2932,2921,0
18,55,2424,1961,2813,381,0
18,56,2424,1961,710,2734,0
18,57,2424,1961,691,1856,0
18,58,2424,1961,1104,657,0
18,59,2424,1961,326,295,0
18,60,2424,1961,2355,1634,0
18,61,2424,1961,981,1913,0
18,62,2424,1961,1569,1249,0
18,63,2424,1961,526,2411,0
18,64,2424,1961,234,659,0
18,65,2424,1961,282,145,0
18,66,2424,1961,2277,2466,0
18,67,2424,1961,869,213,0
18,68,2424,1961,382,2709,0
18,69,2424,1961,370,2819,0
18,70,2424,1961,1897,1399,0
18,71,2424,1961,2867,2702,0
18,72,2424,1961,2660,1168,0
18,73,2424,1961,51,572,0
18,74,2424,1961,2959,2364,0
18,75,2424,1961,220,1332,0
18,76,2424,1961,1764,2646,0
18,77,2424,1961,2399,2358,0
18,78,2424,1961,628,898,0
18,79,2424,1961,1998,2018,0
18,80,2424,1961,485,796,0
18,81,2424,1961,11,2314,0
18,82,2424,1961,55,2348,0
18,83,2424,1961,2951,586,0
18,84,2424,1961,972,630,0
18,85,2424,1961,2272,663,0
18,86,2424,1961,2187,1884,0
18,87,2424,1961,835,2771,0
18,88,2424,1961,1205,1326,0
18,89,2424,1961,1932,616,0
18,90,2424,1961,1276,50,0
18,91,2424,1961,1968,2093,0
18,92,2424,1961,834,1683,0
18,93,2424,1961,1092,318,0
18,94,2424,1961,1408,102,0
18,95,2424,1961,1162,1463,0
18,96,2424,1961,2454,81,0
18,97,2424,1961,1027,1503,0
18,98,2424,1961,328,2685,0
18,99,2424,1961,1047,1127,0
18,100,2424,1961,2376,2097,1
18,101,2424,1961,1507,2064,0
18,102,2424,1961,1735,1517,0
18,103,2424,1961,2111,103,0
18,104,2424,1961,21,329,0
18,105,2424,1961,2868,849,0
18,106,2424,1961,1471,167,0
18,107,2424,1961,2373,783,0
18,108,2424,1961,2621,1680,0
18,109,2424,1961,170,2120,0
18,110,2424,1961,2377,1545,0
18,111,2424,1961,910,2380,0
18,112,2424,1961,1661,2195,0
18,113,2424,1961,2991,2168,0
18,114,2424,1961,546,1098,0
18,115,2424,1961,1623,2891,0
18,116,2424,1961,869,1014,0
18,117,2424,1961,2629,835,0
18,118,2424,1961,451,822,0
18,119,2424,1961,1715,636,0
18,120,2424,1961,1598,516,0
18,121,2424,1961,611,1374,0
18,122,2424,1961,573,26,0
18,123,2424,1961,2071,2923,0
18,124,2424,1961,51,271,0
18,125,2424,1961,875,769,0
18,126,2424,1961,152,2740,0
18,127,2424,1961,1986,213,0
18,128,2424,1961,1386,1070,0
18,129,2424,1961,2517,1148,0
18,130,2424,1961,1211,24,0
18,131,2424,1961,2910,1043,0
18,132,2424,1961,2000,1243,0
19,0,608,1259,1768,2264,0
19,1,608,1259,2913,2734,0
19,2,608,1259,1215,1942,0
19,3,608,1259,2051,1971,0
19,4,608,1259,160,1001,0
19,5,608,1259,593,821,0
19,6,608,1259,2145,2101,0
19,7,608,1259,278,1608,0
19,8,608,1259,1945,1818,0
19,9,608,1259,1634,1385,0
19,10,608,1259,1218,2354,0
19,11,608,1259,1358,761,0
19,12,608,1259,2639,274,0
19,13,608,1259,941,2731,0
19,14,608,1259,720,403,0
19,15,608,1259,1392,2291,0
19,16,608,1259,1876,1945,0
19,17,608,1259,1569,812,0
19,18,608,1259,2424,1961,0
19,20,608,1259,192,2342,0
19,21,608,1259,2422,1595,0
19,22,608,1259,2722,1804,0
19,23,608,1259,758,652,0
19,24,608,1259,2169,2647,0
19,25,608,1259,48,2991,0
19,26,608,1259,1766,2358,0
19,27,608,1259,1735,1517,0
19,28,608,1259,2661,1773,0
19,29,608,1259,1563,1335,0
19,30,608,1259,2769,1586,0
19,31,608,1259,1591,376,0
19,32,608,1259,635,1666,0
19,33,608,1259,2292,1709,0
19,34,608,1259,1578,1883,0
19,35,608,1259,2704,1270,0
19,36,608,1259,828,1169,0
19,37,608,1259,1910,637,0
19,38,608,1259,652,2960,0
19,39,608,1259,1942,2679,0
19,40,608,1259,1988,920,0
19,41,608,1259,965,1686,0
19,42,608,1259,1232,1238,0
19,43,608,1259,1594,2306,0
19,44,608,1259,1777,694,0
19,45,608,1259,2160,1907,0
19,46,608,1259,2318,2824,0
19,47,608,1259,155,1778,0
19,48,608,1259,2364,509,0
19,49,608,1259,2385,1990,0
19,50,608,1259,907,2812,0
19,51,608,1259,645,1169,1
19,52,608,1259,1928,970,0
19,53,608,1259,976,2073,0
19,54,608,1259,2932,2921,0
19,55,608,1259,2813,381,0
19,56,608,1259,710,2734,0
19,57,608,1259,691,1856,0
19,58,608,1259,1104,657,0
19,59,608,1259,326,295,0
19,60,608,1259,2355,1634,0
19,61,608,1259,981,1913,0
19,62,608,1259,1569,1249,0
19,63,608,1259,526,2411,0
19,64,608,1259,234,659,0
19,65,608,1259,282,145,0
19,66,608,1259,2277,2466,0
19,67,608,1259,869,213,0
19,68,608,1259,382,2709,0
19,69,608,1259,370,2819,0
19,70,608,1259,1897,1399,0
19,71,608,1259,2867,2702,0
19,72,608,1259,2660,1168,0
19,73,608,1259,51,572,0
19,74,608,1259,2959,2364,0
19,75,608,1259,220,1332,0
19,76,608,1259,1764,2646,0
19,77,608,1259,2399,2358,0
19,78,608,1259,628,898,0
19,79,608,1259,1998,2018,0
19,80,608,1259,485,796,0
19,81,608,1259,11,2314,0
19,82,608,1259,55,2348,0
19,83,608,1259,2951,586,0
19,84,608,1259,972,630,0
19,85,608,1259,2272,663,0
19,86,608,1259,2187,1884,0
19,87,608,1259,835,2771,0
19,88,608,1259,1205,1326,0
19,89,608,1259,1932,616,0
19,90,608,1259,1276,50,0
19,91,608,1259,1968,2093,0
19,92,608,1259,834,1683,0
19,93,608,1259,1092,318,0
19,94,608,1259,1408,102,0
19,95,608,1259,1162,1463,0
19,96,608,1259,2454,81,0
19,97,608,1259,1027,1503,0
19,98,608,1259,328,2685,0
19,99,608,1259,1047,1127,0
19,100,608,1259,2376,2097,0
19,101,608,1259,1507,2064,0
19,102,608,1259,1735,1517,0
19,103,608,1259,2111,103,0
19,104,608,1259,21,329,0
19,105,608,1259,2868,849,0
19,106,608,1259,1471,167,0
19,107,608,1259,2373,783,0
19,108,608,1259,2621,1680,0
19,109,608,1259,170,2120,0
19,110,608,1259,2377,1545,0
19,111,608,1259,910,2380,0
19,112,608,1259,1661,2195,0
19,113,608,1259,2991,2168,0
19,114,608,1259,546,1098,0
19,115,608,1259,1623,2891,0
19,116,608,1259,869,1014,0
19,117,608,1259,2629,835,0
19,118,608,1259,451,822,0
19,119,608,1259,1715,636,0
19,120,608,1259,1598,516,0
19,121,608,1259,611,1374,0
19,122,608,1259,573,26,0
19,123,608,1259,2071,2923,0
19,124,608,1259,51,271,0
19,125,608,1259,875,769,0
19,126,608,1259,152,2740,0
19,127,608,1259,1986,213,0
19,128,608,1259,1386,1070,0
19,129,608,1259,2517,1148,0
19,130,608,1259,1211,24,0
19,131,608,1259,2910,1043,0
19,132,608,1259,2000,1243,0
20,0,192,2342,1768,2264,0
20,1,192,2342,2913,2734,0
20,2,192,2342,1215,1942,0
20,3,192,2342,2051,1971,0
20,4,192,2342,160,1001,0
20,5,192,2342,593,821,0
20,6,192,2342,2145,2101,0
20,7,192,2342,278,1608,0
20,8,192,2342,1945,1818,0
20,9,192,2342,1634,1385,0
20,10,192,2342,1218,2354,0
20,11,192,2342,1358,761,0
20,12,192,2342,2639,274,0
20,13,192,2342,941,2731,0
20,14,192,2342,720,403,0
20,15,192,2342,1392,2291,0
20,16,192,2342,1876,1945,0
20,17,192,2342,1569,812,0
20,18,192,2342,2424,1961,0
20,19,192,2342,608,1259,0
20,21,192,2342,2422,1595,0
20,22,192,2342,2722,1804,0
20,23,192,2342,758,652,0
20,24,192,2342,2169,2647,0
20,25,192,2342,48,2991,0
20,26,192,2342,1766,2358,0
20,27,192,2342,1735,1517,0
20,28,192,2342,2661,1773,0
20,29,192,2342,1563,1335,0
20,30,192,2342,2769,1586,0
20,31,192,2342,1591,376,0
20,32,192,2342,635,1666,0
20,33,192,2342,2292,1709,0
20,34,192,2342,1578,1883,0
20,35,192,2342,2704,1270,0
20,36,192,2342,828,1169,0
20,37,192,2342,1910,637,0
20,38,192,2342,652,2960,0
20,39,192,2342,1942,2679,0
20,40,192,2342,1988,920,0
20,41,192,2342,965,1686,0
20,42,192,2342,1232,1238,0
20,43,192,2342,1594,2306,0
20,44,192,2342,1777,694,0
20,45,192,2342,2160,1907,0
20,46,192,2342,2318,2824,0
20,47,192,2342,155,1778,0
20,48,192,2342,2364,509,0
20,49,192,2342,2385,1990,0
20,50,192,2342,907,2812,0
20,51,192,2342,645,1169,0
20,52,192,2342,1928,970,0
20,53,192,2342,976,2073,0
20,54,192,2342,2932,2921,0
20,55,192,2342,2813,381,0
20,56,192,2342,710,2734,0
20,57,192,2342,691,1856,0
20,58,192,2342,1104,657,0
20,59,192,2342,326,295,0
20,60,192,2342,2355,1634,0
20,61,192,2342,981,1913,0
20,62,192,2342,1569,1249,0
20,63,192,2342,526,2411,1
20,64,192,2342,234,659,0
20,65,192,2342,282,145,0
20,66,192,2342,2277,2466,0
20,67,192,2342,869,213,0
20,68,192,2342,382,2709,0
20,69,192,2342,370,2819,0
20,70,192,2342,1897,1399,0
20,71,192,2342,2867,2702,0
20,72,192,2342,2660,1168,0
20,73,192,2342,51,572,0
20,74,192,2342,2959,2364,0
20,75,192,2342,220,1332,0
20,76,192,2342,1764,2646,0
20,77,192,2342,2399,2358,0
20,78,192,2342,628,898,0
20,79,192,2342,1998,2018,0
20,80,192,2342,485,796,0
20,81,192,2342,11,2314,0
20,82,192,2342,55,2348,0
20,83,192,2342,2951,586,0
20,84,192,2342,972,630,0
20,85,192,2342,2272,663,0
20,86,192,2342,2187,1884,0
20,87,192,2342,835,2771,0
20,88,192,2342,1205,1326,0
20,89,192,2342,1932,616,0
20,90,192,2342,1276,50,0
20,91,192,2342,1968,2093,0
20,92,192,2342,834,1683,0
20,93,192,2342,1092,318,0
20,94,192,2342,1408,102,0
20,95,192,2342,1162,1463,0
20,96,192,2342,2454,81,0
20,97,192,2342,1027,1503,0
20,98,192,2342,328,2685,0
20,99,192,2342,1047,1127,0
20,100,192,2342,2376,2097,0
20,101,192,2342,1507,2064,0
20,102,192,2342,1735,1517,0
20,103,192,2342,2111,103,0
20,104,192,2342,21,329,0
20,105,192,2342,2868,849,0
20,106,192,2342,1471,167,0
20,107,192,2342,2373,783,0
20,108,192,2342,2621,1680,0
20,109,192,2342,170,2120,0
20,110,192,2342,2377,1545,0
20,111,192,2342,910,2380,0
20,112,192,2342,1661,2195,0
20,113,192,2342,2991,2168,0
20,114,192,2342,546,1098,0
20,115,192,2342,1623,2891,0
20,116,192,2342,869,1014,0
20,117,192,2342,2629,835,0
20,118,192,2342,451,822,0
20,119,192,2342,1715,636,0
20,120,192,2342,1598,516,0
20,121,192,2342,611,1374,0
20,122,192,2342,573,26,0
20,123,192,2342,2071,2923,0
20,124,192,2342,51,271,0
20,125,192,2342,875,769,0
20,126,192,2342,152,2740,0
20,127,192,2342,1986,213,0
20,128,192,2342,1386,1070,0
20,129,192,2342,2517,1148,0
20,130,192,2342,1211,24,0
20,131,192,2342,2910,1043,0
20,132,192,2342,2000,1243,0
21,0,2422,1595,1768,2264,0
21,1,2422,1595,2913,2734,0
21,2,2422,1595,1215,1942,0
21,3,2422,1595,2051,1971,0
21,4,2422,1595,160,1001,0
21,5,2422,1595,593,821,0
21,6,2422,1595,2145,2101,0
21,7,2422,1595,278,1608,0
21,8,2422,1595,1945,1818,0
21,9,2422,1595,1634,1385,0
21,10,2422,1595,1218,2354,0
21,11,2422,1595,1358,761,0
21,12,2422,1595,2639,274,0
21,13,2422,1595,941,2731,0
21,14,2422,1595,720,403,0
21,15,2422,1595,1392,2291,0
21,16,2422,1595,1876,1945,0
21,17,2422,1595,1569,812,0
21,18,2422,1595,2424,1961,0
21,19,2422,1595,608,1259,0
21,20,2422,1595,192,2342,0
21,22,2422,1595,2722,1804,0
21,23,2422,1595,758,652,0
21,24,2422,1595,2169,2647,0
21,25,2422,1595,48,2991,0
21,26,2422,1595,1766,2358,0
21,27,2422,1595,1735,1517,0
21,28,2422,1595,2661,1773,0
21,29,2422,1595,1563,1335,0
21,30,2422,1595,2769,1586,0
21,31,2422,1595,1591,376,0
21,32,2422,1595,635,1666,0
21,33,2422,1595,2292,1709,0
21,34,2422,1595,1578,1883,0
21,35,2422,1595,2704,1270,0
21,36,2422,1595,828,1169,0
21,37,2422,1595,1910,637,0
21,38,2422,1595,652,2960,0
21,39,2422,1595,1942,2679,0
21,40,2422,1595,1988,920,0
21,41,2422,1595,965,1686,0
21,42,2422,1595,1232,1238,0
21,43,2422,1595,1594,2306,0
21,44,2422,1595,1777,694,0
21,45,2422,1595,2160,1907,0
21,46,2422,1595,2318,2824,0
21,47,2422,1595,155,1778,0
21,48,2422,1595,2364,509,0
21,49,2422,1595,2385,1990,0
21,50,2422,1595,907,2812,0
21,51,2422,1595,645,1169,0
21,52,2422,1595,1928,970,0
21,53,2422,1595,976,2073,0
21,54,2422,1595,2932,2921,0
21,55,2422,1595,2813,381,0
21,56,2422,1595,710,2734,0
21,57,2422,1595,691,1856,0
21,58,2422,1595,1104,657,0
21,59,2422,1595,326,295,0
21,60,2422,1595,2355,1634,0
21,61,2422,1595,981,1913,0
21,62,2422,1595,1569,1249,0
21,63,2422,1595,526,2411,0
21,64,2422,1595,234,659,0
21,65,2422,1595,282,145,0
21,66,2422,1595,2277,2466,0
21,67,2422,1595,869,213,0
21,68,2422,1595,382,2709,0
21,69,2422,1595,370,2819,0
21,70,2422,1595,1897,1399,0
21,71,2422,1595,2867,2702,0
21,72,2422,1595,2660,1168,0
21,73,2422,1595,51,572,0
21,74,2422,1595,2959,2364,0
21,75,2422,1595,220,1332,0
21,76,2422,1595,1764,2646,0
21,77,2422,1595,2399,2358,0
21,78,2422,1595,628,898,0
21,79,2422,1595,1998,2018,0
21,80,2422,1595,485,796,0
21,81,2422,1595,11,2314,0
21,82,2422,1595,55,2348,0
21,83,2422,1595,2951,586,0
21,84,2422,1595,972,630,0
21,85,2422,1595,2272,663,0
21,86,2422,1595,2187,1884,0
21,87,2422,1595,835,2771,0
21,88,2422,1595,1205,1326,0
21,89,2422,1595,1932,616,0
21,90,2422,1595,1276,50,0
21,91,2422,1595,1968,2093,0
21,92,2422,1595,834,1683,0
21,93,2422,1595,1092,318,0
21,94,2422,1595,1408,102,0
21,95,2422,1595,1162,1463,0
21,96,2422,1595,2454,81,0
21,97,2422,1595,1027,1503,0
21,98,2422,1595,328,2685,0
21,99,2422,1595,1047,1127,0
21,100,2422,1595,2376,2097,0
21,101,2422,1595,1507,2064,0
21,102,2422,1595,1735,1517,0
21,103,2422,1595,2111,103,0
21,104,2422,1595,21,329,0
21,105,2422,1595,2868,849,0
21,106,2422,1595,1471,167,0
21,107,2422,1595,2373,783,0
21,108,2422,1595,2621,1680,0
21,109,2422,1595,170,2120,0
21,110,2422,1595,2377,1545,1
21,111,2422,1595,910,2380,0
21,112,2422,1595,1661,2195,0
21,113,2422,1595,2991,2168,0
21,114,2422,1595,546,1098,0
21,115,2422,1595,1623,2891,0
21,116,2422,1595,869,1014,0
21,117,2422,1595,2629,835,0
21,118,2422,1595,451,822,0
21,119,2422,1595,1715,636,0
21,120,2422,1595,1598,516,0
21,121,2422,1595,611,1374,0
21,122,2422,1595,573,26,0
21,123,2422,1595,2071,2923,0
21,124,2422,1595,51,271,0
21,125,2422,1595,875,769,0
21,126,2422,1595,152,2740,0
21,127,2422,1595,1986,213,0
21,128,2422,1595,1386,1070,0
21,129,2422,1595,2517,1148,0
21,130,2422,1595,1211,24,0
21,131,2422,1595,2910,1043,0
21,132,2422,1595,2000,1243,0
22,0,2722,1804,1768,2264,0
22,1,2722,1804,2913,2734,0
22,2,2722,1804,1215,1942,0
22,3,2722,1804,2051,1971,0
22,4,2722,1804,160,1001,0
22,5,2722,1804,593,821,0
22,6,2722,1804,2145,2101,0
22,7,2722,1804,278,1608,0
22,8,2722,1804,1945,1818,0
22,9,2722,1804,1634,1385,0
22,10,2722,1804,1218,2354,0
22,11,2722,1804,1358,761,0
22,12,2722,1804,2639,274,0
22,13,2722,1804,941,2731,0
22,14,2722,1804,720,403,0
22,15,2722,1804,1392,2291,0
22,16,2722,1804,1876,1945,0
22,17,2722,1804,1569,812,0
22,18,2722,1804,2424,1961,0
22,19,2722,1804,608,1259,0
22,20,2722,1804,192,2342,0
22,21,2722,1804,2422,1595,0
22,23,2722,1804,758,652,0
22,24,2722,1804,2169,2647,0
22,25,2722,1804,48,2991,0
22,26,2722,1804,1766,2358,0
22,27,2722,1804,1735,1517,0
22,28,2722,1804,2661,1773,1
22,29,2722,1804,1563,1335,0
22,30,2722,1804,2769,1586,0
22,31,2722,1804,1591,376,0
22,32,2722,1804,635,1666,0
22,33,2722,1804,2292,1709,0
22,34,2722,1804,1578,1883,0
22,35,2722,1804,2704,1270,0
22,36,2722,1804,828,1169,0
22,37,2722,1804,1910,637,0
22,38,2722,1804,652,2960,0
22,39,2722,1804,1942,2679,0
22,40,2722,1804,1988,920,0
22,41,2722,1804,965,1686,0
22,42,2722,1804,1232,1238,0
22,43,2722,1804,1594,2306,0
22,44,2722,1804,1777,694,0
22,45,2722,1804,2160,1907,0
22,46,2722,1804,2318,2824,0
22,47,2722,1804,155,1778,0
22,48,2722,1804,2364,509,0
22,49,2722,1804,2385,1990,0
22,50,2722,1804,907,2812,0
22,51,2722,1804,645,1169,0
22,52,2722,1804,1928,970,0
22,53,2722,1804,976,2073,0
22,54,2722,1804,2932,2921,0
22,55,2722,1804,2813,381,0
22,56,2722,1804,710,2734,0
22,57,2722,1804,691,1856,0
22,58,2722,1804,1104,657,0
22,59,2722,1804,326,295,0
22,60,2722,1804,2355,1634,0
22,61,2722,1804,981,1913,0
22,62,2722,1804,1569,1249,0
22,63,2722,1804,526,2411,0
22,64,2722,1804,234,659,0
22,65,2722,1804,282,145,0
22,66,2722,1804,2277,2466,0
22,67,2722,1804,869,213,0
22,68,2722,1804,382,2709,0
22,69,2722,1804,370,2819,0
22,70,2722,1804,1897,1399,0
22,71,2722,1804,2867,2702,0
22,72,2722,1804,2660,1168,0
22,73,2722,1804,51,572,0
22,74,2722,1804,2959,2364,0
22,75,2722,1804,220,1332,0
22,76,2722,1804,1764,2646,0
22,77,2722,1804,2399,2358,0
22,78,2722,1804,628,898,0
22,79,2722,1804,1998,2018,0
22,80,2722,1804,485,796,0
22,81,2722,1804,11,2314,0
22,82,2722,1804,55,2348,0
22,83,2722,1804,2951,586,0
22,84,2722,1804,972,630,0
22,85,2722,1804,2272,663,0
22,86,2722,1804,2187,1884,0
22,87,2722,1804,835,2771,0
22,88,2722,1804,1205,1326,0
22,89,2722,1804,1932,616,0
22,90,2722,1804,1276,50,0
22,91,2722,1804,1968,2093,0
22,92,2722,1804,834,1683,0
22,93,2722,1804,1092,318,0
22,94,2722,1804,1408,102,0
22,95,2722,1804,1162,1463,0
22,96,2722,1804,2454,81,0
22,97,2722,1804,1027,1503,0
22,98,2722,1804,328,2685,0
22,99,2722,1804,1047,1127,0
22,100,2722,1804,2376,2097,0
22,101,2722,1804,1507,2064,0
22,102,2722,1804,1735,1517,0
22,103,2722,1804,2111,103,0
22,104,2722,1804,21,329,0
22,105,2722,1804,2868,849,0
22,106,2722,1804,1471,167,0
22,107,2722,1804,2373,783,0
22,108,2722,1804,2621,1680,0
22,109,2722,1804,170,2120,0
22,110,2722,1804,2377,1545,0
22,111,2722,1804,910,2380,0
22,112,2722,1804,1661,2195,0
22,113,2722,1804,2991,2168,0
22,114,2722,1804,546,1098,0
22,115,2722,1804,1623,2891,0
22,116,2722,1804,869,1014,0
22,117,2722,1804,2629,835,0
22,118,2722,1804,451,822,0
22,119,2722,1804,1715,636,0
22,120,2722,1804,1598,516,0
22,121,2722,1804,611,1374,0
22,122,2722,1804,573,26,0
22,123,2722,1804,2071,2923,0
22,124,2722,1804,51,271,0
22,125,2722,1804,875,769,0
22,126,2722,1804,152,2740,0
22,127,2722,1804,1986,213,0
22,128,2722,1804,1386,1070,0
22,129,2722,1804,2517,1148,0
22,130,2722,1804,1211,24,0
22,131,2722,1804,2910,1043,0
22,132,2722,1804,2000,1243,0
23,0,758,652,1768,2264,0
23,1,758,652,2913,2734,0
23,2,758,652,1215,1942,0
23,3,758,652,2051,1971,0
23,4,758,652,160,1001,0
23,5,758,652,593,821,0
23,6,758,652,2145,2101,0
23,7,758,652,278,1608,0
23,8,758,652,1945,1818,0
23,9,758,652,1634,1385,0
23,10,758,652,1218,2354,0
23,11,758,652,1358,761,0
23,12,758,652,2639,274,0
23,13,758,652,941,2731,0
23,14,758,652,720,403,0
23,15,758,652,1392,2291,0
23,16,758,652,1876,1945,0
23,17,758,652,1569,812,0
23,18,758,652,2424,1961,0
23,19,758,652,608,1259,0
23,20,758,652,192,2342,0
23,21,758,652,2422,1595,0
23,22,758,652,2722,1804,0
23,24,758,652,2169,2647,0
23,25,758,652,48,2991,0
23,26,758,652,1766,2358,0
23,27,758,652,1735,1517,0
23,28,758,652,2661,1773,0
23,29,758,652,1563,1335,0
23,30,758,652,2769,1586,0
23,31,758,652,1591,376,0
23,32,758,652,635,1666,0
23,33,758,652,2292,1709,0
23,34,758,652,1578,1883,0
23,35,758,652,2704,1270,0
23,36,758,652,828,1169,0
23,37,758,652,1910,637,0
23,38,758,652,652,2960,0
23,39,758,652,1942,2679,0
23,40,758,652,1988,920,0
23,41,758,652,965,1686,0
23,42,758,652,1232,1238,0
23,43,758,652,1594,2306,0
23,44,758,652,1777,694,0
23,45,758,652,2160,1907,0
23,46,758,652,2318,2824,0
23,47,758,652,155,1778,0
23,48,758,652,2364,509,0
23,49,758,652,2385,1990,0
23,50,758,652,907,2812,0
23,51,758,652,645,1169,0
23,52,758,652,1928,970,0
23,53,758,652,976,2073,0
23,54,758,652,2932,2921,0
23,55,758,652,2813,381,0
23,56,758,652,710,2734,0
23,57,758,652,691,1856,0
23,58,758,652,1104,657,0
23,59,758,652,326,295,0
23,60,758,652,2355,1634,0
23,61,758,652,981,1913,0
23,62,758,652,1569,1249,0
23,63,758,652,526,2411,0
23,64,758,652,234,659,0
23,65,758,652,282,145,0
23,66,758,652,2277,2466,0
23,67,758,652,869,213,0
23,68,758,652,382,2709,0
23,69,758,652,370,2819,0
23,70,758,652,1897,1399,0
23,71,758,652,2867,2702,0
23,72,758,652,2660,1168,0
23,73,758,652,51,572,0
23,74,758,652,2959,2364,0
23,75,758,652,220,1332,0
23,76,758,652,1764,2646,0
23,77,758,652,2399,2358,0
23,78,758,652,628,898,0
23,79,758,652,1998,2018,0
23,80,758,652,485,796,0
23,81,758,652,11,2314,0
23,82,758,652,55,2348,0
23,83,758,652,2951,586,0
23,84,758,652,972,630,0
23,85,758,652,2272,663,0
23,86,758,652,2187,1884,0
23,87,758,652,835,2771,0
23,88,758,652,1205,1326,0
23,89,758,652,1932,616,0
23,90,758,652,1276,50,0
23,91,758,652,1968,2093,0
23,92,758,652,834,1683,0
23,93,758,652,1092,318,0
23,94,758,652,1408,102,0
23,95,758,652,1162,1463,0
23,96,758,652,2454,81,0
23,97,758,652,1027,1503,0
23,98,758,652,328,2685,0
23,99,758,652,1047,1127,0
23,100,758,652,2376,2097,0
23,101,758,652,1507,2064,0
23,102,758,652,1735,1517,0
23,103,758,652,2111,103,0
23,104,758,652,21,329,0
23,105,758,652,2868,849,0
23,106,758,652,1471,167,0
23,107,758,652,2373,783,0
23,108,758,652,2621,1680,0
23,109,758,652,170,2120,0
23,110,758,652,2377,1545,0
23,111,758,652,910,2380,0
23,112,758,652,1661,2195,0
23,113,758,652,2991,2168,0
23,114,758,652,546,1098,0
23,115,758,652,1623,2891,0
23,116,758,652,869,1014,0
23,117,758,652,2629,835,0
23,118,758,652,451,822,0
23,119,758,652,1715,636,0
23,120,758,652,1598,516,0
23,121,758,652,611,1374,0
23,122,758,652,573,26,0
23,123,758,652,2071,2923,0
23,124,758,652,51,271,0
23,125,758,652,875,769,1
23,126,758,652,152,2740,0
23,127,758,652,1986,213,0
23,128,758,652,1386,1070,0
23,129,758,652,2517,1148,0
23,130,758,652,1211,24,0
23,131,758,652,2910,1043,0
23,132,758,652,2000,1243,0
24,0,2169,2647,1768,2264,0
24,1,2169,2647,2913,2734,0
24,2,2169,2647,1215,1942,0
24,3,2169,2647,2051,1971,0
24,4,2169,2647,160,1001,0
24,5,2169,2647,593,821,0
24,6,2169,2647,2145,2101,0
24,7,2169,2647,278,1608,0
24,8,2169,2647,1945,1818,0
24,9,2169,2647,1634,1385,0
24,10,2169,2647,1218,2354,0
24,11,2169,2647,1358,761,0
24,12,2169,2647,2639,274,0
24,13,2169,2647,941,2731,0
24,14,2169,2647,720,403,0
24,15,2169,2647,1392,2291,0
24,16,2169,2647,1876,1945,0
24,17,2169,2647,1569,812,0
24,18,2169,2647,2424,1961,0
24,19,2169,2647,608,1259,0
24,20,2169,2647,192,2342,0
24,21,2169,2647,2422,1595,0
24,22,2169,2647,2722,1804,0
24,23,2169,2647,758,652,0
24,25,2169,2647,48,2991,0
24,26,2169,2647,1766,2358,0
24,27,2169,2647,1735,1517,0
24,28,2169,2647,2661,1773,0
24,29,2169,2647,1563,1335,0
24,30,2169,2647,2769,1586,0
24,31,2169,2647,1591,376,0
24,32,2169,2647,635,1666,0
24,33,2169,2647,2292,1709,0
24,34,2169,2647,1578,1883,0
24,35,2169,2647,2704,1270,0
24,36,2169,2647,828,1169,0
24,37,2169,2647,1910,637,0
24,38,2169,2647,652,2960,0
24,39,2169,2647,1942,2679,1
24,40,2169,2647,1988,920,0
24,41,2169,2647,965,1686,0
24,42,2169,2647,1232,1238,0
24,43,2169,2647,1594,2306,0
24,44,2169,2647,1777,694,0
24,45,2169,2647,2160,1907,0
24,46,2169,2647,2318,2824,0
24,47,2169,2647,155,1778,0
24,48,2169,2647,2364,509,0
24,49,2169,2647,2385,1990,0
24,50,2169,2647,907,2812,0
24,51,2169,2647,645,1169,0
24,52,2169,2647,1928,970,0
24,53,2169,2647,976,2073,0
24,54,2169,2647,2932,2921,0
24,55,2169,2647,2813,381,0
24,56,2169,2647,710,2734,0
24,57,2169,2647,691,1856,0
24,58,2169,2647,1104,657,0
24,59,2169,2647,326,295,0
24,60,2169,2647,2355,1634,0
24,61,2169,2647,981,1913,0
24,62,2169,2647,1569,1249,0
24,63,2169,2647,526,2411,0
24,64,2169,2647,234,659,0
24,65,2169,2647,282,145,0
24,66,2169,2647,2277,2466,0
24,67,2169,2647,869,213,0
24,68,2169,2647,382,2709,0
24,69,2169,2647,370,2819,0
24,70,2169,2647,1897,1399,0
24,71,2169,2647,2867,2702,0
24,72,2169,2647,2660,1168,0
24,73,2169,2647,51,572,0
24,74,2169,2647,2959,2364,0
24,75,2169,2647,220,1332,0
24,76,2169,2647,1764,2646,0
24,77,2169,2647,2399,2358,0
24,78,2169,2647,628,898,0
24,79,2169,2647,1998,2018,0
24,80,2169,2647,485,796,0
24,81,2169,2647,11,2314,0
24,82,2169,2647,55,2348,0
24,83,2169,2647,2951,586,0
24,84,2169,2647,972,630,0
24,85,2169,2647,2272,663,0
24,86,2169,2647,2187,1884,0
24,87,2169,2647,835,2771,0
24,88,2169,2647,1205,1326,0
24,89,2169,2647,1932,616,0
24,90,2169,2647,1276,50,0
24,91,2169,2647,1968,2093,0
24,92,2169,2647,834,1683,0
24,93,2169,2647,1092,318,0
24,94,2169,2647,1408,102,0
24,95,2169,2647,1162,1463,0
24,96,2169,2647,2454,81,0
24,97,2169,2647,1027,1503,0
24,98,2169,2647,328,2685,0
24,99,2169,2647,1047,1127,0
24,100,2169,2647,2376,2097,0
24,101,2169,2647,1507,2064,0
24,102,2169,2647,1735,1517,0
24,103,2169,2647,2111,103,0
24,104,2169,2647,21,329,0
24,105,2169,2647,2868,849,0
24,106,2169,2647,1471,167,0
24,107,2169,2647,2373,783,0
24,108,2169,2647,2621,1680,0
24,109,2169,2647,170,2120,0
24,110,2169,2647,2377,1545,0
24,111,2169,2647,910,2380,0
24,112,2169,2647,1661,2195,0
24,113,2169,2647,2991,2168,0
24,114,2169,2647,546,1098,0
24,115,2169,2647,1623,2891,0
24,116,2169,2647,869,1014,0
24,117,2169,2647,2629,835,0
24,118,2169,2647,451,822,0
24,119,2169,2647,1715,636,0
24,120,2169,2647,1598,516,0
24,121,2169,2647,611,1374,0
24,122,2169,2647,573,26,0
24,123,2169,2647,2071,2923,0
24,124,2169,2647,51,271,0
24,125,2169,2647,875,769,0
24,126,2169,2647,152,2740,0
24,127,2169,2647,1986,213,0
24,128,2169,2647,1386,1070,0
24,129,2169,2647,2517,1148,0
24,130,2169,2647,1211,24,0
24,131,2169,2647,2910,1043,0
24,132,2169,2647,2000,1243,0
25,0,48,2991,1768,2264,0
25,1,48,2991,2913,2734,0
25,2,48,2991,1215,1942,0
25,3,48,2991,2051,1971,0
25,4,48,2991,160,1001,0
25,5,48,2991,593,821,0
25,6,48,2991,2145,2101,0
25,7,48,2991,278,1608,0
25,8,48,2991,1945,1818,0
25,9,48,2991,1634,1385,0
25,10,48,2991,1218,2354,0
25,11,48,2991,1358,761,0
25,12,48,2991,2639,274,0
25,13,48,2991,941,2731,0
25,14,48,2991,720,403,0
25,15,48,2991,1392,2291,0
25,16,48,2991,1876,1945,0
25,17,48,2991,1569,812,0
25,18,48,2991,2424,1961,0
25,19,48,2991,608,1259,0
25,20,48,2991,192,2342,0
25,21,48,2991,2422,1595,0
25,22,48,2991,2722,1804,0
25,23,48,2991,758,652,0
25,24,48,2991,2169,2647,0
25,26,48,2991,1766,2358,0
25,27,48,2991,1735,1517,0
25,28,48,2991,2661,1773,0
25,29,48,2991,1563,1335,0
25,30,48,2991,2769,1586,0
25,31,48,2991,1591,376,0
25,32,48,2991,635,1666,0
25,33,48,2991,2292,1709,0
25,34,48,2991,1578,1883,0
25,35,48,2991,2704,1270,0
25,36,48,2991,828,1169,0
25,37,48,2991,1910,637,0
25,38,48,2991,652,2960,0
25,39,48,2991,1942,2679,0
25,40,48,2991,1988,920,0
25,41,48,2991,965,1686,0
25,42,48,2991,1232,1238,0
25,43,48,2991,1594,2306,0
25,44,48,2991,1777,694,0
25,45,48,2991,2160,1907,0
25,46,48,2991,2318,2824,0
25,47,48,2991,155,1778,0
25,48,48,2991,2364,509,0
25,49,48,2991,2385,1990,0
25,50,48,2991,907,2812,0
25,51,48,2991,645,1169,0
25,52,48,2991,1928,970,0
25,53,48,2991,976,2073,0
25,54,48,2991,2932,2921,0
25,55,48,2991,2813,381,0
25,56,48,2991,710,2734,0
25,57,48,2991,691,1856,0
25,58,48,2991,1104,657,0
25,59,48,2991,326,295,0
25,60,48,2991,2355,1634,0
25,61,48,2991,981,1913,0
25,62,48,2991,1569,1249,0
25,63,48,2991,526,2411,0
25,64,48,2991,234,659,0
25,65,48,2991,282,145,0
25,66,48,2991,2277,2466,0
25,67,48,2991,869,213,0
25,68,48,2991,382,2709,0
25,69,48,2991,370,2819,1
25,70,48,2991,1897,1399,0
25,71,48,2991,2867,2702,0
25,72,48,2991,2660,1168,0
25,73,48,2991,51,572,0
25,74,48,2991,2959,2364,0
25,75,48,2991,220,1332,0
25,76,48,2991,1764,2646,0
25,77,48,2991,2399,2358,0
25,78,48,2991,628,898,0
25,79,48,2991,1998,2018,0
25,80,48,2991,485,796,0
25,81,48,2991,11,2314,0
25,82,48,2991,55,2348,0
25,83,48,2991,2951,586,0
25,84,48,2991,972,630,0
25,85,48,2991,2272,663,0
25,86,48,2991,2187,1884,0
25,87,48,2991,835,2771,0
25,88,48,2991,1205,1326,0
25,89,48,2991,1932,616,0
25,90,48,2991,1276,50,0
25,91,48,2991,1968,2093,0
25,92,48,2991,834,1683,0
25,93,48,2991,1092,318,0
25,94,48,2991,1408,102,0
25,95,48,2991,1162,1463,0
25,96,48,2991,2454,81,0
25,97,48,2991,1027,1503,0
25,98,48,2991,328,2685,0
25,99,48,2991,1047,1127,0
25,100,48,2991,2376,2097,0
25,101,48,2991,1507,2064,0
25,102,48,2991,1735,1517,0
25,103,48,2991,2111,103,0
25,104,48,2991,21,329,0
25,105,48,2991,2868,849,0
25,106,48,2991,1471,167,0
25,107,48,2991,2373,783,0
25,108,48,2991,2621,1680,0
25,109,48,2991,170,2120,0
25,110,48,2991,2377,1545,0
25,111,48,2991,910,2380,0
25,112,48,2991,1661,2195,0
25,113,48,2991,2991,2168,0
25,114,48,2991,546,1098,0
25,115,48,2991,1623,2891,0
25,116,48,2991,869,1014,0
25,117,48,2991,2629,835,0
25,118,48,2991,451,822,0
25,119,48,2991,1715,636,0
25,120,48,2991,1598,516,0
25,121,48,2991,611,1374,0
25,122,48,2991,573,26,0
25,123,48,2991,2071,2923,0
25,124,48,2991,51,271,0
25,125,48,2991,875,769,0
25,126,48,2991,152,2740,0
25,127,48,2991,1986,213,0
25,128,48,2991,1386,1070,0
25,129,48,2991,2517,1148,0
25,130,48,2991,1211,24,0
25,131,48,2991,2910,1043,0
25,132,48,2991,2000,1243,0
26,0,1766,2358,1768,2264,0
26,1,1766,2358,2913,2734,0
26,2,1766,2358,1215,1942,0
26,3,1766,2358,2051,1971,0
26,4,1766,2358,160,1001,0
26,5,1766,2358,593,821,0
26,6,1766,2358,2145,2101,0
26,7,1766,2358,278,1608,0
26,8,1766,2358,1945,1818,0
26,9,1766,2358,1634,1385,0
26,10,1766,2358,1218,2354,0
26,11,1766,2358,1358,761,0
26,12,1766,2358,2639,274,0
26,13,1766,2358,941,2731,0
26,14,1766,2358,720,403,0
26,15,1766,2358,1392,2291,0
26,16,1766,2358,1876,1945,0
26,17,1766,2358,1569,812,0
26,18,1766,2358,2424,1961,0
26,19,1766,2358,608,1259,0
26,20,1766,2358,192,2342,0
26,21,1766,2358,2422,1595,0
26,22,1766,2358,2722,1804,0
26,23,1766,2358,758,652,0
26,24,1766,2358,2169,2647,0
26,25,1766,2358,48,2991,0
26,27,1766,2358,1735,1517,0
26,28,1766,2358,2661,1773,0
26,29,1766,2358,1563,1335,0
26,30,1766,2358,2769,1586,0
26,31,1766,2358,1591,376,0
26,32,1766,2358,635,1666,0
26,33,1766,2358,2292,1709,0
26,34,1766,2358,1578,1883,0
26,35,1766,2358,2704,1270,0
26,36,1766,2358,828,1169,0
26,37,1766,2358,1910,637,0
26,38,1766,2358,652,2960,0
26,39,1766,2358,1942,2679,0
26,40,1766,2358,1988,920,0
26,41,1766,2358,965,1686,0
26,42,1766,2358,1232,1238,0
26,43,1766,2358,1594,2306,0
26,44,1766,2358,1777,694,0
26,45,1766,2358,2160,1907,0
26,46,1766,2358,2318,2824,0
26,47,1766,2358,155,1778,0
26,48,1766,2358,2364,509,0
26,49,1766,2358,2385,1990,0
26,50,1766,2358,907,2812,0
26,51,1766,2358,645,1169,0
26,52,1766,2358,1928,970,0
26,53,1766,2358,976,2073,0
26,54,1766,2358,2932,2921,0
26,55,1766,2358,2813,381,0
26,56,1766,2358,710,2734,0
26,57,1766,2358,691,1856,0
26,58,1766,2358,1104,657,0
26,59,1766,2358,326,295,0
26,60,1766,2358,2355,1634,0
26,61,1766,2358,981,1913,0
26,62,1766,2358,1569,1249,0
26,63,1766,2358,526,2411,0
26,64,1766,2358,234,659,0
26,65,1766,2358,282,145,0
26,66,1766,2358,2277,2466,0
26,67,1766,2358,869,213,0
26,68,1766,2358,382,2709,0
26,69,1766,2358,370,2819,0
26,70,1766,2358,1897,1399,0
26,71,1766,2358,2867,2702,0
26,72,1766,2358,2660,1168,0
26,73,1766,2358,51,572,0
26,74,1766,2358,2959,2364,0
26,75,1766,2358,220,1332,0
26,76,1766,2358,1764,2646,0
26,77,1766,2358,2399,2358,0
26,78,1766,2358,628,898,0
26,79,1766,2358,1998,2018,0
26,80,1766,2358,485,796,0
26,81,1766,2358,11,2314,0
26,82,1766,2358,55,2348,0
26,83,1766,2358,2951,586,0
26,84,1766,2358,972,630,0
26,85,1766,2358,2272,663,0
26,86,1766,2358,2187,1884,0
26,87,1766,2358,835,2771,0
26,88,1766,2358,1205,1326,0
26,89,1766,2358,1932,616,0
26,90,1766,2358,1276,50,0
26,91,1766,2358,1968,2093,0
26,92,1766,2358,834,1683,0
26,93,1766,2358,1092,318,0
26,94,1766,2358,1408,102,0
26,95,1766,2358,1162,1463,0
26,96,1766,2358,2454,81,0
26,97,1766,2358,1027,1503,0
26,98,1766,2358,328,2685,0
26,99,1766,2358,1047,1127,0
26,100,1766,2358,2376,2097,0
26,101,1766,2358,1507,2064,0
26,102,1766,2358,1735,1517,0
26,103,1766,2358,2111,103,0
26,104,1766,2358,21,329,0
26,105,1766,2358,2868,849,0
26,106,1766,2358,1471,167,0
26,107,1766,2358,2373,783,0
26,108,1766,2358,2621,1680,0
26,109,1766,2358,170,2120,0
26,110,1766,2358,2377,1545,0
26,111,1766,2358,910,2380,0
26,112,1766,2358,1661,2195,0
26,113,1766,2358,2991,2168,0
26,114,1766,2358,546,1098,0
26,115,1766,2358,1623,2891,0
26,116,1766,2358,869,1014,0
26,117,1766,2358,2629,835,0
26,118,1766,2358,451,822,0
26,119,1766,2358,1715,636,0
26,120,1766,2358,1598,516,0
26,121,1766,2358,611,1374,0
26,122,1766,2358,573,26,0
26,123,1766,2358,2071,2923,0
26,124,1766,2358,51,271,0
26,125,1766,2358,875,769,0
26,126,1766,2358,152,2740,0
26,127,1766,2358,1986,213,0
26,128,1766,2358,1386,1070,0
26,129,1766,2358,2517,1148,0
26,130,1766,2358,1211,24,0
26,131,1766,2358,2910,1043,0
26,132,1766,2358,2000,1243,0
27,0,1735,1517,1768,2264,0
27,1,1735,1517,2913,2734,0
27,2,1735,1517,1215,1942,0
27,3,1735,1517,2051,1971,0
27,4,1735,1517,160,1001,0
27,5,1735,1517,593,821,0
27,6,1735,1517,2145,2101,0
27,7,1735,1517,278,1608,0
27,8,1735,1517,1945,1818,0
27,9,1735,1517,1634,1385,0
27,10,1735,1517,1218,2354,0
27,11,1735,1517,1358,761,0
27,12,1735,1517,2639,274,0
27,13,1735,1517,941,2731,0
27,14,1735,1517,720,403,0
27,15,1735,1517,1392,2291,0
27,16,1735,1517,1876,1945,0
27,17,1735,1517,1569,812,0
27,18,1735,1517,2424,1961,0
27,19,1735,1517,608,1259,0
27,20,1735,1517,192,2342,0
27,21,1735,1517,2422,1595,0
27,22,1735,1517,2722,1804,0
27,23,1735,1517,758,652,0
27,24,1735,1517,2169,2647,0
27,25,1735,1517,48,2991,0
27,26,1735,1517,1766,2358,0
27,28,1735,1517,2661,1773,0
27,29,1735,1517,1563,1335,0
27,30,1735,1517,2769,1586,0
27,31,1735,1517,1591,376,0
27,32,1735,1517,635,1666,0
27,33,1735,1517,2292,1709,0
27,34,1735,1517,1578,1883,0
27,35,1735,1517,2704,1270,0
27,36,1735,1517,828,1169,0
27,37,1735,1517,1910,637,0
27,38,1735,1517,652,2960,0
27,39,1735,1517,1942,2679,0
27,40,1735,1517,1988,920,0
27,41,1735,1517,965,1686,0
27,42,1735,1517,1232,1238,0
27,43,1735,1517,1594,2306,0
27,44,1735,1517,1777,694,0
27,45,1735,1517,2160,1907,0
27,46,1735,1517,2318,2824,0
27,47,1735,1517,155,1778,0
27,48,1735,1517,2364,509,0
27,49,1735,1517,2385,1990,0
27,50,1735,1517,907,2812,0
27,51,1735,1517,645,1169,0
27,52,1735,1517,1928,970,0
27,53,1735,1517,976,2073,0
27,54,1735,1517,2932,2921,0
27,55,1735,1517,2813,381,0
27,56,1735,1517,710,2734,0
27,57,1735,1517,691,1856,0
27,58,1735,1517,1104,657,0
27,59,1735,1517,326,295,0
27,60,1735,1517,2355,1634,0
27,61,1735,1517,981,1913,0
27,62,1735,1517,1569,1249,0
27,63,1735,1517,526,2411,0
27,64,1735,1517,234,659,0
27,65,1735,1517,282,145,0
27,66,1735,1517,2277,2466,0
27,67,1735,1517,869,213,0
27,68,1735,1517,382,2709,0
27,69,1735,1517,370,2819,0
27,70,1735,1517,1897,1399,1
27,71,1735,1517,2867,2702,0
27,72,1735,1517,2660,1168,0
27,73,1735,1517,51,572,0
27,74,1735,1517,2959,2364,0
27,75,1735,1517,220,1332,0
27,76,1735,1517,1764,2646,0
27,77,1735,1517,2399,2358,0
27,78,1735,1517,628,898,0
27,79,1735,1517,1998,2018,0
27,80,1735,1517,485,796,0
27,81,1735,1517,11,2314,0
27,82,1735,1517,55,2348,0
27,83,1735,1517,2951,586,0
27,84,1735,1517,972,630,0
27,85,1735,1517,2272,663,0
27,86,1735,1517,2187,1884,0
27,87,1735,1517,835,2771,0
27,88,1735,1517,1205,1326,0
27,89,1735,1517,1932,616,0
27,90,1735,1517,1276,50,0
27,91,1735,1517,1968,2093,0
27,92,1735,1517,834,1683,0
27,93,1735,1517,1092,318,0
27,94,1735,1517,1408,102,0
27,95,1735,1517,1162,1463,0
27,96,1735,1517,2454,81,0
27,97,1735,1517,1027,1503,0
27,98,1735,1517,328,2685,0
27,99,1735,1517,1047,1127,0
27,100,1735,1517,2376,2097,0
27,101,1735,1517,1507,2064,0
27,102,1735,1517,1735,1517,0
27,103,1735,1517,2111,103,0
27,104,1735,1517,21,329,0
27,105,1735,1517,2868,849,0
27,106,1735,1517,1471,167,0
27,107,1735,1517,2373,783,0
27,108,1735,1517,2621,1680,0
27,109,1735,1517,170,2120,0
27,110,1735,1517,2377,1545,0
27,111,1735,1517,910,2380,0
27,112,1735,1517,1661,2195,0
27,113,1735,1517,2991,2168,0
27,114,1735,1517,546,1098,0
27,115,1735,1517,1623,2891,0
27,116,1735,1517,869,1014,0
27,117,1735,1517,2629,835,0
27,118,1735,1517,451,822,0
27,119,1735,1517,1715,636,0
27,120,1735,1517,1598,516,0
27,121,1735,1517,611,1374,0
27,122,1735,1517,573,26,0
27,123,1735,1517,2071,2923,0
27,124,1735,1517,51,271,0
27,125,1735,1517,875,769,0
27,126,1735,1517,152,2740,0
27,127,1735,1517,1986,213,0
27,128,1735,1517,1386,1070,0
27,129,1735,1517,2517,1148,0
27,130,1735,1517,1211,24,0
27,131,1735,1517,2910,1043,0
27,132,1735,1517,2000,1243,0
28,0,2661,1773,1768,2264,0
28,1,2661,1773,2913,2734,0
28,2,2661,1773,1215,1942,0
28,3,2661,1773,2051,1971,0
28,4,2661,1773,160,1001,0
28,5,2661,1773,593,821,0
28,6,2661,1773,2145,2101,0
28,7,2661,1773,278,1608,0
28,8,2661,1773,1945,1818,0
28,9,2661,1773,1634,1385,0
28,10,2661,1773,1218,2354,0
28,11,2661,1773,1358,761,0
28,12,2661,1773,2639,274,0
28,13,2661,1773,941,2731,0
28,14,2661,1773,720,403,0
28,15,2661,1773,1392,2291,0
28,16,2661,1773,1876,1945,0
28,17,2661,1773,1569,812,0
28,18,2661,1773,2424,1961,0
28,19,2661,1773,608,1259,0
28,20,2661,1773,192,2342,0
28,21,2661,1773,2422,1595,0
28,22,2661,1773,2722,1804,0
28,23,2661,1773,758,652,0
28,24,2661,1773,2169,2647,0
28,25,2661,1773,48,2991,0
28,26,2661,1773,1766,2358,0
28,27,2661,1773,1735,1517,0
28,29,2661,1773,1563,1335,0
28,30,2661,1773,2769,1586,1
28,31,2661,1773,1591,376,0
28,32,2661,1773,635,1666,0
28,33,2661,1773,2292,1709,0
28,34,2661,1773,1578,1883,0
28,35,2661,1773,2704,1270,0
28,36,2661,1773,828,1169,0
28,37,2661,1773,1910,637,0
28,38,2661,1773,652,2960,0
28,39,2661,1773,1942,2679,0
28,40,2661,1773,1988,920,0
28,41,2661,1773,965,1686,0
28,42,2661,1773,1232,1238,0
28,43,2661,1773,1594,2306,0
28,44,2661,1773,1777,694,0
28,45,2661,1773,2160,1907,0
28,46,2661,1773,2318,2824,0
28,47,2661,1773,155,1778,0
28,48,2661,1773,2364,509,0
28,49,2661,1773,2385,1990,0
28,50,2661,1773,907,2812,0
28,51,2661,1773,645,1169,0
28,52,2661,1773,1928,970,0
28,53,2661,1773,976,2073,0
28,54,2661,1773,2932,2921,0
28,55,2661,1773,2813,381,0
28,56,2661,1773,710,2734,0
28,57,2661,1773,691,1856,0
28,58,2661,1773,1104,657,0
28,59,2661,1773,326,295,0
28,60,2661,1773,2355,1634,0
28,61,2661,1773,981,1913,0
28,62,2661,1773,1569,1249,0
28,63,2661,1773,526,2411,0
28,64,2661,1773,234,659,0
28,65,2661,1773,282,145,0
28,66,2661,1773,2277,2466,0
28,67,2661,1773,869,213,0
28,68,2661,1773,382,2709,0
28,69,2661,1773,370,2819,0
28,70,2661,1773,1897,1399,0
28,71,2661,1773,2867,2702,0
28,72,2661,1773,2660,1168,0
28,73,2661,1773,51,572,0
28,74,2661,1773,2959,2364,0
28,75,2661,1773,220,1332,0
28,76,2661,1773,1764,2646,0
28,77,2661,1773,2399,2358,0
28,78,2661,1773,628,898,0
28,79,2661,1773,1998,2018,0
28,80,2661,1773,485,796,0
28,81,2661,1773,11,2314,0
28,82,2661,1773,55,2348,0
28,83,2661,1773,2951,586,0
28,84,2661,1773,972,630,0
28,85,2661,1773,2272,663,0
28,86,2661,1773,2187,1884,0
28,87,2661,1773,835,2771,0
28,88,2661,1773,1205,1326,0
28,89,2661,1773,1932,616,0
28,90,2661,1773,1276,50,0
28,91,2661,1773,1968,2093,0
28,92,2661,1773,834,1683,0
28,93,2661,1773,1092,318,0
28,94,2661,1773,1408,102,0
28,95,2661,1773,1162,1463,0
28,96,2661,1773,2454,81,0
28,97,2661,1773,1027,1503,0
28,98,2661,1773,328,2685,0
28,99,2661,1773,1047,1127,0
28,100,2661,1773,2376,2097,0
28,101,2661,1773,1507,2064,0
28,102,2661,1773,1735,1517,0
28,103,2661,1773,2111,103,0
28,104,2661,1773,21,329,0
28,105,2661,1773,2868,849,0
28,106,2661,1773,1471,167,0
28,107,2661,1773,2373,783,0
28,108,2661,1773,2621,1680,0
28,109,2661,1773,170,2120,0
28,110,2661,1773,2377,1545,0
28,111,2661,1773,910,2380,0
28,112,2661,1773,1661,2195,0
28,113,2661,1773,2991,2168,0
28,114,2661,1773,546,1098,0
28,115,2661,1773,1623,2891,0
28,116,2661,1773,869,1014,0
28,117,2661,1773,2629,835,0
28,118,2661,1773,451,822,0
28,119,2661,1773,1715,636,0
28,120,2661,1773,1598,516,0
28,121,2661,1773,611,1374,0
28,122,2661,1773,573,26,0
28,123,2661,1773,2071,2923,0
28,124,2661,1773,51,271,0
28,125,2661,1773,875,769,0
28,126,2661,1773,152,2740,0
28,127,2661,1773,1986,213,0
28,128,2661,1773,1386,1070,0
28,129,2661,1773,2517,1148,0
28,130,2661,1773,1211,24,0
28,131,2661,1773,2910,1043,0
28,132,2661,1773,2000,1243,0
29,0,1563,1335,1768,2264,0
29,1,1563,1335,2913,2734,0
29,2,1563,1335,1215,1942,0
29,3,1563,1335,2051,1971,0
29,4,1563,1335,160,1001,0
29,5,1563,1335,593,821,0
29,6,1563,1335,2145,2101,0
29,7,1563,1335,278,1608,0
29,8,1563,1335,1945,1818,0
29,9,1563,1335,1634,1385,1
29,10,1563,1335,1218,2354,0
29,11,1563,1335,1358,761,0
29,12,1563,1335,2639,274,0
29,13,1563,1335,941,2731,0
29,14,1563,1335,720,403,0
29,15,1563,1335,1392,2291,0
29,16,1563,1335,1876,1945,0
29,17,1563,1335,1569,812,0
29,18,1563,1335,2424,1961,0
29,19,1563,1335,608,1259,0
29,20,1563,1335,192,2342,0
29,21,1563,1335,2422,1595,0
29,22,1563,1335,2722,1804,0
29,23,1563,1335,758,652,0
29,24,1563,1335,2169,2647,0
29,25,1563,1335,48,2991,0
29,26,1563,1335,1766,2358,0
29,27,1563,1335,1735,1517,0
29,28,1563,1335,2661,1773,0
29,30,1563,1335,2769,1586,0
29,31,1563,1335,1591,376,0
29,32,1563,1335,635,1666,0
29,33,1563,1335,2292,1709,0
29,34,1563,1335,1578,1883,0
29,35,1563,1335,2704,1270,0
29,36,1563,1335,828,1169,0
29,37,1563,1335,1910,637,0
29,38,1563,1335,652,2960,0
29,39,1563,1335,1942,2679,0
29,40,1563,1335,1988,920,0
29,41,1563,1335,965,1686,0
29,42,1563,1335,1232,1238,0
29,43,1563,1335,1594,2306,0
29,44,1563,1335,1777,694,0
29,45,1563,1335,2160,1907,0
29,46,1563,1335,2318,2824,0
29,47,1563,1335,155,1778,0
29,48,1563,1335,2364,509,0
29,49,1563,1335,2385,1990,0
29,50,1563,1335,907,2812,0
29,51,1563,1335,645,1169,0
29,52,1563,1335,1928,970,0
29,53,1563,1335,976,2073,0
29,54,1563,1335,2932,2921,0
29,55,1563,1335,2813,381,0
29,56,1563,1335,710,2734,0
29,57,1563,1335,691,1856,0
29,58,1563,1335,1104,657,0
29,59,1563,1335,326,295,0
29,60,1563,1335,2355,1634,0
29,61,1563,1335,981,1913,0
29,62,1563,1335,1569,1249,0
29,63,1563,1335,526,2411,0
29,64,1563,1335,234,659,0
29,65,1563,1335,282,145,0
29,66,1563,1335,2277,2466,0
29,67,1563,1335,869,213,0
29,68,1563,1335,382,2709,0
29,69,1563,1335,370,2819,0
29,70,1563,1335,1897,1399,0
29,71,1563,1335,2867,2702,0
29,72,1563,1335,2660,1168,0
29,73,1563,1335,51,572,0
29,74,1563,1335,2959,2364,0
29,75,1563,1335,220,1332,0
29,76,1563,1335,1764,2646,0
29,77,1563,1335,2399,2358,0
29,78,1563,1335,628,898,0
29,79,1563,1335,1998,2018,0
29,80,1563,1335,485,796,0
29,81,1563,1335,11,2314,0
29,82,1563,1335,55,2348,0
29,83,1563,1335,2951,586,0
29,84,1563,1335,972,630,0
29,85,1563,1335,2272,663,0
29,86,1563,1335,2187,1884,0
29,87,1563,1335,835,2771,0
29,88,1563,1335,1205,1326,0
29,89,1563,1335,1932,616,0
29,90,1563,1335,1276,50,0
29,91,1563,1335,1968,2093,0
29,92,1563,1335,834,1683,0
29,93,1563,1335,1092,318,0
29,94,1563,1335,1408,102,0
29,95,1563,1335,1162,1463,0
29,96,1563,1335,2454,81,0
29,97,1563,1335,1027,1503,0
29,98,1563,1335,328,2685,0
29,99,1563,1335,1047,1127,0
29,100,1563,1335,2376,2097,0
29,101,1563,1335,1507,2064,0
29,102,1563,1335,1735,1517,0
29,103,1563,1335,2111,103,0
29,104,1563,1335,21,329,0
29,105,1563,1335,2868,849,0
29,106,1563,1335,1471,167,0
29,107,1563,1335,2373,783,0
29,108,1563,1335,2621,1680,0
29,109,1563,1335,170,2120,0
29,110,1563,1335,2377,1545,0
29,111,1563,1335,910,2380,0
29,112,1563,1335,1661,2195,0
29,113,1563,1335,2991,2168,0
29,114,1563,1335,546,1098,0
29,115,1563,1335,1623,2891,0
29,116,1563,1335,869,1014,0
29,117,1563,1335,2629,835,0
29,118,1563,1335,451,822,0
29,119,1563,1335,1715,636,0
29,120,1563,1335,1598,516,0
29,121,1563,1335,611,1374,0
29,122,1563,1335,573,26,0
29,123,1563,1335,2071,2923,0
29,124,1563,1335,51,271,0
29,125,1563,1335,875,769,0
29,126,1563,1335,152,2740,0
29,127,1563,1335,1986,213,0
29,128,1563,1335,1386,1070,0
29,129,1563,1335,2517,1148,0
29,130,1563,1335,1211,24,0
29,131,1563,1335,2910,1043,0
29,132,1563,1335,2000,1243,0
30,0,2769,1586,1768,2264,0
30,1,2769,1586,2913,2734,0
30,2,2769,1586,1215,1942,0
30,3,2769,1586,2051,1971,0
30,4,2769,1586,160,1001,0
30,5,2769,1586,593,821,0
30,6,2769,1586,2145,2101,0
30,7,2769,1586,278,1608,0
30,8,2769,1586,1945,1818,0
30,9,2769,1586,1634,1385,0
30,10,2769,1586,1218,2354,0
30,11,2769,1586,1358,761,0
30,12,2769,1586,2639,274,0
30,13,2769,1586,941,2731,0
30,14,2769,1586,720,403,0
30,15,2769,1586,1392,2291,0
30,16,2769,1586,1876,1945,0
30,17,2769,1586,1569,812,0
30,18,2769,1586,2424,1961,0
30,19,2769,1586,608,1259,0
30,20,2769,1586,192,2342,0
30,21,2769,1586,2422,1595,0
30,22,2769,1586,2722,1804,0
30,23,2769,1586,758,652,0
30,24,2769,1586,2169,2647,0
30,25,2769,1586,48,2991,0
30,26,2769,1586,1766,2358,0
30,27,2769,1586,1735,1517,0
30,28,2769,1586,2661,1773,0
30,29,2769,1586,1563,1335,0
30,31,2769,1586,1591,376,0
30,32,2769,1586,635,1666,0
30,33,2769,1586,2292,1709,0
30,34,2769,1586,1578,1883,0
30,35,2769,1586,2704,1270,0
30,36,2769,1586,828,1169,0
30,37,2769,1586,1910,637,0
30,38,2769,1586,652,2960,0
30,39,2769,1586,1942,2679,0
30,40,2769,1586,1988,920,0
30,41,2769,1586,965,1686,0
30,42,2769,1586,1232,1238,0
30,43,2769,1586,1594,2306,0
30,44,2769,1586,1777,694,0
30,45,2769,1586,2160,1907,0
30,46,2769,1586,2318,2824,0
30,47,2769,1586,155,1778,0
30,48,2769,1586,2364,509,0
30,49,2769,1586,2385,1990,0
30,50,2769,1586,907,2812,0
30,51,2769,1586,645,1169,0
30,52,2769,1586,1928,970,0
30,53,2769,1586,976,2073,0
30,54,2769,1586,2932,2921,0
30,55,2769,1586,2813,381,0
30,56,2769,1586,710,2734,0
30,57,2769,1586,691,1856,0
30,58,2769,1586,1104,657,0
30,59,2769,1586,326,295,0
30,60,2769,1586,2355,1634,0
30,61,2769,1586,981,1913,0
30,62,2769,1586,1569,1249,0
30,63,2769,1586,526,2411,0
30,64,2769,1586,234,659,0
30,65,2769,1586,282,145,0
30,66,2769,1586,2277,2466,0
30,67,2769,1586,869,213,0
30,68,2769,1586,382,2709,0
30,69,2769,1586,370,2819,0
30,70,2769,1586,1897,1399,0
30,71,2769,1586,2867,2702,0
30,72,2769,1586,2660,1168,0
30,73,2769,1586,51,572,0
30,74,2769,1586,2959,2364,0
30,75,2769,1586,220,1332,0
30,76,2769,1586,1764,2646,0
30,77,2769,1586,2399,2358,0
30,78,2769,1586,628,898,0
30,79,2769,1586,1998,2018,0
30,80,2769,1586,485,796,0
30,81,2769,1586,11,2314,0
30,82,2769,1586,55,2348,0
30,83,2769,1586,2951,586,0
30,84,2769,1586,972,630,0
30,85,2769,1586,2272,663,0
30,86,2769,1586,2187,1884,0
30,87,2769,1586,835,2771,0
30,88,2769,1586,1205,1326,0
30,89,2769,1586,1932,616,0
30,90,2769,1586,1276,50,0
30,91,2769,1586,1968,2093,0
30,92,2769,1586,834,1683,0
30,93,2769,1586,1092,318,0
30,94,2769,1586,1408,102,0
30,95,2769,1586,1162,1463,0
30,96,2769,1586,2454,81,0
30,97,2769,1586,1027,1503,0
30,98,2769,1586,328,2685,0
30,99,2769,1586,1047,1127,0
30,100,2769,1586,2376,2097,0
30,101,2769,1586,1507,2064,0
30,102,2769,1586,1735,1517,0
30,103,2769,1586,2111,103,0
30,104,2769,1586,21,329,0
30,105,2769,1586,2868,849,0
30,106,2769,1586,1471,167,0
30,107,2769,1586,2373,783,0
30,108,2769,1586,2621,1680,1
30,109,2769,1586,170,2120,0
30,110,2769,1586,2377,1545,0
30,111,2769,1586,910,2380,0
30,112,2769,1586,1661,2195,0
30,113,2769,1586,2991,2168,0
30,114,2769,1586,546,1098,0
30,115,2769,1586,1623,2891,0
30,116,2769,1586,869,1014,0
30,117,2769,1586,2629,835,0
30,118,2769,1586,451,822,0
30,119,2769,1586,1715,636,0
30,120,2769,1586,1598,516,0
30,121,2769,1586,611,1374,0
30,122,2769,1586,573,26,0
30,123,2769,1586,2071,2923,0
30,124,2769,1586,51,271,0
30,125,2769,1586,875,769,0
30,126,2769,1586,152,2740,0
30,127,2769,1586,1986,213,0
30,128,2769,1586,1386,1070,0
30,129,2769,1586,2517,1148,0
30,130,2769,1586,1211,24,0
30,131,2769,1586,2910,1043,0
30,132,2769,1586,2000,1243,0
31,0,1591,376,1768,2264,0
31,1,1591,376,2913,2734,0
31,2,1591,376,1215,1942,0
31,3,1591,376,2051,1971,0
31,4,1591,376,160,1001,0
31,5,1591,376,593,821,0
31,6,1591,376,2145,2101,0
31,7,1591,376,278,1608,0
31,8,1591,376,1945,1818,0
31,9,1591,376,1634,1385,0
31,10,1591,376,1218,2354,0
31,11,1591,376,1358,761,0
31,12,1591,376,2639,274,0
31,13,1591,376,941,2731,0
31,14,1591,376,720,403,0
31,15,1591,376,1392,2291,0
31,16,1591,376,1876,1945,0
31,17,1591,376,1569,812,0
31,18,1591,376,2424,1961,0
31,19,1591,376,608,1259,0
31,20,1591,376,192,2342,0
31,21,1591,376,2422,1595,0
31,22,1591,376,2722,1804,0
31,23,1591,376,758,652,0
31,24,1591,376,2169,2647,0
31,25,1591,376,48,2991,0
31,26,1591,376,1766,2358,0
31,27,1591,376,1735,1517,0
31,28,1591,376,2661,1773,0
31,29,1591,376,1563,1335,0
31,30,1591,376,2769,1586,0
31,32,1591,376,635,1666,0
31,33,1591,376,2292,1709,0
31,34,1591,376,1578,1883,0
31,35,1591,376,2704,1270,0
31,36,1591,376,828,1169,0
31,37,1591,376,1910,637,0
31,38,1591,376,652,2960,0
31,39,1591,376,1942,2679,0
31,40,1591,376,1988,920,0
31,41,1591,376,965,1686,0
31,42,1591,376,1232,1238,0
31,43,1591,376,1594,2306,0
31,44,1591,376,1777,694,0
31,45,1591,376,2160,1907,0
31,46,1591,376,2318,2824,0
31,47,1591,376,155,1778,0
31,48,1591,376,2364,509,0
31,49,1591,376,2385,1990,0
31,50,1591,376,907,2812,0
31,51,1591,376,645,1169,0
31,52,1591,376,1928,970,0
31,53,1591,376,976,2073,0
31,54,1591,376,2932,2921,0
31,55,1591,376,2813,381,0
31,56,1591,376,710,2734,0
31,57,1591,376,691,1856,0
31,58,1591,376,1104,657,0
31,59,1591,376,326,295,0
31,60,1591,376,2355,1634,0
31,61,1591,376,981,1913,0
31,62,1591,376,1569,1249,0
31,63,1591,376,526,2411,0
31,64,1591,376,234,659,0
31,65,1591,376,282,145,0
31,66,1591,376,2277,2466,0
31,67,1591,376,869,213,0
31,68,1591,376,382,2709,0
31,69,1591,376,370,2819,0
31,70,1591,376,1897,1399,0
31,71,1591,376,2867,2702,0
31,72,1591,376,2660,1168,0
31,73,1591,376,51,572,0
31,74,1591,376,2959,2364,0
31,75,1591,376,220,1332,0
31,76,1591,376,1764,2646,0
31,77,1591,376,2399,2358,0
31,78,1591,376,628,898,0
31,79,1591,376,1998,2018,0
31,80,1591,376,485,796,0
31,81,1591,376,11,2314,0
31,82,1591,376,55,2348,0
31,83,1591,376,2951,586,0
31,84,1591,376,972,630,0
31,85,1591,376,2272,663,0
31,86,1591,376,2187,1884,0
31,87,1591,376,835,2771,0
31,88,1591,376,1205,1326,0
31,89,1591,376,1932,616,0
31,90,1591,376,1276,50,0
31,91,1591,376,1968,2093,0
31,92,1591,376,834,1683,0
31,93,1591,376,1092,318,0
31,94,1591,376,1408,102,0
31,95,1591,376,1162,1463,0
31,96,1591,376,2454,81,0
31,97,1591,376,1027,1503,0
31,98,1591,376,328,2685,0
31,99,1591,376,1047,1127,0
31,100,1591,376,2376,2097,0
31,101,1591,376,1507,2064,0
31,102,1591,376,1735,1517,0
31,103,1591,376,2111,103,0
31,104,1591,376,21,329,0
31,105,1591,376,2868,849,0
31,106,1591,376,1471,167,1
31,107,1591,376,2373,783,0
31,108,1591,376,2621,1680,0
31,109,1591,376,170,2120,0
31,110,1591,376,2377,1545,0
31,111,1591,376,910,2380,0
31,112,1591,376,1661,2195,0
31,113,1591,376,2991,2168,0
31,114,1591,376,546,1098,0
31,115,1591,376,1623,2891,0
31,116,1591,376,869,1014,0
31,117,1591,376,2629,835,0
31,118,1591,376,451,822,0
31,119,1591,376,1715,636,0
31,120,1591,376,1598,516,0
31,121,1591,376,611,1374,0
31,122,1591,376,573,26,0
31,123,1591,376,2071,2923,0
31,124,1591,376,51,271,0
31,125,1591,376,875,769,0
31,126,1591,376,152,2740,0
31,127,1591,376,1986,213,0
31,128,1591,376,1386,1070,0
31,129,1591,376,2517,1148,0
31,130,1591,376,1211,24,0
31,131,1591,376,2910,1043,0
31,132,1591,376,2000,1243,0
32,0,635,1666,1768,2264,0
32,1,635,1666,2913,2734,0
32,2,635,1666,1215,1942,0
32,3,635,1666,2051,1971,0
32,4,635,1666,160,1001,0
32,5,635,1666,593,821,0
32,6,635,1666,2145,2101,0
32,7,635,1666,278,1608,0
32,8,635,1666,1945,1818,0
32,9,635,1666,1634,1385,0
32,10,635,1666,1218,2354,0
32,11,635,1666,1358,761,0
32,12,635,1666,2639,274,0
32,13,635,1666,941,2731,0
32,14,635,1666,720,403,0
32,15,635,1666,1392,2291,0
32,16,635,1666,1876,1945,0
32,17,635,1666,1569,812,0
32,18,635,1666,2424,1961,0
32,19,635,1666,608,1259,0
32,20,635,1666,192,2342,0
32,21,635,1666,2422,1595,0
32,22,635,1666,2722,1804,0
32,23,635,1666,758,652,0
32,24,635,1666,2169,2647,0
32,25,635,1666,48,2991,0
32,26,635,1666,1766,2358,0
32,27,635,1666,1735,1517,0
32,28,635,1666,2661,1773,0
32,29,635,1666,1563,1335,0
32,30,635,1666,2769,1586,0
32,31,635,1666,1591,376,0
32,33,635,1666,2292,1709,0
32,34,635,1666,1578,1883,0
32,35,635,1666,2704,1270,0
32,36,635,1666,828,1169,0
32,37,635,1666,1910,637,0
32,38,635,1666,652,2960,0
32,39,635,1666,1942,2679,0
32,40,635,1666,1988,920,0
32,41,635,1666,965,1686,0
32,42,635,1666,1232,1238,0
32,43,635,1666,1594,2306,0
32,44,635,1666,1777,694,0
32,45,635,1666,2160,1907,0
32,46,635,1666,2318,2824,0
32,47,635,1666,155,1778,0
32,48,635,1666,2364,509,0
32,49,635,1666,2385,1990,0
32,50,635,1666,907,2812,0
32,51,635,1666,645,1169,0
32,52,635,1666,1928,970,0
32,53,635,1666,976,2073,0
32,54,635,1666,2932,2921,0
32,55,635,1666,2813,381,0
32,56,635,1666,710,2734,0
32,57,635,1666,691,1856,0
32,58,635,1666,1104,657,0
32,59,635,1666,326,295,0
32,60,635,1666,2355,1634,0
32,61,635,1666,981,1913,0
32,62,635,1666,1569,1249,0
32,63,635,1666,526,2411,0
32,64,635,1666,234,659,0
32,65,635,1666,282,145,0
32,66,635,1666,2277,2466,0
32,67,635,1666,869,213,0
32,68,635,1666,382,2709,0
32,69,635,1666,370,2819,0
32,70,635,1666,1897,1399,0
32,71,635,1666,2867,2702,0
32,72,635,1666,2660,1168,0
32,73,635,1666,51,572,0
32,74,635,1666,2959,2364,0
32,75,635,1666,220,1332,0
32,76,635,1666,1764,2646,0
32,77,635,1666,2399,2358,0
32,78,635,1666,628,898,0
32,79,635,1666,1998,2018,0
32,80,635,1666,485,796,0
32,81,635,1666,11,2314,0
32,82,635,1666,55,2348,0
32,83,635,1666,2951,586,0
32,84,635,1666,972,630,0
32,85,635,1666,2272,663,0
32,86,635,1666,2187,1884,0
32,87,635,1666,835,2771,0
32,88,635,1666,1205,1326,0
32,89,635,1666,1932,616,0
32,90,635,1666,1276,50,0
32,91,635,1666,1968,2093,0
32,92,635,1666,834,1683,1
32,93,635,1666,1092,318,0
32,94,635,1666,1408,102,0
32,95,635,1666,1162,1463,0
32,96,635,1666,2454,81,0
32,97,635,1666,1027,1503,0
32,98,635,1666,328,2685,0
32,99,635,1666,1047,1127,0
32,100,635,1666,2376,2097,0
32,101,635,1666,1507,2064,0
32,102,635,1666,1735,1517,0
32,103,635,1666,2111,103,0
32,104,635,1666,21,329,0
32,105,635,1666,2868,849,0
32,106,635,1666,1471,167,0
32,107,635,1666,2373,783,0
32,108,635,1666,2621,1680,0
32,109,635,1666,170,2120,0
32,110,635,1666,2377,1545,0
32,111,635,1666,910,2380,0
32,112,635,1666,1661,2195,0
32,113,635,1666,2991,2168,0
32,114,635,1666,546,1098,0
32,115,635,1666,1623,2891,0
32,116,635,1666,869,1014,0
32,117,635,1666,2629,835,0
32,118,635,1666,451,822,0
32,119,635,1666,1715,636,0
32,120,635,1666,1598,516,0
32,121,635,1666,611,1374,0
32,122,635,1666,573,26,0
32,123,635,1666,2071,2923,0
32,124,635,1666,51,271,0
32,125,635,1666,875,769,0
32,126,635,1666,152,2740,0
32,127,635,1666,1986,213,0
32,128,635,1666,1386,1070,0
32,129,635,1666,2517,1148,0
32,130,635,1666,1211,24,0
32,131,635,1666,2910,1043,0
32,132,635,1666,2000,1243,0
33,0,2292,1709,1768,2264,0
33,1,2292,1709,2913,2734,0
33,2,2292,1709,1215,1942,0
33,3,2292,1709,2051,1971,0
33,4,2292,1709,160,1001,0
33,5,2292,1709,593,821,0
33,6,2292,1709,2145,2101,0
33,7,2292,1709,278,1608,0
33,8,2292,1709,1945,1818,0
33,9,2292,1709,1634,1385,0
33,10,2292,1709,1218,2354,0
33,11,2292,1709,1358,761,0
33,12,2292,1709,2639,274,0
33,13,2292,1709,941,2731,0
33,14,2292,1709,720,403,0
33,15,2292,1709,1392,2291,0
33,16,2292,1709,1876,1945,0
33,17,2292,1709,1569,812,0
33,18,2292,1709,2424,1961,0
33,19,2292,1709,608,1259,0
33,20,2292,1709,192,2342,0
33,21,2292,1709,2422,1595,0
33,22,2292,1709,2722,1804,0
33,23,2292,1709,758,652,0
33,24,2292,1709,2169,2647,0
33,25,2292,1709,48,2991,0
33,26,2292,1709,1766,2358,0
33,27,2292,1709,1735,1517,0
33,28,2292,1709,2661,1773,0
33,29,2292,1709,1563,1335,0
33,30,2292,1709,2769,1586,0
33,31,2292,1709,1591,376,0
33,32,2292,1709,635,1666,0
33,34,2292,1709,1578,1883,0
33,35,2292,1709,2704,1270,0
33,36,2292,1709,828,1169,0
33,37,2292,1709,1910,637,0
33,38,2292,1709,652,2960,0
33,39,2292,1709,1942,2679,0
33,40,2292,1709,1988,920,0
33,41,2292,1709,965,1686,0
33,42,2292,1709,1232,1238,0
33,43,2292,1709,1594,2306,0
33,44,2292,1709,1777,694,0
33,45,2292,1709,2160,1907,0
33,46,2292,1709,2318,2824,0
33,47,2292,1709,155,1778,0
33,48,2292,1709,2364,509,0
33,49,2292,1709,2385,1990,0
33,50,2292,1709,907,2812,0
33,51,2292,1709,645,1169,0
33,52,2292,1709,1928,970,0
33,53,2292,1709,976,2073,0
33,54,2292,1709,2932,2921,0
33,55,2292,1709,2813,381,0
33,56,2292,1709,710,2734,0
33,57,2292,1709,691,1856,0
33,58,2292,1709,1104,657,0
33,59,2292,1709,326,295,0
33,60,2292,1709,2355,1634,0
33,61,2292,1709,981,1913,0
33,62,2292,1709,1569,1249,0
33,63,2292,1709,526,2411,0
33,64,2292,1709,234,659,0
33,65,2292,1709,282,145,0
33,66,2292,1709,2277,2466,0
33,67,2292,1709,869,213,0
33,68,2292,1709,382,2709,0
33,69,2292,1709,370,2819,0
33,70,2292,1709,1897,1399,0
33,71,2292,1709,2867,2702,0
33,72,2292,1709,2660,1168,0
33,73,2292,1709,51,572,0
33,74,2292,1709,2959,2364,0
33,75,2292,1709,220,1332,0
33,76,2292,1709,1764,2646,0
33,77,2292,1709,2399,2358,0
33,78,2292,1709,628,898,0
33,79,2292,1709,1998,2018,0
33,80,2292,1709,485,796,0
33,81,2292,1709,11,2314,0
33,82,2292,1709,55,2348,0
33,83,2292,1709,2951,586,0
33,84,2292,1709,972,630,0
33,85,2292,1709,2272,663,0
33,86,2292,1709,2187,1884,1
33,87,2292,1709,835,2771,0
33,88,2292,1709,1205,1326,0
33,89,2292,1709,1932,616,0
33,90,2292,1709,1276,50,0
33,91,2292,1709,1968,2093,0
33,92,2292,1709,834,1683,0
33,93,2292,1709,1092,318,0
33,94,2292,1709,1408,102,0
33,95,2292,1709,1162,1463,0
33,96,2292,1709,2454,81,0
33,97,2292,1709,1027,1503,0
33,98,2292,1709,328,2685,0
33,99,2292,1709,1047,1127,0
33,100,2292,1709,2376,2097,0
33,101,2292,1709,1507,2064,0
33,102,2292,1709,1735,1517,0
33,103,2292,1709,2111,103,0
33,104,2292,1709,21,329,0
33,105,2292,1709,2868,849,0
33,106,2292,1709,1471,167,0
33,107,2292,1709,2373,783,0
33,108,2292,1709,2621,1680,0
33,109,2292,1709,170,2120,0
33,110,2292,1709,2377,1545,0
33,111,2292,1709,910,2380,0
33,112,2292,1709,1661,2195,0
33,113,2292,1709,2991,2168,0
33,114,2292,1709,546,1098,0
33,115,2292,1709,1623,2891,0
33,116,2292,1709,869,1014,0
33,117,2292,1709,2629,835,0
33,118,2292,1709,451,822,0
33,119,2292,1709,1715,636,0
33,120,2292,1709,1598,516,0
33,121,2292,1709,611,1374,0
33,122,2292,1709,573,26,0
33,123,2292,1709,2071,2923,0
33,124,2292,1709,51,271,0
33,125,2292,1709,875,769,0
33,126,2292,1709,152,2740,0
33,127,2292,1709,1986,213,0
33,128,2292,1709,1386,1070,0
33,129,2292,1709,2517,1148,0
33,130,2292,1709,1211,24,0
33,131,2292,1709,2910,1043,0
33,132,2292,1709,2000,1243,0
34,0,1578,1883,1768,2264,0
34,1,1578,1883,2913,2734,0
34,2,1578,1883,1215,1942,0
34,3,1578,1883,2051,1971,0
34,4,1578,1883,160,1001,0
34,5,1578,1883,593,821,0
34,6,1578,1883,2145,2101,0
34,7,1578,1883,278,1608,0
34,8,1578,1883,1945,1818,0
34,9,1578,1883,1634,1385,0
34,10,1578,1883,1218,2354,0
34,11,1578,1883,1358,761,0
34,12,1578,1883,2639,274,0
34,13,1578,1883,941,2731,0
34,14,1578,1883,720,403,0
34,15,1578,1883,1392,2291,0
34,16,1578,1883,1876,1945,0
34,17,1578,1883,1569,812,0
34,18,1578,1883,2424,1961,0
34,19,1578,1883,608,1259,0
34,20,1578,1883,192,2342,0
34,21,1578,1883,2422,1595,0
34,22,1578,1883,2722,1804,0
34,23,1578,1883,758,652,0
34,24,1578,1883,2169,2647,0
34,25,1578,1883,48,2991,0
34,26,1578,1883,1766,2358,0
34,27,1578,1883,1735,1517,0
34,28,1578,1883,2661,1773,0
34,29,1578,1883,1563,1335,0
34,30,1578,1883,2769,1586,0
34,31,1578,1883,1591,376,0
34,32,1578,1883,635,1666,0
34,33,1578,1883,2292,1709,0
34,35,1578,1883,2704,1270,0
34,36,1578,1883,828,1169,0
34,37,1578,1883,1910,637,0
34,38,1578,1883,652,2960,0
34,39,1578,1883,1942,2679,0
34,40,1578,1883,1988,920,0
34,41,1578,1883,965,1686,0
34,42,1578,1883,1232,1238,0
34,43,1578,1883,1594,2306,0
34,44,1578,1883,1777,694,0
34,45,1578,1883,2160,1907,0
34,46,1578,1883,2318,2824,0
34,47,1578,1883,155,1778,0
34,48,1578,1883,2364,509,0
34,49,1578,1883,2385,1990,0
34,50,1578,1883,907,2812,0
34,51,1578,1883,645,1169,0
34,52,1578,1883,1928,970,0
34,53,1578,1883,976,2073,0
34,54,1578,1883,2932,2921,0
34,55,1578,1883,2813,381,0
34,56,1578,1883,710,2734,0
34,57,1578,1883,691,1856,0
34,58,1578,1883,1104,657,0
34,59,1578,1883,326,295,0
34,60,1578,1883,2355,1634,0
34,61,1578,1883,981,1913,0
34,62,1578,1883,1569,1249,0
34,63,1578,1883,526,2411,0
34,64,1578,1883,234,659,0
34,65,1578,1883,282,145,0
34,66,1578,1883,2277,2466,0
34,67,1578,1883,869,213,0
34,68,1578,1883,382,2709,0
34,69,1578,1883,370,2819,0
34,70,1578,1883,1897,1399,0
34,71,1578,1883,2867,2702,0
34,72,1578,1883,2660,1168,0
34,73,1578,1883,51,572,0
34,74,1578,1883,2959,2364,0
34,75,1578,1883,220,1332,0
34,76,1578,1883,1764,2646,0
34,77,1578,1883,2399,2358,0
34,78,1578,1883,628,898,0
34,79,1578,1883,1998,2018,0
34,80,1578,1883,485,796,0
34,81,1578,1883,11,2314,0
34,82,1578,1883,55,2348,0
34,83,1578,1883,2951,586,0
34,84,1578,1883,972,630,0
34,85,1578,1883,2272,663,0
34,86,1578,1883,2187,1884,0
34,87,1578,1883,835,2771,0
34,88,1578,1883,1205,1326,0
34,89,1578,1883,1932,616,0
34,90,1578,1883,1276,50,0
34,91,1578,1883,1968,2093,0
34,92,1578,1883,834,1683,0
34,93,1578,1883,1092,318,0
34,94,1578,1883,1408,102,0
34,95,1578,1883,1162,1463,0
34,96,1578,1883,2454,81,0
34,97,1578,1883,1027,1503,0
34,98,1578,1883,328,2685,0
34,99,1578,1883,1047,1127,0
34,100,1578,1883,2376,2097,0
34,101,1578,1883,1507,2064,1
34,102,1578,1883,1735,1517,0
34,103,1578,1883,2111,103,0
34,104,1578,1883,21,329,0
34,105,1578,1883,2868,849,0
34,106,1578,1883,1471,167,0
34,107,1578,1883,2373,783,0
34,108,1578,1883,2621,1680,0
34,109,1578,1883,170,2120,0
34,110,1578,1883,2377,1545,0
34,111,1578,1883,910,2380,0
34,112,1578,1883,1661,2195,0
34,113,1578,1883,2991,2168,0
34,114,1578,1883,546,1098,0
34,115,1578,1883,1623,2891,0
34,116,1578,1883,869,1014,0
34,117,1578,1883,2629,835,0
34,118,1578,1883,451,822,0
34,119,1578,1883,1715,636,0
34,120,1578,1883,1598,516,0
34,121,1578,1883,611,1374,0
34,122,1578,1883,573,26,0
34,123,1578,1883,2071,2923,0
34,124,1578,1883,51,271,0
34,125,1578,1883,875,769,0
34,126,1578,1883,152,2740,0
34,127,1578,1883,1986,213,0
34,128,1578,1883,1386,1070,0
34,129,1578,1883,2517,1148,0
34,130,1578,1883,1211,24,0
34,131,1578,1883,2910,1043,0
34,132,1578,1883,2000,1243,0
35,0,2704,1270,1768,2264,0
35,1,2704,1270,2913,2734,0
35,2,2704,1270,1215,1942,0
35,3,2704,1270,2051,1971,0
35,4,2704,1270,160,1001,0
35,5,2704,1270,593,821,0
35,6,2704,1270,2145,2101,0
35,7,2704,1270,278,1608,0
35,8,2704,1270,1945,1818,0
35,9,2704,1270,1634,1385,0
35,10,2704,1270,1218,2354,0
35,11,2704,1270,1358,761,0
35,12,2704,1270,2639,274,0
35,13,2704,1270,941,2731,0
35,14,2704,1270,720,403,0
35,15,2704,1270,1392,2291,0
35,16,2704,1270,1876,1945,0
35,17,2704,1270,1569,812,0
35,18,2704,1270,2424,1961,0
35,19,2704,1270,608,1259,0
35,20,2704,1270,192,2342,0
35,21,2704,1270,2422,1595,0
35,22,2704,1270,2722,1804,0
35,23,2704,1270,758,652,0
35,24,2704,1270,2169,2647,0
35,25,2704,1270,48,2991,0
35,26,2704,1270,1766,2358,0
35,27,2704,1270,1735,1517,0
35,28,2704,1270,2661,1773,0
35,29,2704,1270,1563,1335,0
35,30,2704,1270,2769,1586,0
35,31,2704,1270,1591,376,0
35,32,2704,1270,635,1666,0
35,33,2704,1270,2292,1709,0
35,34,2704,1270,1578,1883,0
35,36,2704,1270,828,1169,0
35,37,2704,1270,1910,637,0
35,38,2704,1270,652,2960,0
35,39,2704,1270,1942,2679,0
35,40,2704,1270,1988,920,0
35,41,2704,1270,965,1686,0
35,42,2704,1270,1232,1238,0
35,43,2704,1270,1594,2306,0
35,44,2704,1270,1777,694,0
35,45,2704,1270,2160,1907,0
35,46,2704,1270,2318,2824,0
35,47,2704,1270,155,1778,0
35,48,2704,1270,2364,509,0
35,49,2704,1270,2385,1990,0
35,50,2704,1270,907,2812,0
35,51,2704,1270,645,1169,0
35,52,2704,1270,1928,970,0
35,53,2704,1270,976,2073,0
35,54,2704,1270,2932,2921,0
35,55,2704,1270,2813,381,0
35,56,2704,1270,710,2734,0
35,57,2704,1270,691,1856,0
35,58,2704,1270,1104,657,0
35,59,2704,1270,326,295,0
35,60,2704,1270,2355,1634,0
35,61,2704,1270,981,1913,0
35,62,2704,1270,1569,1249,0
35,63,2704,1270,526,2411,0
35,64,2704,1270,234,659,0
35,65,2704,1270,282,145,0
35,66,2704,1270,2277,2466,0
35,67,2704,1270,869,213,0
35,68,2704,1270,382,2709,0
35,69,2704,1270,370,2819,0
35,70,2704,1270,1897,1399,0
35,71,2704,1270,2867,2702,0
35,72,2704,1270,2660,1168,0
35,73,2704,1270,51,572,0
35,74,2704,1270,2959,2364,0
35,75,2704,1270,220,1332,0
35,76,2704,1270,1764,2646,0
35,77,2704,1270,2399,2358,0
35,78,2704,1270,628,898,0
35,79,2704,1270,1998,2018,0
35,80,2704,1270,485,796,0
35,81,2704,1270,11,2314,0
35,82,2704,1270,55,2348,0
35,83,2704,1270,2951,586,0
35,84,2704,1270,972,630,0
35,85,2704,1270,2272,663,0
35,86,2704,1270,2187,1884,0
35,87,2704,1270,835,2771,0
35,88,2704,1270,1205,1326,0
35,89,2704,1270,1932,616,0
35,90,2704,1270,1276,50,0
35,91,2704,1270,1968,2093,0
35,92,2704,1270,834,1683,0
35,93,2704,1270,1092,318,0
35,94,2704,1270,1408,102,0
35,95,2704,1270,1162,1463,0
35,96,2704,1270,2454,81,0
35,97,2704,1270,1027,1503,0
35,98,2704,1270,328,2685,0
35,99,2704,1270,1047,1127,0
35,100,2704,1270,2376,2097,0
35,101,2704,1270,1507,2064,0
35,102,2704,1270,1735,1517,0
35,103,2704,1270,2111,103,0
35,104,2704,1270,21,329,0
35,105,2704,1270,2868,849,0
35,106,2704,1270,1471,167,0
35,107,2704,1270,2373,783,0
35,108,2704,1270,2621,1680,0
35,109,2704,1270,170,2120,0
35,110,2704,1270,2377,1545,0
35,111,2704,1270,910,2380,0
35,112,2704,1270,1661,2195,0
35,113,2704,1270,2991,2168,0
35,114,2704,1270,546,1098,0
35,115,2704,1270,1623,2891,0
35,116,2704,1270,869,1014,0
35,117,2704,1270,2629,835,0
35,118,2704,1270,451,822,0
35,119,2704,1270,1715,636,0
35,120,2704,1270,1598,516,0
35,121,2704,1270,611,1374,0
35,122,2704,1270,573,26,0
35,123,2704,1270,2071,2923,0
35,124,2704,1270,51,271,0
35,125,2704,1270,875,769,0
35,126,2704,1270,152,2740,0
35,127,2704,1270,1986,213,0
35,128,2704,1270,1386,1070,0
35,129,2704,1270,2517,1148,0
35,130,2704,1270,1211,24,0
35,131,2704,1270,2910,1043,1
35,132,2704,1270,2000,1243,0
36,0,828,1169,1768,2264,0
36,1,828,1169,2913,2734,0
36,2,828,1169,1215,1942,0
36,3,828,1169,2051,1971,0
36,4,828,1169,160,1001,0
36,5,828,1169,593,821,0
36,6,828,1169,2145,2101,0
36,7,828,1169,278,1608,0
36,8,828,1169,1945,1818,0
36,9,828,1169,1634,1385,0
36,10,828,1169,1218,2354,0
36,11,828,1169,1358,761,0
36,12,828,1169,2639,274,0
36,13,828,1169,941,2731,0
36,14,828,1169,720,403,0
36,15,828,1169,1392,2291,0
36,16,828,1169,1876,1945,0
36,17,828,1169,1569,812,0
36,18,828,1169,2424,1961,0
36,19,828,1169,608,1259,0
36,20,828,1169,192,2342,0
36,21,828,1169,2422,1595,0
36,22,828,1169,2722,1804,0
36,23,828,1169,758,652,0
36,24,828,1169,2169,2647,0
36,25,828,1169,48,2991,0
36,26,828,1169,1766,2358,0
36,27,828,1169,1735,1517,0
36,28,828,1169,2661,1773,0
36,29,828,1169,1563,1335,0
36,30,828,1169,2769,1586,0
36,31,828,1169,1591,376,0
36,32,828,1169,635,1666,0
36,33,828,1169,2292,1709,0
36,34,828,1169,1578,1883,0
36,35,828,1169,2704,1270,0
36,37,828,1169,1910,637,0
36,38,828,1169,652,2960,0
36,39,828,1169,1942,2679,0
36,40,828,1169,1988,920,0
36,41,828,1169,965,1686,0
36,42,828,1169,1232,1238,0
36,43,828,1169,1594,2306,0
36,44,828,1169,1777,694,0
36,45,828,1169,2160,1907,0
36,46,828,1169,2318,2824,0
36,47,828,1169,155,1778,0
36,48,828,1169,2364,509,0
36,49,828,1169,2385,1990,0
36,50,828,1169,907,2812,0
36,51,828,1169,645,1169,0
36,52,828,1169,1928,970,0
36,53,828,1169,976,2073,0
36,54,828,1169,2932,2921,0
36,55,828,1169,2813,381,0
36,56,828,1169,710,2734,0
36,57,828,1169,691,1856,0
36,58,828,1169,1104,657,0
36,59,828,1169,326,295,0
36,60,828,1169,2355,1634,0
36,61,828,1169,981,1913,0
36,62,828,1169,1569,1249,0
36,63,828,1169,526,2411,0
36,64,828,1169,234,659,0
36,65,828,1169,282,145,0
36,66,828,1169,2277,2466,0
36,67,828,1169,869,213,0
36,68,828,1169,382,2709,0
36,69,828,1169,370,2819,0
36,70,828,1169,1897,1399,0
36,71,828,1169,2867,2702,0
36,72,828,1169,2660,1168,0
36,73,828,1169,51,572,0
36,74,828,1169,2959,2364,0
36,75,828,1169,220,1332,0
36,76,828,1169,1764,2646,0
36,77,828,1169,2399,2358,0
36,78,828,1169,628,898,0
36,79,828,1169,1998,2018,0
36,80,828,1169,485,796,0
36,81,828,1169,11,2314,0
36,82,828,1169,55,2348,0
36,83,828,1169,2951,586,0
36,84,828,1169,972,630,0
36,85,828,1169,2272,663,0
36,86,828,1169,2187,1884,0
36,87,828,1169,835,2771,0
36,88,828,1169,1205,1326,0
36,89,828,1169,1932,616,0
36,90,828,1169,1276,50,0
36,91,828,1169,1968,2093,0
36,92,828,1169,834,1683,0
36,93,828,1169,1092,318,0
36,94,828,1169,1408,102,0
36,95,828,1169,1162,1463,0
36,96,828,1169,2454,81,0
36,97,828,1169,1027,1503,0
36,98,828,1169,328,2685,0
36,99,828,1169,1047,1127,0
36,100,828,1169,2376,2097,0
36,101,828,1169,1507,2064,0
36,102,828,1169,1735,1517,0
36,103,828,1169,2111,103,0
36,104,828,1169,21,329,0
36,105,828,1169,2868,849,0
36,106,828,1169,1471,167,0
36,107,828,1169,2373,783,0
36,108,828,1169,2621,1680,0
36,109,828,1169,170,2120,0
36,110,828,1169,2377,1545,0
36,111,828,1169,910,2380,0
36,112,828,1169,1661,2195,0
36,113,828,1169,2991,2168,0
36,114,828,1169,546,1098,0
36,115,828,1169,1623,2891,0
36,116,828,1169,869,1014,0
36,117,828,1169,2629,835,0
36,118,828,1169,451,822,0
36,119,828,1169,1715,636,0
36,120,828,1169,1598,516,0
36,121,828,1169,611,1374,1
36,122,828,1169,573,26,0
36,123,828,1169,2071,2923,0
36,124,828,1169,51,271,0
36,125,828,1169,875,769,0
36,126,828,1169,152,2740,0
36,127,828,1169,1986,213,0
36,128,828,1169,1386,1070,0
36,129,828,1169,2517,1148,0
36,130,828,1169,1211,24,0
36,131,828,1169,2910,1043,0
36,132,828,1169,2000,1243,0
37,0,1910,637,1768,2264,0
37,1,1910,637,2913,2734,0
37,2,1910,637,1215,1942,0
37,3,1910,637,2051,1971,0
37,4,1910,637,160,1001,0
37,5,1910,637,593,821,0
37,6,1910,637,2145,2101,0
37,7,1910,637,278,1608,0
37,8,1910,637,1945,1818,0
37,9,1910,637,1634,1385,0
37,10,1910,637,1218,2354,0
37,11,1910,637,1358,761,0
37,12,1910,637,2639,274,0
37,13,1910,637,941,2731,0
37,14,1910,637,720,403,0
37,15,1910,637,1392,2291,0
37,16,1910,637,1876,1945,0
37,17,1910,637,1569,812,0
37,18,1910,637,2424,1961,0
37,19,1910,637,608,1259,0
37,20,1910,637,192,2342,0
37,21,1910,637,2422,1595,0
37,22,1910,637,2722,1804,0
37,23,1910,637,758,652,0
37,24,1910,637,2169,2647,0
37,25,1910,637,48,2991,0
37,26,1910,637,1766,2358,0
37,27,1910,637,1735,1517,0
37,28,1910,637,2661,1773,0
37,29,1910,637,1563,1335,0
37,30,1910,637,2769,1586,0
37,31,1910,637,1591,376,0
37,32,1910,637,635,1666,0
37,33,1910,637,2292,1709,0
37,34,1910,637,1578,1883,0
37,35,1910,637,2704,1270,0
37,36,1910,637,828,1169,0
37,38,1910,637,652,2960,0
37,39,1910,637,1942,2679,0
37,40,1910,637,1988,920,0
37,41,1910,637,965,1686,0
37,42,1910,637,1232,1238,0
37,43,1910,637,1594,2306,0
37,44,1910,637,1777,694,1
37,45,1910,637,2160,1907,0
37,46,1910,637,2318,2824,0
37,47,1910,637,155,1778,0
37,48,1910,637,2364,509,0
37,49,1910,637,2385,1990,0
37,50,1910,637,907,2812,0
37,51,1910,637,645,1169,0
37,52,1910,637,1928,970,0
37,53,1910,637,976,2073,0
37,54,1910,637,2932,2921,0
37,55,1910,637,2813,381,0
37,56,1910,637,710,2734,0
37,57,1910,637,691,1856,0
37,58,1910,637,1104,657,0
37,59,1910,637,326,295,0
37,60,1910,637,2355,1634,0
37,61,1910,637,981,1913,0
37,62,1910,637,1569,1249,0
37,63,1910,637,526,2411,0
37,64,1910,637,234,659,0
37,65,1910,637,282,145,0
37,66,1910,637,2277,2466,0
37,67,1910,637,869,213,0
37,68,1910,637,382,2709,0
37,69,1910,637,370,2819,0
37,70,1910,637,1897,1399,0
37,71,1910,637,2867,2702,0
37,72,1910,637,2660,1168,0
37,73,1910,637,51,572,0
37,74,1910,637,2959,2364,0
37,75,1910,637,220,1332,0
37,76,1910,637,1764,2646,0
37,77,1910,637,2399,2358,0
37,78,1910,637,628,898,0
37,79,1910,637,1998,2018,0
37,80,1910,637,485,796,0
37,81,1910,637,11,2314,0
37,82,1910,637,55,2348,0
37,83,1910,637,2951,586,0
37,84,1910,637,972,630,0
37,85,1910,637,2272,663,0
37,86,1910,637,2187,1884,0
37,87,1910,637,835,2771,0
37,88,1910,637,1205,1326,0
37,89,1910,637,1932,616,0
37,90,1910,637,1276,50,0
37,91,1910,637,1968,2093,0
37,92,1910,637,834,1683,0
37,93,1910,637,1092,318,0
37,94,1910,637,1408,102,0
37,95,1910,637,1162,1463,0
37,96,1910,637,2454,81,0
37,97,1910,637,1027,1503,0
37,98,1910,637,328,2685,0
37,99,1910,637,1047,1127,0
37,100,1910,637,2376,2097,0
37,101,1910,637,1507,2064,0
37,102,1910,637,1735,1517,0
37,103,1910,637,2111,103,0
37,104,1910,637,21,329,0
37,105,1910,637,2868,849,0
37,106,1910,637,1471,167,0
37,107,1910,637,2373,783,0
37,108,1910,637,2621,1680,0
37,109,1910,637,170,2120,0
37,110,1910,637,2377,1545,0
37,111,1910,637,910,2380,0
37,112,1910,637,1661,2195,0
37,113,1910,637,2991,2168,0
37,114,1910,637,546,1098,0
37,115,1910,637,1623,2891,0
37,116,1910,637,869,1014,0
37,117,1910,637,2629,835,0
37,118,1910,637,451,822,0
37,119,1910,637,1715,636,0
37,120,1910,637,1598,516,0
37,121,1910,637,611,1374,0
37,122,1910,637,573,26,0
37,123,1910,637,2071,2923,0
37,124,1910,637,51,271,0
37,125,1910,637,875,769,0
37,126,1910,637,152,2740,0
37,127,1910,637,1986,213,0
37,128,1910,637,1386,1070,0
37,129,1910,637,2517,1148,0
37,130,1910,637,1211,24,0
37,131,1910,637,2910,1043,0
37,132,1910,637,2000,1243,0
38,0,652,2960,1768,2264,0
38,1,652,2960,2913,2734,0
38,2,652,2960,1215,1942,0
38,3,652,2960,2051,1971,0
38,4,652,2960,160,1001,0
38,5,652,2960,593,821,0
38,6,652,2960,2145,2101,0
38,7,652,2960,278,1608,0
38,8,652,2960,1945,1818,0
38,9,652,2960,1634,1385,0
38,10,652,2960,1218,2354,0
38,11,652,2960,1358,761,0
38,12,652,2960,2639,274,0
38,13,652,2960,941,2731,0
38,14,652,2960,720,403,0
38,15,652,2960,1392,2291,0
38,16,652,2960,1876,1945,0
38,17,652,2960,1569,812,0
38,18,652,2960,2424,1961,0
38,19,652,2960,608,1259,0
38,20,652,2960,192,2342,0
38,21,652,2960,2422,1595,0
38,22,652,2960,2722,1804,0
38,23,652,2960,758,652,0
38,24,652,2960,2169,2647,0
38,25,652,2960,48,2991,0
38,26,652,2960,1766,2358,0
38,27,652,2960,1735,1517,0
38,28,652,2960,2661,1773,0
38,29,652,2960,1563,1335,0
38,30,652,2960,2769,1586,0
38,31,652,2960,1591,376,0
38,32,652,2960,635,1666,0
38,33,652,2960,2292,1709,0
38,34,652,2960,1578,1883,0
38,35,652,2960,2704,1270,0
38,36,652,2960,828,1169,0
38,37,652,2960,1910,637,0
38,39,652,2960,1942,2679,0
38,40,652,2960,1988,920,0
38,41,652,2960,965,1686,0
38,42,652,2960,1232,1238,0
38,43,652,2960,1594,2306,0
38,44,652,2960,1777,694,0
38,45,652,2960,2160,1907,0
38,46,652,2960,2318,2824,0
38,47,652,2960,155,1778,0
38,48,652,2960,2364,509,0
38,49,652,2960,2385,1990,0
38,50,652,2960,907,2812,0
38,51,652,2960,645,1169,0
38,52,652,2960,1928,970,0
38,53,652,2960,976,2073,0
38,54,652,2960,2932,2921,0
38,55,652,2960,2813,381,0
38,56,652,2960,710,2734,1
38,57,652,2960,691,1856,0
38,58,652,2960,1104,657,0
38,59,652,2960,326,295,0
38,60,652,2960,2355,1634,0
38,61,652,2960,981,1913,0
38,62,652,2960,1569,1249,0
38,63,652,2960,526,2411,0
38,64,652,2960,234,659,0
38,65,652,2960,282,145,0
38,66,652,2960,2277,2466,0
38,67,652,2960,869,213,0
38,68,652,2960,382,2709,0
38,69,652,2960,370,2819,0
38,70,652,2960,1897,1399,0
38,71,652,2960,2867,2702,0
38,72,652,2960,2660,1168,0
38,73,652,2960,51,572,0
38,74,652,2960,2959,2364,0
38,75,652,2960,220,1332,0
38,76,652,2960,1764,2646,0
38,77,652,2960,2399,2358,0
38,78,652,2960,628,898,0
38,79,652,2960,1998,2018,0
38,80,652,2960,485,796,0
38,81,652,2960,11,2314,0
38,82,652,2960,55,2348,0
38,83,652,2960,2951,586,0
38,84,652,2960,972,630,0
38,85,652,2960,2272,663,0
38,86,652,2960,2187,1884,0
38,87,652,2960,835,2771,0
38,88,652,2960,1205,1326,0
38,89,652,2960,1932,616,0
38,90,652,2960,1276,50,0
38,91,652,2960,1968,2093,0
38,92,652,2960,834,1683,0
38,93,652,2960,1092,318,0
38,94,652,2960,1408,102,0
38,95,652,2960,1162,1463,0
38,96,652,2960,2454,81,0
38,97,652,2960,1027,1503,0
38,98,652,2960,328,2685,0
38,99,652,2960,1047,1127,0
38,100,652,2960,2376,2097,0
38,101,652,2960,1507,2064,0
38,102,652,2960,1735,1517,0
38,103,652,2960,2111,103,0
38,104,652,2960,21,329,0
38,105,652,2960,2868,849,0
38,106,652,2960,1471,167,0
38,107,652,2960,2373,783,0
38,108,652,2960,2621,1680,0
38,109,652,2960,170,2120,0
38,110,652,2960,2377,1545,0
38,111,652,2960,910,2380,0
38,112,652,2960,1661,2195,0
38,113,652,2960,2991,2168,0
38,114,652,2960,546,1098,0
38,115,652,2960,1623,2891,0
38,116,652,2960,869,1014,0
38,117,652,2960,2629,835,0
38,118,652,2960,451,822,0
38,119,652,2960,1715,636,0
38,120,652,2960,1598,516,0
38,121,652,2960,611,1374,0
38,122,652,2960,573,26,0
38,123,652,2960,2071,2923,0
38,124,652,2960,51,271,0
38,125,652,2960,875,769,0
38,126,652,2960,152,2740,0
38,127,652,2960,1986,213,0
38,128,652,2960,1386,1070,0
38,129,652,2960,2517,1148,0
38,130,652,2960,1211,24,0
38,131,652,2960,2910,1043,0
38,132,652,2960,2000,1243,0
39,0,1942,2679,1768,2264,0
39,1,1942,2679,2913,2734,0
39,2,1942,2679,1215,1942,0
39,3,1942,2679,2051,1971,0
39,4,1942,2679,160,1001,0
39,5,1942,2679,593,821,0
39,6,1942,2679,2145,2101,0
39,7,1942,2679,278,1608,0
39,8,1942,2679,1945,1818,0
39,9,1942,2679,1634,1385,0
39,10,1942,2679,1218,2354,0
39,11,1942,2679,1358,761,0
39,12,1942,2679,2639,274,0
39,13,1942,2679,941,2731,0
39,14,1942,2679,720,403,0
39,15,1942,2679,1392,2291,0
39,16,1942,2679,1876,1945,0
39,17,1942,2679,1569,812,0
39,18,1942,2679,2424,1961,0
39,19,1942,2679,608,1259,0
39,20,1942,2679,192,2342,0
39,21,1942,2679,2422,1595,0
39,22,1942,2679,2722,1804,0
39,23,1942,2679,758,652,0
39,24,1942,2679,2169,2647,0
39,25,1942,2679,48,2991,0
39,26,1942,2679,1766,2358,0
39,27,1942,2679,1735,1517,0
39,28,1942,2679,2661,1773,0
39,29,1942,2679,1563,1335,0
39,30,1942,2679,2769,1586,0
39,31,1942,2679,1591,376,0
39,32,1942,2679,635,1666,0
39,33,1942,2679,2292,1709,0
39,34,1942,2679,1578,1883,0
39,35,1942,2679,2704,1270,0
39,36,1942,2679,828,1169,0
39,37,1942,2679,1910,637,0
39,38,1942,2679,652,2960,0
39,40,1942,2679,1988,920,0
39,41,1942,2679,965,1686,0
39,42,1942,2679,1232,1238,0
39,43,1942,2679,1594,2306,0
39,44,1942,2679,1777,694,0
39,45,1942,2679,2160,1907,0
39,46,1942,2679,2318,2824,0
39,47,1942,2679,155,1778,0
39,48,1942,2679,2364,509,0
39,49,1942,2679,2385,1990,0
39,50,1942,2679,907,2812,0
39,51,1942,2679,645,1169,0
39,52,1942,2679,1928,970,0
39,53,1942,2679,976,2073,0
39,54,1942,2679,2932,2921,0
39,55,1942,2679,2813,381,0
39,56,1942,2679,710,2734,0
39,57,1942,2679,691,1856,0
39,58,1942,2679,1104,657,0
39,59,1942,2679,326,295,0
39,60,1942,2679,2355,1634,0
39,61,1942,2679,981,1913,0
39,62,1942,2679,1569,1249,0
39,63,1942,2679,526,2411,0
39,64,1942,2679,234,659,0
39,65,1942,2679,282,145,0
39,66,1942,2679,2277,2466,0
39,67,1942,2679,869,213,0
39,68,1942,2679,382,2709,0
39,69,1942,2679,370,2819,0
39,70,1942,2679,1897,1399,0
39,71,1942,2679,2867,2702,0
39,72,1942,2679,2660,1168,0
39,73,1942,2679,51,572,0
39,74,1942,2679,2959,2364,0
39,75,1942,2679,220,1332,0
39,76,1942,2679,1764,2646,1
39,77,1942,2679,2399,2358,0
39,78,1942,2679,628,898,0
39,79,1942,2679,1998,2018,0
39,80,1942,2679,485,796,0
39,81,1942,2679,11,2314,0
39,82,1942,2679,55,2348,0
39,83,1942,2679,2951,586,0
39,84,1942,2679,972,630,0
39,85,1942,2679,2272,663,0
39,86,1942,2679,2187,1884,0
39,87,1942,2679,835,2771,0
39,88,1942,2679,1205,1326,0
39,89,1942,2679,1932,616,0
39,90,1942,2679,1276,50,0
39,91,1942,2679,1968,2093,0
39,92,1942,2679,834,1683,0
39,93,1942,2679,1092,318,0
39,94,1942,2679,1408,102,0
39,95,1942,2679,1162,1463,0
39,96,1942,2679,2454,81,0
39,97,1942,2679,1027,1503,0
39,98,1942,2679,328,2685,0
39,99,1942,2679,1047,1127,0
39,100,1942,2679,2376,2097,0
39,101,1942,2679,1507,2064,0
39,102,1942,2679,1735,1517,0
39,103,1942,2679,2111,103,0
39,104,1942,2679,21,329,0
39,105,1942,2679,2868,849,0
39,106,1942,2679,1471,167,0
39,107,1942,2679,2373,783,0
39,108,1942,2679,2621,1680,0
39,109,1942,2679,170,2120,0
39,110,1942,2679,2377,1545,0
39,111,1942,2679,910,2380,0
39,112,1942,2679,1661,2195,0
39,113,1942,2679,2991,2168,0
39,114,1942,2679,546,1098,0
39,115,1942,2679,1623,2891,0
39,116,1942,2679,869,1014,0
39,117,1942,2679,2629,835,0
39,118,1942,2679,451,822,0
39,119,1942,2679,1715,636,0
39,120,1942,2679,1598,516,0
39,121,1942,2679,611,1374,0
39,122,1942,2679,573,26,0
39,123,1942,2679,2071,2923,0
39,124,1942,2679,51,271,0
39,125,1942,2679,875,769,0
39,126,1942,2679,152,2740,0
39,127,1942,2679,1986,213,0
39,128,1942,2679,1386,1070,0
39,129,1942,2679,2517,1148,0
39,130,1942,2679,1211,24,0
39,131,1942,2679,2910,1043,0
39,132,1942,2679,2000,1243,0
40,0,1988,920,1768,2264,0
40,1,1988,920,2913,2734,0
40,2,1988,920,1215,1942,0
40,3,1988,920,2051,1971,0
40,4,1988,920,160,1001,0
40,5,1988,920,593,821,0
40,6,1988,920,2145,2101,0
40,7,1988,920,278,1608,0
40,8,1988,920,1945,1818,0
40,9,1988,920,1634,1385,0
40,10,1988,920,1218,2354,0
40,11,1988,920,1358,761,0
40,12,1988,920,2639,274,0
40,13,1988,920,941,2731,0
40,14,1988,920,720,403,0
40,15,1988,920,1392,2291,0
40,16,1988,920,1876,1945,0
40,17,1988,920,1569,812,0
40,18,1988,920,2424,1961,0
40,19,1988,920,608,1259,0
40,20,1988,920,192,2342,0
40,21,1988,920,2422,1595,0
40,22,1988,920,2722,1804,0
40,23,1988,920,758,652,0
40,24,1988,920,2169,2647,0
40,25,1988,920,48,2991,0
40,26,1988,920,1766,2358,0
40,27,1988,920,1735,1517,0
40,28,1988,920,2661,1773,0
40,29,1988,920,1563,1335,0
40,30,1988,920,2769,1586,0
40,31,1988,920,1591,376,0
40,32,1988,920,635,1666,0
40,33,1988,920,2292,1709,0
40,34,1988,920,1578,1883,0
40,35,1988,920,2704,1270,0
40,36,1988,920,828,1169,0
40,37,1988,920,1910,637,0
40,38,1988,920,652,2960,0
40,39,1988,920,1942,2679,0
40,41,1988,920,965,1686,0
40,42,1988,920,1232,1238,0
40,43,1988,920,1594,2306,0
40,44,1988,920,1777,694,0
40,45,1988,920,2160,1907,0
40,46,1988,920,2318,2824,0
40,47,1988,920,155,1778,0
40,48,1988,920,2364,509,0
40,49,1988,920,2385,1990,0
40,50,1988,920,907,2812,0
40,51,1988,920,645,1169,0
40,52,1988,920,1928,970,0
40,53,1988,920,976,2073,0
40,54,1988,920,2932,2921,0
40,55,1988,920,2813,381,0
40,56,1988,920,710,2734,0
40,57,1988,920,691,1856,0
40,58,1988,920,1104,657,0
40,59,1988,920,326,295,0
40,60,1988,920,2355,1634,0
40,61,1988,920,981,1913,0
40,62,1988,920,1569,1249,0
40,63,1988,920,526,2411,0
40,64,1988,920,234,659,0
40,65,1988,920,282,145,0
40,66,1988,920,2277,2466,0
40,67,1988,920,869,213,0
40,68,1988,920,382,2709,0
40,69,1988,920,370,2819,0
40,70,1988,920,1897,1399,0
40,71,1988,920,2867,2702,0
40,72,1988,920,2660,1168,0
40,73,1988,920,51,572,0
40,74,1988,920,2959,2364,0
40,75,1988,920,220,1332,0
40,76,1988,920,1764,2646,0
40,77,1988,920,2399,2358,0
40,78,1988,920,628,898,0
40,79,1988,920,1998,2018,0
40,80,1988,920,485,796,0
40,81,1988,920,11,2314,0
40,82,1988,920,55,2348,0
40,83,1988,920,2951,586,0
40,84,1988,920,972,630,0
40,85,1988,920,2272,663,1
40,86,1988,920,2187,1884,0
40,87,1988,920,835,2771,0
40,88,1988,920,1205,1326,0
40,89,1988,920,1932,616,0
40,90,1988,920,1276,50,0
40,91,1988,920,1968,2093,0
40,92,1988,920,834,1683,0
40,93,1988,920,1092,318,0
40,94,1988,920,1408,102,0
40,95,1988,920,1162,1463,0
40,96,1988,920,2454,81,0
40,97,1988,920,1027,1503,0
40,98,1988,920,328,2685,0
40,99,1988,920,1047,1127,0
40,100,1988,920,2376,2097,0
40,101,1988,920,1507,2064,0
40,102,1988,920,1735,1517,0
40,103,1988,920,2111,103,0
40,104,1988,920,21,329,0
40,105,1988,920,2868,849,0
40,106,1988,920,1471,167,0
40,107,1988,920,2373,783,0
40,108,1988,920,2621,1680,0
40,109,1988,920,170,2120,0
40,110,1988,920,2377,1545,0
40,111,1988,920,910,2380,0
40,112,1988,920,1661,2195,0
40,113,1988,920,2991,2168,0
40,114,1988,920,546,1098,0
40,115,1988,920,1623,2891,0
40,116,1988,920,869,1014,0
40,117,1988,920,2629,835,0
40,118,1988,920,451,822,0
40,119,1988,920,1715,636,0
40,120,1988,920,1598,516,0
40,121,1988,920,611,1374,0
40,122,1988,920,573,26,0
40,123,1988,920,2071,2923,0
40,124,1988,920,51,271,0
40,125,1988,920,875,769,0
40,126,1988,920,152,2740,0
40,127,1988,920,1986,213,0
40,128,1988,920,1386,1070,0
40,129,1988,920,2517,1148,0
40,130,1988,920,1211,24,0
40,131,1988,920,2910,1043,0
40,132,1988,920,2000,1243,0
41,0,965,1686,1768,2264,0
41,1,965,1686,2913,2734,0
41,2,965,1686,1215,1942,0
41,3,965,1686,2051,1971,0
41,4,965,1686,160,1001,0
41,5,965,1686,593,821,0
41,6,965,1686,2145,2101,0
41,7,965,1686,278,1608,0
41,8,965,1686,1945,1818,0
41,9,965,1686,1634,1385,0
41,10,965,1686,1218,2354,0
41,11,965,1686,1358,761,0
41,12,965,1686,2639,274,0
41,13,965,1686,941,2731,0
41,14,965,1686,720,403,0
41,15,965,1686,1392,2291,0
41,16,965,1686,1876,1945,0
41,17,965,1686,1569,812,0
41,18,965,1686,2424,1961,0
41,19,965,1686,608,1259,0
41,20,965,1686,192,2342,0
41,21,965,1686,2422,1595,0
41,22,965,1686,2722,1804,0
41,23,965,1686,758,652,0
41,24,965,1686,2169,2647,0
41,25,965,1686,48,2991,0
41,26,965,1686,1766,2358,0
41,27,965,1686,1735,1517,0
41,28,965,1686,2661,1773,0
41,29,965,1686,1563,1335,0
41,30,965,1686,2769,1586,0
41,31,965,1686,1591,376,0
41,32,965,1686,635,1666,0
41,33,965,1686,2292,1709,0
41,34,965,1686,1578,1883,0
41,35,965,1686,2704,1270,0
41,36,965,1686,828,1169,0
41,37,965,1686,1910,637,0
41,38,965,1686,652,2960,0
41,39,965,1686,1942,2679,0
41,40,965,1686,1988,920,0
41,42,965,1686,1232,1238,0
41,43,965,1686,1594,2306,0
41,44,965,1686,1777,694,0
41,45,965,1686,2160,1907,0
41,46,965,1686,2318,2824,0
41,47,965,1686,155,1778,0
41,48,965,1686,2364,509,0
41,49,965,1686,2385,1990,0
41,50,965,1686,907,2812,0
41,51,965,1686,645,1169,0
41,52,965,1686,1928,970,0
41,53,965,1686,976,2073,0
41,54,965,1686,2932,2921,0
41,55,965,1686,2813,381,0
41,56,965,1686,710,2734,0
41,57,965,1686,691,1856,0
41,58,965,1686,1104,657,0
41,59,965,1686,326,295,0
41,60,965,1686,2355,1634,0
41,61,965,1686,981,1913,0
41,62,965,1686,1569,1249,0
41,63,965,1686,526,2411,0
41,64,965,1686,234,659,0
41,65,965,1686,282,145,0
41,66,965,1686,2277,2466,0
41,67,965,1686,869,213,0
41,68,965,1686,382,2709,0
41,69,965,1686,370,2819,0
41,70,965,1686,1897,1399,0
41,71,965,1686,2867,2702,0
41,72,965,1686,2660,1168,0
41,73,965,1686,51,572,0
41,74,965,1686,2959,2364,0
41,75,965,1686,220,1332,0
41,76,965,1686,1764,2646,0
41,77,965,1686,2399,2358,0
41,78,965,1686,628,898,0
41,79,965,1686,1998,2018,0
41,80,965,1686,485,796,0
41,81,965,1686,11,2314,0
41,82,965,1686,55,2348,0
41,83,965,1686,2951,586,0
41,84,965,1686,972,630,0
41,85,965,1686,2272,663,0
41,86,965,1686,2187,1884,0
41,87,965,1686,835,2771,0
41,88,965,1686,1205,1326,0
41,89,965,1686,1932,616,0
41,90,965,1686,1276,50,0
41,91,965,1686,1968,2093,0
41,92,965,1686,834,1683,0
41,93,965,1686,1092,318,0
41,94,965,1686,1408,102,0
41,95,965,1686,1162,1463,0
41,96,965,1686,2454,81,0
41,97,965,1686,1027,1503,1
41,98,965,1686,328,2685,0
41,99,965,1686,1047,1127,0
41,100,965,1686,2376,2097,0
41,101,965,1686,1507,2064,0
41,102,965,1686,1735,1517,0
41,103,965,1686,2111,103,0
41,104,965,1686,21,329,0
41,105,965,1686,2868,849,0
41,106,965,1686,1471,167,0
41,107,965,1686,2373,783,0
41,108,965,1686,2621,1680,0
41,109,965,1686,170,2120,0
41,110,965,1686,2377,1545,0
41,111,965,1686,910,2380,0
41,112,965,1686,1661,2195,0
41,113,965,1686,2991,2168,0
41,114,965,1686,546,1098,0
41,115,965,1686,1623,2891,0
41,116,965,1686,869,1014,0
41,117,965,1686,2629,835,0
41,118,965,1686,451,822,0
41,119,965,1686,1715,636,0
41,120,965,1686,1598,516,0
41,121,965,1686,611,1374,0
41,122,965,1686,573,26,0
41,123,965,1686,2071,2923,0
41,124,965,1686,51,271,0
41,125,965,1686,875,769,0
41,126,965,1686,152,2740,0
41,127,965,1686,1986,213,0
41,128,965,1686,1386,1070,0
41,129,965,1686,2517,1148,0
41,130,965,1686,1211,24,0
41,131,965,1686,2910,1043,0
41,132,965,1686,2000,1243,0
42,0,1232,1238,1768,2264,0
42,1,1232,1238,2913,2734,0
42,2,1232,1238,1215,1942,0
42,3,1232,1238,2051,1971,0
42,4,1232,1238,160,1001,0
42,5,1232,1238,593,821,0
42,6,1232,1238,2145,2101,0
42,7,1232,1238,278,1608,0
42,8,1232,1238,1945,1818,0
42,9,1232,1238,1634,1385,0
42,10,1232,1238,1218,2354,0
42,11,1232,1238,1358,761,0
42,12,1232,1238,2639,274,0
42,13,1232,1238,941,2731,0
42,14,1232,1238,720,403,0
42,15,1232,1238,1392,2291,0
42,16,1232,1238,1876,1945,0
42,17,1232,1238,1569,812,0
42,18,1232,1238,2424,1961,0
42,19,1232,1238,608,1259,0
42,20,1232,1238,192,2342,0
42,21,1232,1238,2422,1595,0
42,22,1232,1238,2722,1804,0
42,23,1232,1238,758,652,0
42,24,1232,1238,2169,2647,0
42,25,1232,1238,48,2991,0
42,26,1232,1238,1766,2358,0
42,27,1232,1238,1735,1517,0
42,28,1232,1238,2661,1773,0
42,29,1232,1238,1563,1335,0
42,30,1232,1238,2769,1586,0
42,31,1232,1238,1591,376,0
42,32,1232,1238,635,1666,0
42,33,1232,1238,2292,1709,0
42,34,1232,1238,1578,1883,0
42,35,1232,1238,2704,1270,0
42,36,1232,1238,828,1169,0
42,37,1232,1238,1910,637,0
42,38,1232,1238,652,2960,0
42,39,1232,1238,1942,2679,0
42,40,1232,1238,1988,920,0
42,41,1232,1238,965,1686,0
42,43,1232,1238,1594,2306,0
42,44,1232,1238,1777,694,0
42,45,1232,1238,2160,1907,0
42,46,1232,1238,2318,2824,0
42,47,1232,1238,155,1778,0
42,48,1232,1238,2364,509,0
42,49,1232,1238,2385,1990,0
42,50,1232,1238,907,2812,0
42,51,1232,1238,645,1169,0
42,52,1232,1238,1928,970,0
42,53,1232,1238,976,2073,0
42,54,1232,1238,2932,2921,0
42,55,1232,1238,2813,381,0
42,56,1232,1238,710,2734,0
42,57,1232,1238,691,1856,0
42,58,1232,1238,1104,657,0
42,59,1232,1238,326,295,0
42,60,1232,1238,2355,1634,0
42,61,1232,1238,981,1913,0
42,62,1232,1238,1569,1249,0
42,63,1232,1238,526,2411,0
42,64,1232,1238,234,659,0
42,65,1232,1238,282,145,0
42,66,1232,1238,2277,2466,0
42,67,1232,1238,869,213,0
42,68,1232,1238,382,2709,0
42,69,1232,1238,370,2819,0
42,70,1232,1238,1897,1399,0
42,71,1232,1238,2867,2702,0
42,72,1232,1238,2660,1168,0
42,73,1232,1238,51,572,0
42,74,1232,1238,2959,2364,0
42,75,1232,1238,220,1332,0
42,76,1232,1238,1764,2646,0
42,77,1232,1238,2399,2358,0
42,78,1232,1238,628,898,0
42,79,1232,1238,1998,2018,0
42,80,1232,1238,485,796,0
42,81,1232,1238,11,2314,0
42,82,1232,1238,55,2348,0
42,83,1232,1238,2951,586,0
42,84,1232,1238,972,630,0
42,85,1232,1238,2272,663,0
42,86,1232,1238,2187,1884,0
42,87,1232,1238,835,2771,0
42,88,1232,1238,1205,1326,0
42,89,1232,1238,1932,616,0
42,90,1232,1238,1276,50,0
42,91,1232,1238,1968,2093,0
42,92,1232,1238,834,1683,0
42,93,1232,1238,1092,318,0
42,94,1232,1238,1408,102,0
42,95,1232,1238,1162,1463,0
42,96,1232,1238,2454,81,0
42,97,1232,1238,1027,1503,0
42,98,1232,1238,328,2685,0
42,99,1232,1238,1047,1127,1
42,100,1232,1238,2376,2097,0
42,101,1232,1238,1507,2064,0
42,102,1232,1238,1735,1517,0
42,103,1232,1238,2111,103,0
42,104,1232,1238,21,329,0
42,105,1232,1238,2868,849,0
42,106,1232,1238,1471,167,0
42,107,1232,1238,2373,783,0
42,108,1232,1238,2621,1680,0
42,109,1232,1238,170,2120,0
42,110,1232,1238,2377,1545,0
42,111,1232,1238,910,2380,0
42,112,1232,1238,1661,2195,0
42,113,1232,1238,2991,2168,0
42,114,1232,1238,546,1098,0
42,115,1232,1238,1623,2891,0
42,116,1232,1238,869,1014,0
42,117,1232,1238,2629,835,0
42,118,1232,1238,451,822,0
42,119,1232,1238,1715,636,0
42,120,1232,1238,1598,516,0
42,121,1232,1238,611,1374,0
42,122,1232,1238,573,26,0
42,123,1232,1238,2071,2923,0
42,124,1232,1238,51,271,0
42,125,1232,1238,875,769,0
42,126,1232,1238,152,2740,0
42,127,1232,1238,1986,213,0
42,128,1232,1238,1386,1070,0
42,129,1232,1238,2517,1148,0
42,130,1232,1238,1211,24,0
42,131,1232,1238,2910,1043,0
42,132,1232,1238,2000,1243,0
43,0,1594,2306,1768,2264,0
43,1,1594,2306,2913,2734,0
43,2,1594,2306,1215,1942,0
43,3,1594,2306,2051,1971,0
43,4,1594,2306,160,1001,0
43,5,1594,2306,593,821,0
43,6,1594,2306,2145,2101,0
43,7,1594,2306,278,1608,0
43,8,1594,2306,1945,1818,0
43,9,1594,2306,1634,1385,0
43,10,1594,2306,1218,2354,0
43,11,1594,2306,1358,761,0
43,12,1594,2306,2639,274,0
43,13,1594,2306,941,2731,0
43,14,1594,2306,720,403,0
43,15,1594,2306,1392,2291,0
43,16,1594,2306,1876,1945,0
43,17,1594,2306,1569,812,0
43,18,1594,2306,2424,1961,0
43,19,1594,2306,608,1259,0
43,20,1594,2306,192,2342,0
43,21,1594,2306,2422,1595,0
43,22,1594,2306,2722,1804,0
43,23,1594,2306,758,652,0
43,24,1594,2306,2169,2647,0
43,25,1594,2306,48,2991,0
43,26,1594,2306,1766,2358,0
43,27,1594,2306,1735,1517,0
43,28,1594,2306,2661,1773,0
43,29,1594,2306,1563,1335,0
43,30,1594,2306,2769,1586,0
43,31,1594,2306,1591,376,0
43,32,1594,2306,635,1666,0
43,33,1594,2306,2292,1709,0
43,34,1594,2306,1578,1883,0
43,35,1594,2306,2704,1270,0
43,36,1594,2306,828,1169,0
43,37,1594,2306,1910,637,0
43,38,1594,2306,652,2960,0
43,39,1594,2306,1942,2679,0
43,40,1594,2306,1988,920,0
43,41,1594,2306,965,1686,0
43,42,1594,2306,1232,1238,0
43,44,1594,2306,1777,694,0
43,45,1594,2306,2160,1907,0
43,46,1594,2306,2318,2824,0
43,47,1594,2306,155,1778,0
43,48,1594,2306,2364,509,0
43,49,1594,2306,2385,1990,0
43,50,1594,2306,907,2812,0
43,51,1594,2306,645,1169,0
43,52,1594,2306,1928,970,0
43,53,1594,2306,976,2073,0
43,54,1594,2306,2932,2921,0
43,55,1594,2306,2813,381,0
43,56,1594,2306,710,2734,0
43,57,1594,2306,691,1856,0
43,58,1594,2306,1104,657,0
43,59,1594,2306,326,295,0
43,60,1594,2306,2355,1634,0
43,61,1594,2306,981,1913,0
43,62,1594,2306,1569,1249,0
43,63,1594,2306,526,2411,0
43,64,1594,2306,234,659,0
43,65,1594,2306,282,145,0
43,66,1594,2306,2277,2466,0
43,67,1594,2306,869,213,0
43,68,1594,2306,382,2709,0
43,69,1594,2306,370,2819,0
43,70,1594,2306,1897,1399,0
43,71,1594,2306,2867,2702,0
43,72,1594,2306,2660,1168,0
43,73,1594,2306,51,572,0
43,74,1594,2306,2959,2364,0
43,75,1594,2306,220,1332,0
43,76,1594,2306,1764,2646,0
43,77,1594,2306,2399,2358,0
43,78,1594,2306,628,898,0
43,79,1594,2306,1998,2018,0
43,80,1594,2306,485,796,0
43,81,1594,2306,11,2314,0
43,82,1594,2306,55,2348,0
43,83,1594,2306,2951,586,0
43,84,1594,2306,972,630,0
43,85,1594,2306,2272,663,0
43,86,1594,2306,2187,1884,0
43,87,1594,2306,835,2771,0
43,88,1594,2306,1205,1326,0
43,89,1594,2306,1932,616,0
43,90,1594,2306,1276,50,0
43,91,1594,2306,1968,2093,0
43,92,1594,2306,834,1683,0
43,93,1594,2306,1092,318,0
43,94,1594,2306,1408,102,0
43,95,1594,2306,1162,1463,0
43,96,1594,2306,2454,81,0
43,97,1594,2306,1027,1503,0
43,98,1594,2306,328,2685,0
43,99,1594,2306,1047,1127,0
43,100,1594,2306,2376,2097,0
43,101,1594,2306,1507,2064,0
43,102,1594,2306,1735,1517,0
43,103,1594,2306,2111,103,0
43,104,1594,2306,21,329,0
43,105,1594,2306,2868,849,0
43,106,1594,2306,1471,167,0
43,107,1594,2306,2373,783,0
43,108,1594,2306,2621,1680,0
43,109,1594,2306,170,2120,0
43,110,1594,2306,2377,1545,0
43,111,1594,2306,910,2380,0
43,112,1594,2306,1661,2195,1
43,113,1594,2306,2991,2168,0
43,114,1594,2306,546,1098,0
43,115,1594,2306,1623,2891,0
43,116,1594,2306,869,1014,0
43,117,1594,2306,2629,835,0
43,118,1594,2306,451,822,0
43,119,1594,2306,1715,636,0
43,120,1594,2306,1598,516,0
43,121,1594,2306,611,1374,0
43,122,1594,2306,573,26,0
43,123,1594,2306,2071,2923,0
43,124,1594,2306,51,271,0
43,125,1594,2306,875,769,0
43,126,1594,2306,152,2740,0
43,127,1594,2306,1986,213,0
43,128,1594,2306,1386,1070,0
43,129,1594,2306,2517,1148,0
43,130,1594,2306,1211,24,0
43,131,1594,2306,2910,1043,0
43,132,1594,2306,2000,1243,0
44,0,1777,694,1768,2264,0
44,1,1777,694,2913,2734,0
44,2,1777,694,1215,1942,0
44,3,1777,694,2051,1971,0
44,4,1777,694,160,1001,0
44,5,1777,694,593,821,0
44,6,1777,694,2145,2101,0
44,7,1777,694,278,1608,0
44,8,1777,694,1945,1818,0
44,9,1777,694,1634,1385,0
44,10,1777,694,1218,2354,0
44,11,1777,694,1358,761,0
44,12,1777,694,2639,274,0
44,13,1777,694,941,2731,0
44,14,1777,694,720,403,0
44,15,1777,694,1392,2291,0
44,16,1777,694,1876,1945,0
44,17,1777,694,1569,812,0
44,18,1777,694,2424,1961,0
44,19,1777,694,608,1259,0
44,20,1777,694,192,2342,0
44,21,1777,694,2422,1595,0
44,22,1777,694,2722,1804,0
44,23,1777,694,758,652,0
44,24,1777,694,2169,2647,0
44,25,1777,694,48,2991,0
44,26,1777,694,1766,2358,0
44,27,1777,694,1735,1517,0
44,28,1777,694,2661,1773,0
44,29,1777,694,1563,1335,0
44,30,1777,694,2769,1586,0
44,31,1777,694,1591,376,0
44,32,1777,694,635,1666,0
44,33,1777,694,2292,1709,0
44,34,1777,694,1578,1883,0
44,35,1777,694,2704,1270,0
44,36,1777,694,828,1169,0
44,37,1777,694,1910,637,0
44,38,1777,694,652,2960,0
44,39,1777,694,1942,2679,0
44,40,1777,694,1988,920,0
44,41,1777,694,965,1686,0
44,42,1777,694,1232,1238,0
44,43,1777,694,1594,2306,0
44,45,1777,694,2160,1907,0
44,46,1777,694,2318,2824,0
44,47,1777,694,155,1778,0
44,48,1777,694,2364,509,0
44,49,1777,694,2385,1990,0
44,50,1777,694,907,2812,0
44,51,1777,694,645,1169,0
44,52,1777,694,1928,970,0
44,53,1777,694,976,2073,0
44,54,1777,694,2932,2921,0
44,55,1777,694,2813,381,0
44,56,1777,694,710,2734,0
44,57,1777,694,691,1856,0
44,58,1777,694,1104,657,0
44,59,1777,694,326,295,0
44,60,1777,694,2355,1634,0
44,61,1777,694,981,1913,0
44,62,1777,694,1569,1249,0
44,63,1777,694,526,2411,0
44,64,1777,694,234,659,0
44,65,1777,694,282,145,0
44,66,1777,694,2277,2466,0
44,67,1777,694,869,213,0
44,68,1777,694,382,2709,0
44,69,1777,694,370,2819,0
44,70,1777,694,1897,1399,0
44,71,1777,694,2867,2702,0
44,72,1777,694,2660,1168,0
44,73,1777,694,51,572,0
44,74,1777,694,2959,2364,0
44,75,1777,694,220,1332,0
44,76,1777,694,1764,2646,0
44,77,1777,694,2399,2358,0
44,78,1777,694,628,898,0
44,79,1777,694,1998,2018,0
44,80,1777,694,485,796,0
44,81,1777,694,11,2314,0
44,82,1777,694,55,2348,0
44,83,1777,694,2951,586,0
44,84,1777,694,972,630,0
44,85,1777,694,2272,663,0
44,86,1777,694,2187,1884,0
44,87,1777,694,835,2771,0
44,88,1777,694,1205,1326,0
44,89,1777,694,1932,616,0
44,90,1777,694,1276,50,0
44,91,1777,694,1968,2093,0
44,92,1777,694,834,1683,0
44,93,1777,694,1092,318,0
44,94,1777,694,1408,102,0
44,95,1777,694,1162,1463,0
44,96,1777,694,2454,81,0
44,97,1777,694,1027,1503,0
44,98,1777,694,328,2685,0
44,99,1777,694,1047,1127,0
44,100,1777,694,2376,2097,0
44,101,1777,694,1507,2064,0
44,102,1777,694,1735,1517,0
44,103,1777,694,2111,103,0
44,104,1777,694,21,329,0
44,105,1777,694,2868,849,0
44,106,1777,694,1471,167,0
44,107,1777,694,2373,783,0
44,108,1777,694,2621,1680,0
44,109,1777,694,170,2120,0
44,110,1777,694,2377,1545,0
44,111,1777,694,910,2380,0
44,112,1777,694,1661,2195,0
44,113,1777,694,2991,2168,0
44,114,1777,694,546,1098,0
44,115,1777,694,1623,2891,0
44,116,1777,694,869,1014,0
44,117,1777,694,2629,835,0
44,118,1777,694,451,822,0
44,119,1777,694,1715,636,1
44,120,1777,694,1598,516,0
44,121,1777,694,611,1374,0
44,122,1777,694,573,26,0
44,123,1777,694,2071,2923,0
44,124,1777,694,51,271,0
44,125,1777,694,875,769,0
44,126,1777,694,152,2740,0
44,127,1777,694,1986,213,0
44,128,1777,694,1386,1070,0
44,129,1777,694,2517,1148,0
44,130,1777,694,1211,24,0
44,131,1777,694,2910,1043,0
44,132,1777,694,2000,1243,0
45,0,2160,1907,1768,2264,0
45,1,2160,1907,2913,2734,0
45,2,2160,1907,1215,1942,0
45,3,2160,1907,2051,1971,0
45,4,2160,1907,160,1001,0
45,5,2160,1907,593,821,0
45,6,2160,1907,2145,2101,0
45,7,2160,1907,278,1608,0
45,8,2160,1907,1945,1818,1
45,9,2160,1907,1634,1385,0
45,10,2160,1907,1218,2354,0
45,11,2160,1907,1358,761,0
45,12,2160,1907,2639,274,0
45,13,2160,1907,941,2731,0
45,14,2160,1907,720,403,0
45,15,2160,1907,1392,2291,0
45,16,2160,1907,1876,1945,0
45,17,2160,1907,1569,812,0
45,18,2160,1907,2424,1961,0
45,19,2160,1907,608,1259,0
45,20,2160,1907,192,2342,0
45,21,2160,1907,2422,1595,0
45,22,2160,1907,2722,1804,0
45,23,2160,1907,758,652,0
45,24,2160,1907,2169,2647,0
45,25,2160,1907,48,2991,0
45,26,2160,1907,1766,2358,0
45,27,2160,1907,1735,1517,0
45,28,2160,1907,2661,1773,0
45,29,2160,1907,1563,1335,0
45,30,2160,1907,2769,1586,0
45,31,2160,1907,1591,376,0
45,32,2160,1907,635,1666,0
45,33,2160,1907,2292,1709,0
45,34,2160,1907,1578,1883,0
45,35,2160,1907,2704,1270,0
45,36,2160,1907,828,1169,0
45,37,2160,1907,1910,637,0
45,38,2160,1907,652,2960,0
45,39,2160,1907,1942,2679,0
45,40,2160,1907,1988,920,0
45,41,2160,1907,965,1686,0
45,42,2160,1907,1232,1238,0
45,43,2160,1907,1594,2306,0
45,44,2160,1907,1777,694,0
45,46,2160,1907,2318,2824,0
45,47,2160,1907,155,1778,0
45,48,2160,1907,2364,509,0
45,49,2160,1907,2385,1990,0
45,50,2160,1907,907,2812,0
45,51,2160,1907,645,1169,0
45,52,2160,1907,1928,970,0
45,53,2160,1907,976,2073,0
45,54,2160,1907,2932,2921,0
45,55,2160,1907,2813,381,0
45,56,2160,1907,710,2734,0
45,57,2160,1907,691,1856,0
45,58,2160,1907,1104,657,0
45,59,2160,1907,326,295,0
45,60,2160,1907,2355,1634,0
45,61,2160,1907,981,1913,0
45,62,2160,1907,1569,1249,0
45,63,2160,1907,526,2411,0
45,64,2160,1907,234,659,0
45,65,2160,1907,282,145,0
45,66,2160,1907,2277,2466,0
45,67,2160,1907,869,213,0
45,68,2160,1907,382,2709,0
45,69,2160,1907,370,2819,0
45,70,2160,1907,1897,1399,0
45,71,2160,1907,2867,2702,0
45,72,2160,1907,2660,1168,0
45,73,2160,1907,51,572,0
45,74,2160,1907,2959,2364,0
45,75,2160,1907,220,1332,0
45,76,2160,1907,1764,2646,0
45,77,2160,1907,2399,2358,0
45,78,2160,1907,628,898,0
45,79,2160,1907,1998,2018,0
45,80,2160,1907,485,796,0
45,81,2160,1907,11,2314,0
45,82,2160,1907,55,2348,0
45,83,2160,1907,2951,586,0
45,84,2160,1907,972,630,0
45,85,2160,1907,2272,663,0
45,86,2160,1907,2187,1884,0
45,87,2160,1907,835,2771,0
45,88,2160,1907,1205,1326,0
45,89,2160,1907,1932,616,0
45,90,2160,1907,1276,50,0
45,91,2160,1907,1968,2093,0
45,92,2160,1907,834,1683,0
45,93,2160,1907,1092,318,0
45,94,2160,1907,1408,102,0
45,95,2160,1907,1162,1463,0
45,96,2160,1907,2454,81,0
45,97,2160,1907,1027,1503,0
45,98,2160,1907,328,2685,0
45,99,2160,1907,1047,1127,0
45,100,2160,1907,2376,2097,0
45,101,2160,1907,1507,2064,0
45,102,2160,1907,1735,1517,0
45,103,2160,1907,2111,103,0
45,104,2160,1907,21,329,0
45,105,2160,1907,2868,849,0
45,106,2160,1907,1471,167,0
45,107,2160,1907,2373,783,0
45,108,2160,1907,2621,1680,0
45,109,2160,1907,170,2120,0
45,110,2160,1907,2377,1545,0
45,111,2160,1907,910,2380,0
45,112,2160,1907,1661,2195,0
45,113,2160,1907,2991,2168,0
45,114,2160,1907,546,1098,0
45,115,2160,1907,1623,2891,0
45,116,2160,1907,869,1014,0
45,117,2160,1907,2629,835,0
45,118,2160,1907,451,822,0
45,119,2160,1907,1715,636,0
45,120,2160,1907,1598,516,0
45,121,2160,1907,611,1374,0
45,122,2160,1907,573,26,0
45,123,2160,1907,2071,2923,0
45,124,2160,1907,51,271,0
45,125,2160,1907,875,769,0
45,126,2160,1907,152,2740,0
45,127,2160,1907,1986,213,0
45,128,2160,1907,1386,1070,0
45,129,2160,1907,2517,1148,0
45,130,2160,1907,1211,24,0
45,131,2160,1907,2910,1043,0
45,132,2160,1907,2000,1243,0
46,0,2318,2824,1768,2264,0
46,1,2318,2824,2913,2734,0
46,2,2318,2824,1215,1942,0
46,3,2318,2824,2051,1971,0
46,4,2318,2824,160,1001,0
46,5,2318,2824,593,821,0
46,6,2318,2824,2145,2101,0
46,7,2318,2824,278,1608,0
46,8,2318,2824,1945,1818,0
46,9,2318,2824,1634,1385,0
46,10,2318,2824,1218,2354,0
46,11,2318,2824,1358,761,0
46,12,2318,2824,2639,274,0
46,13,2318,2824,941,2731,0
46,14,2318,2824,720,403,0
46,15,2318,2824,1392,2291,0
46,16,2318,2824,1876,1945,0
46,17,2318,2824,1569,812,0
46,18,2318,2824,2424,1961,0
46,19,2318,2824,608,1259,0
46,20,2318,2824,192,2342,0
46,21,2318,2824,2422,1595,0
46,22,2318,2824,2722,1804,0
46,23,2318,2824,758,652,0
46,24,2318,2824,2169,2647,0
46,25,2318,2824,48,2991,0
46,26,2318,2824,1766,2358,0
46,27,2318,2824,1735,1517,0
46,28,2318,2824,2661,1773,0
46,29,2318,2824,1563,1335,0
46,30,2318,2824,2769,1586,0
46,31,2318,2824,1591,376,0
46,32,2318,2824,635,1666,0
46,33,2318,2824,2292,1709,0
46,34,2318,2824,1578,1883,0
46,35,2318,2824,2704,1270,0
46,36,2318,2824,828,1169,0
46,37,2318,2824,1910,637,0
46,38,2318,2824,652,2960,0
46,39,2318,2824,1942,2679,0
46,40,2318,2824,1988,920,0
46,41,2318,2824,965,1686,0
46,42,2318,2824,1232,1238,0
46,43,2318,2824,1594,2306,0
46,44,2318,2824,1777,694,0
46,45,2318,2824,2160,1907,0
46,47,2318,2824,155,1778,0
46,48,2318,2824,2364,509,0
46,49,2318,2824,2385,1990,0
46,50,2318,2824,907,2812,0
46,51,2318,2824,645,1169,0
46,52,2318,2824,1928,970,0
46,53,2318,2824,976,2073,0
46,54,2318,2824,2932,2921,1
46,55,2318,2824,2813,381,0
46,56,2318,2824,710,2734,0
46,57,2318,2824,691,1856,0
46,58,2318,2824,1104,657,0
46,59,2318,2824,326,295,0
46,60,2318,2824,2355,1634,0
46,61,2318,2824,981,1913,0
46,62,2318,2824,1569,1249,0
46,63,2318,2824,526,2411,0
46,64,2318,2824,234,659,0
46,65,2318,2824,282,145,0
46,66,2318,2824,2277,2466,0
46,67,2318,2824,869,213,0
46,68,2318,2824,382,2709,0
46,69,2318,2824,370,2819,0
46,70,2318,2824,1897,1399,0
46,71,2318,2824,2867,2702,0
46,72,2318,2824,2660,1168,0
46,73,2318,2824,51,572,0
46,74,2318,2824,2959,2364,0
46,75,2318,2824,220,1332,0
46,76,2318,2824,1764,2646,0
46,77,2318,2824,2399,2358,0
46,78,2318,2824,628,898,0
46,79,2318,2824,1998,2018,0
46,80,2318,2824,485,796,0
46,81,2318,2824,11,2314,0
46,82,2318,2824,55,2348,0
46,83,2318,2824,2951,586,0
46,84,2318,2824,972,630,0
46,85,2318,2824,2272,663,0
46,86,2318,2824,2187,1884,0
46,87,2318,2824,835,2771,0
46,88,2318,2824,1205,1326,0
46,89,2318,2824,1932,616,0
46,90,2318,2824,1276,50,0
46,91,2318,2824,1968,2093,0
46,92,2318,2824,834,1683,0
46,93,2318,2824,1092,318,0
46,94,2318,2824,1408,102,0
46,95,2318,2824,1162,1463,0
46,96,2318,2824,2454,81,0
46,97,2318,2824,1027,1503,0
46,98,2318,2824,328,2685,0
46,99,2318,2824,1047,1127,0
46,100,2318,2824,2376,2097,0
46,101,2318,2824,1507,2064,0
46,102,2318,2824,1735,1517,0
46,103,2318,2824,2111,103,0
46,104,2318,2824,21,329,0
46,105,2318,2824,2868,849,0
46,106,2318,2824,1471,167,0
46,107,2318,2824,2373,783,0
46,108,2318,2824,2621,1680,0
46,109,2318,2824,170,2120,0
46,110,2318,2824,2377,1545,0
46,111,2318,2824,910,2380,0
46,112,2318,2824,1661,2195,0
46,113,2318,2824,2991,2168,0
46,114,2318,2824,546,1098,0
46,115,2318,2824,1623,2891,0
46,116,2318,2824,869,1014,0
46,117,2318,2824,2629,835,0
46,118,2318,2824,451,822,0
46,119,2318,2824,1715,636,0
46,120,2318,2824,1598,516,0
46,121,2318,2824,611,1374,0
46,122,2318,2824,573,26,0
46,123,2318,2824,2071,2923,0
46,124,2318,2824,51,271,0
46,125,2318,2824,875,769,0
46,126,2318,2824,152,2740,0
46,127,2318,2824,1986,213,0
46,128,2318,2824,1386,1070,0
46,129,2318,2824,2517,1148,0
46,130,2318,2824,1211,24,0
46,131,2318,2824,2910,1043,0
46,132,2318,2824,2000,1243,0
47,0,155,1778,1768,2264,0
47,1,155,1778,2913,2734,0
47,2,155,1778,1215,1942,0
47,3,155,1778,2051,1971,0
47,4,155,1778,160,1001,0
47,5,155,1778,593,821,0
47,6,155,1778,2145,2101,0
47,7,155,1778,278,1608,0
47,8,155,1778,1945,1818,0
47,9,155,1778,1634,1385,0
47,10,155,1778,1218,2354,0
47,11,155,1778,1358,761,0
47,12,155,1778,2639,274,0
47,13,155,1778,941,2731,0
47,14,155,1778,720,403,0
47,15,155,1778,1392,2291,0
47,16,155,1778,1876,1945,0
47,17,155,1778,1569,812,0
47,18,155,1778,2424,1961,0
47,19,155,1778,608,1259,0
47,20,155,1778,192,2342,0
47,21,155,1778,2422,1595,0
47,22,155,1778,2722,1804,0
47,23,155,1778,758,652,0
47,24,155,1778,2169,2647,0
47,25,155,1778,48,2991,0
47,26,155,1778,1766,2358,0
47,27,155,1778,1735,1517,0
47,28,155,1778,2661,1773,0
47,29,155,1778,1563,1335,0
47,30,155,1778,2769,1586,0
47,31,155,1778,1591,376,0
47,32,155,1778,635,1666,0
47,33,155,1778,2292,1709,0
47,34,155,1778,1578,1883,0
47,35,155,1778,2704,1270,0
47,36,155,1778,828,1169,0
47,37,155,1778,1910,637,0
47,38,155,1778,652,2960,0
47,39,155,1778,1942,2679,0
47,40,155,1778,1988,920,0
47,41,155,1778,965,1686,0
47,42,155,1778,1232,1238,0
47,43,155,1778,1594,2306,0
47,44,155,1778,1777,694,0
47,45,155,1778,2160,1907,0
47,46,155,1778,2318,2824,0
47,48,155,1778,2364,509,0
47,49,155,1778,2385,1990,0
47,50,155,1778,907,2812,0
47,51,155,1778,645,1169,0
47,52,155,1778,1928,970,0
47,53,155,1778,976,2073,0
47,54,155,1778,2932,2921,0
47,55,155,1778,2813,381,0
47,56,155,1778,710,2734,0
47,57,155,1778,691,1856,0
47,58,155,1778,1104,657,0
47,59,155,1778,326,295,0
47,60,155,1778,2355,1634,0
47,61,155,1778,981,1913,0
47,62,155,1778,1569,1249,0
47,63,155,1778,526,2411,0
47,64,155,1778,234,659,0
47,65,155,1778,282,145,0
47,66,155,1778,2277,2466,0
47,67,155,1778,869,213,0
47,68,155,1778,382,2709,0
47,69,155,1778,370,2819,0
47,70,155,1778,1897,1399,0
47,71,155,1778,2867,2702,0
47,72,155,1778,2660,1168,0
47,73,155,1778,51,572,0
47,74,155,1778,2959,2364,0
47,75,155,1778,220,1332,0
47,76,155,1778,1764,2646,0
47,77,155,1778,2399,2358,0
47,78,155,1778,628,898,0
47,79,155,1778,1998,2018,0
47,80,155,1778,485,796,0
47,81,155,1778,11,2314,0
47,82,155,1778,55,2348,0
47,83,155,1778,2951,586,0
47,84,155,1778,972,630,0
47,85,155,1778,2272,663,0
47,86,155,1778,2187,1884,0
47,87,155,1778,835,2771,0
47,88,155,1778,1205,1326,0
47,89,155,1778,1932,616,0
47,90,155,1778,1276,50,0
47,91,155,1778,1968,2093,0
47,92,155,1778,834,1683,0
47,93,155,1778,1092,318,0
47,94,155,1778,1408,102,0
47,95,155,1778,1162,1463,0
47,96,155,1778,2454,81,0
47,97,155,1778,1027,1503,0
47,98,155,1778,328,2685,0
47,99,155,1778,1047,1127,0
47,100,155,1778,2376,2097,0
47,101,155,1778,1507,2064,0
47,102,155,1778,1735,1517,0
47,103,155,1778,2111,103,0
47,104,155,1778,21,329,0
47,105,155,1778,2868,849,0
47,106,155,1778,1471,167,0
47,107,155,1778,2373,783,0
47,108,155,1778,2621,1680,0
47,109,155,1778,170,2120,1
47,110,155,1778,2377,1545,0
47,111,155,1778,910,2380,0
47,112,155,1778,1661,2195,0
47,113,155,1778,2991,2168,0
47,114,155,1778,546,1098,0
47,115,155,1778,1623,2891,0
47,116,155,1778,869,1014,0
47,117,155,1778,2629,835,0
47,118,155,1778,451,822,0
47,119,155,1778,1715,636,0
47,120,155,1778,1598,516,0
47,121,155,1778,611,1374,0
47,122,155,1778,573,26,0
47,123,155,1778,2071,2923,0
47,124,155,1778,51,271,0
47,125,155,1778,875,769,0
47,126,155,1778,152,2740,0
47,127,155,1778,1986,213,0
47,128,155,1778,1386,1070,0
47,129,155,1778,2517,1148,0
47,130,155,1778,1211,24,0
47,131,155,1778,2910,1043,0
47,132,155,1778,2000,1243,0
48,0,2364,509,1768,2264,0
48,1,2364,509,2913,2734,0
48,2,2364,509,1215,1942,0
48,3,2364,509,2051,1971,0
48,4,2364,509,160,1001,0
48,5,2364,509,593,821,0
48,6,2364,509,2145,2101,0
48,7,2364,509,278,1608,0
48,8,2364,509,1945,1818,0
48,9,2364,509,1634,1385,0
48,10,2364,509,1218,2354,0
48,11,2364,509,1358,761,0
48,12,2364,509,2639,274,0
48,13,2364,509,941,2731,0
48,14,2364,509,720,403,0
48,15,2364,509,1392,2291,0
48,16,2364,509,1876,1945,0
48,17,2364,509,1569,812,0
48,18,2364,509,2424,1961,0
48,19,2364,509,608,1259,0
48,20,2364,509,192,2342,0
48,21,2364,509,2422,1595,0
48,22,2364,509,2722,1804,0
48,23,2364,509,758,652,0
48,24,2364,509,2169,2647,0
48,25,2364,509,48,2991,0
48,26,2364,509,1766,2358,0
48,27,2364,509,1735,1517,0
48,28,2364,509,2661,1773,0
48,29,2364,509,1563,1335,0
48,30,2364,509,2769,1586,0
48,31,2364,509,1591,376,0
48,32,2364,509,635,1666,0
48,33,2364,509,2292,1709,0
48,34,2364,509,1578,1883,0
48,35,2364,509,2704,1270,0
48,36,2364,509,828,1169,0
48,37,2364,509,1910,637,0
48,38,2364,509,652,2960,0
48,39,2364,509,1942,2679,0
48,40,2364,509,1988,920,0
48,41,2364,509,965,1686,0
48,42,2364,509,1232,1238,0
48,43,2364,509,1594,2306,0
48,44,2364,509,1777,694,0
48,45,2364,509,2160,1907,0
48,46,2364,509,2318,2824,0
48,47,2364,509,155,1778,0
48,49,2364,509,2385,1990,0
48,50,2364,509,907,2812,0
48,51,2364,509,645,1169,0
48,52,2364,509,1928,970,0
48,53,2364,509,976,2073,0
48,54,2364,509,2932,2921,0
48,55,2364,509,2813,381,0
48,56,2364,509,710,2734,0
48,57,2364,509,691,1856,0
48,58,2364,509,1104,657,0
48,59,2364,509,326,295,0
48,60,2364,509,2355,1634,0
48,61,2364,509,981,1913,0
48,62,2364,509,1569,1249,0
48,63,2364,509,526,2411,0
48,64,2364,509,234,659,0
48,65,2364,509,282,145,0
48,66,2364,509,2277,2466,0
48,67,2364,509,869,213,0
48,68,2364,509,382,2709,0
48,69,2364,509,370,2819,0
48,70,2364,509,1897,1399,0
48,71,2364,509,2867,2702,0
48,72,2364,509,2660,1168,0
48,73,2364,509,51,572,0
48,74,2364,509,2959,2364,0
48,75,2364,509,220,1332,0
48,76,2364,509,1764,2646,0
48,77,2364,509,2399,2358,0
48,78,2364,509,628,898,0
48,79,2364,509,1998,2018,0
48,80,2364,509,485,796,0
48,81,2364,509,11,2314,0
48,82,2364,509,55,2348,0
48,83,2364,509,2951,586,0
48,84,2364,509,972,630,0
48,85,2364,509,2272,663,0
48,86,2364,509,2187,1884,0
48,87,2364,509,835,2771,0
48,88,2364,509,1205,1326,0
48,89,2364,509,1932,616,0
48,90,2364,509,1276,50,0
48,91,2364,509,1968,2093,0
48,92,2364,509,834,1683,0
48,93,2364,509,1092,318,0
48,94,2364,509,1408,102,0
48,95,2364,509,1162,1463,0
48,96,2364,509,2454,81,0
48,97,2364,509,1027,1503,0
48,98,2364,509,328,2685,0
48,99,2364,509,1047,1127,0
48,100,2364,509,2376,2097,0
48,101,2364,509,1507,2064,0
48,102,2364,509,1735,1517,0
48,103,2364,509,2111,103,0
48,104,2364,509,21,329,0
48,105,2364,509,2868,849,0
48,106,2364,509,1471,167,0
48,107,2364,509,2373,783,1
48,108,2364,509,2621,1680,0
48,109,2364,509,170,2120,0
48,110,2364,509,2377,1545,0
48,111,2364,509,910,2380,0
48,112,2364,509,1661,2195,0
48,113,2364,509,2991,2168,0
48,114,2364,509,546,1098,0
48,115,2364,509,1623,2891,0
48,116,2364,509,869,1014,0
48,117,2364,509,2629,835,0
48,118,2364,509,451,822,0
48,119,2364,509,1715,636,0
48,120,2364,509,1598,516,0
48,121,2364,509,611,1374,0
48,122,2364,509,573,26,0
48,123,2364,509,2071,2923,0
48,124,2364,509,51,271,0
48,125,2364,509,875,769,0
48,126,2364,509,152,2740,0
48,127,2364,509,1986,213,0
48,128,2364,509,1386,1070,0
48,129,2364,509,2517,1148,0
48,130,2364,509,1211,24,0
48,131,2364,509,2910,1043,0
48,132,2364,509,2000,1243,0
49,0,2385,1990,1768,2264,0
49,1,2385,1990,2913,2734,0
49,2,2385,1990,1215,1942,0
49,3,2385,1990,2051,1971,0
49,4,2385,1990,160,1001,0
49,5,2385,1990,593,821,0
49,6,2385,1990,2145,2101,0
49,7,2385,1990,278,1608,0
49,8,2385,1990,1945,1818,0
49,9,2385,1990,1634,1385,0
49,10,2385,1990,1218,2354,0
49,11,2385,1990,1358,761,0
49,12,2385,1990,2639,274,0
49,13,2385,1990,941,2731,0
49,14,2385,1990,720,403,0
49,15,2385,1990,1392,2291,0
49,16,2385,1990,1876,1945,0
49,17,2385,1990,1569,812,0
49,18,2385,1990,2424,1961,1
49,19,2385,1990,608,1259,0
49,20,2385,1990,192,2342,0
49,21,2385,1990,2422,1595,0
49,22,2385,1990,2722,1804,0
49,23,2385,1990,758,652,0
49,24,2385,1990,2169,2647,0
49,25,2385,1990,48,2991,0
49,26,2385,1990,1766,2358,0
49,27,2385,1990,1735,1517,0
49,28,2385,1990,2661,1773,0
49,29,2385,1990,1563,1335,0
49,30,2385,1990,2769,1586,0
49,31,2385,1990,1591,376,0
49,32,2385,1990,635,1666,0
49,33,2385,1990,2292,1709,0
49,34,2385,1990,1578,1883,0
49,35,2385,1990,2704,1270,0
49,36,2385,1990,828,1169,0
49,37,2385,1990,1910,637,0
49,38,2385,1990,652,2960,0
49,39,2385,1990,1942,2679,0
49,40,2385,1990,1988,920,0
49,41,2385,1990,965,1686,0
49,42,2385,1990,1232,1238,0
49,43,2385,1990,1594,2306,0
49,44,2385,1990,1777,694,0
49,45,2385,1990,2160,1907,0
49,46,2385,1990,2318,2824,0
49,47,2385,1990,155,1778,0
49,48,2385,1990,2364,509,0
49,50,2385,1990,907,2812,0
49,51,2385,1990,645,1169,0
49,52,2385,1990,1928,970,0
49,53,2385,1990,976,2073,0
49,54,2385,1990,2932,2921,0
49,55,2385,1990,2813,381,0
49,56,2385,1990,710,2734,0
49,57,2385,1990,691,1856,0
49,58,2385,1990,1104,657,0
49,59,2385,1990,326,295,0
49,60,2385,1990,2355,1634,0
49,61,2385,1990,981,1913,0
49,62,2385,1990,1569,1249,0
49,63,2385,1990,526,2411,0
49,64,2385,1990,234,659,0
49,65,2385,1990,282,145,0
49,66,2385,1990,2277,2466,0
49,67,2385,1990,869,213,0
49,68,2385,1990,382,2709,0
49,69,2385,1990,370,2819,0
49,70,2385,1990,1897,1399,0
49,71,2385,1990,2867,2702,0
49,72,2385,1990,2660,1168,0
49,73,2385,1990,51,572,0
49,74,2385,1990,2959,2364,0
49,75,2385,1990,220,1332,0
49,76,2385,1990,1764,2646,0
49,77,2385,1990,2399,2358,0
49,78,2385,1990,628,898,0
49,79,2385,1990,1998,2018,0
49,80,2385,1990,485,796,0
49,81,2385,1990,11,2314,0
49,82,2385,1990,55,2348,0
49,83,2385,1990,2951,586,0
49,84,2385,1990,972,630,0
49,85,2385,1990,2272,663,0
49,86,2385,1990,2187,1884,0
49,87,2385,1990,835,2771,0
49,88,2385,1990,1205,1326,0
49,89,2385,1990,1932,616,0
49,90,2385,1990,1276,50,0
49,91,2385,1990,1968,2093,0
49,92,2385,1990,834,1683,0
49,93,2385,1990,1092,318,0
49,94,2385,1990,1408,102,0
49,95,2385,1990,1162,1463,0
49,96,2385,1990,2454,81,0
49,97,2385,1990,1027,1503,0
49,98,2385,1990,328,2685,0
49,99,2385,1990,1047,1127,0
49,100,2385,1990,2376,2097,0
49,101,2385,1990,1507,2064,0
49,102,2385,1990,1735,1517,0
49,103,2385,1990,2111,103,0
49,104,2385,1990,21,329,0
49,105,2385,1990,2868,849,0
49,106,2385,1990,1471,167,0
49,107,2385,1990,2373,783,0
49,108,2385,1990,2621,1680,0
49,109,2385,1990,170,2120,0
49,110,2385,1990,2377,1545,0
49,111,2385,1990,910,2380,0
49,112,2385,1990,1661,2195,0
49,113,2385,1990,2991,2168,0
49,114,2385,1990,546,1098,0
49,115,2385,1990,1623,2891,0
49,116,2385,1990,869,1014,0
49,117,2385,1990,2629,835,0
49,118,2385,1990,451,822,0
49,119,2385,1990,1715,636,0
49,120,2385,1990,1598,516,0
49,121,2385,1990,611,1374,0
49,122,2385,1990,573,26,0
49,123,2385,1990,2071,2923,0
49,124,2385,1990,51,271,0
49,125,2385,1990,875,769,0
49,126,2385,1990,152,2740,0
49,127,2385,1990,1986,213,0
49,128,2385,1990,1386,1070,0
49,129,2385,1990,2517,1148,0
49,130,2385,1990,1211,24,0
49,131,2385,1990,2910,1043,0
49,132,2385,1990,2000,1243,0
50,0,907,2812,1768,2264,0
50,1,907,2812,2913,2734,0
50,2,907,2812,1215,1942,0
50,3,907,2812,2051,1971,0
50,4,907,2812,160,1001,0
50,5,907,2812,593,821,0
50,6,907,2812,2145,2101,0
50,7,907,2812,278,1608,0
50,8,907,2812,1945,1818,0
50,9,907,2812,1634,1385,0
50,10,907,2812,1218,2354,0
50,11,907,2812,1358,761,0
50,12,907,2812,2639,274,0
50,13,907,2812,941,2731,1
50,14,907,2812,720,403,0
50,15,907,2812,1392,2291,0
50,16,907,2812,1876,1945,0
50,17,907,2812,1569,812,0
50,18,907,2812,2424,1961,0
50,19,907,2812,608,1259,0
50,20,907,2812,192,2342,0
50,21,907,2812,2422,1595,0
50,22,907,2812,2722,1804,0
50,23,907,2812,758,652,0
50,24,907,2812,2169,2647,0
50,25,907,2812,48,2991,0
50,26,907,2812,1766,2358,0
50,27,907,2812,1735,1517,0
50,28,907,2812,2661,1773,0
50,29,907,2812,1563,1335,0
50,30,907,2812,2769,1586,0
50,31,907,2812,1591,376,0
50,32,907,2812,635,1666,0
50,33,907,2812,2292,1709,0
50,34,907,2812,1578,1883,0
50,35,907,2812,2704,1270,0
50,36,907,2812,828,1169,0
50,37,907,2812,1910,637,0
50,38,907,2812,652,2960,0
50,39,907,2812,1942,2679,0
50,40,907,2812,1988,920,0
50,41,907,2812,965,1686,0
50,42,907,2812,1232,1238,0
50,43,907,2812,1594,2306,0
50,44,907,2812,1777,694,0
50,45,907,2812,2160,1907,0
50,46,907,2812,2318,2824,0
50,47,907,2812,155,1778,0
50,48,907,2812,2364,509,0
50,49,907,2812,2385,1990,0
50,51,907,2812,645,1169,0
50,52,907,2812,1928,970,0
50,53,907,2812,976,2073,0
50,54,907,2812,2932,2921,0
50,55,907,2812,2813,381,0
50,56,907,2812,710,2734,0
50,57,907,2812,691,1856,0
50,58,907,2812,1104,657,0
50,59,907,2812,326,295,0
50,60,907,2812,2355,1634,0
50,61,907,2812,981,1913,0
50,62,907,2812,1569,1249,0
50,63,907,2812,526,2411,0
50,64,907,2812,234,659,0
50,65,907,2812,282,145,0
50,66,907,2812,2277,2466,0
50,67,907,2812,869,213,0
50,68,907,2812,382,2709,0
50,69,907,2812,370,2819,0
50,70,907,2812,1897,1399,0
50,71,907,2812,2867,2702,0
50,72,907,2812,2660,1168,0
50,73,907,2812,51,572,0
50,74,907,2812,2959,2364,0
50,75,907,2812,220,1332,0
50,76,907,2812,1764,2646,0
50,77,907,2812,2399,2358,0
50,78,907,2812,628,898,0
50,79,907,2812,1998,2018,0
50,80,907,2812,485,796,0
50,81,907,2812,11,2314,0
50,82,907,2812,55,2348,0
50,83,907,2812,2951,586,0
50,84,907,2812,972,630,0
50,85,907,2812,2272,663,0
50,86,907,2812,2187,1884,0
50,87,907,2812,835,2771,0
50,88,907,2812,1205,1326,0
50,89,907,2812,1932,616,0
50,90,907,2812,1276,50,0
50,91,907,2812,1968,2093,0
50,92,907,2812,834,1683,0
50,93,907,2812,1092,318,0
50,94,907,2812,1408,102,0
50,95,907,2812,1162,1463,0
50,96,907,2812,2454,81,0
50,97,907,2812,1027,1503,0
50,98,907,2812,328,2685,0
50,99,907,2812,1047,1127,0
50,100,907,2812,2376,2097,0
50,101,907,2812,1507,2064,0
50,102,907,2812,1735,1517,0
50,103,907,2812,2111,103,0
50,104,907,2812,21,329,0
50,105,907,2812,2868,849,0
50,106,907,2812,1471,167,0
50,107,907,2812,2373,783,0
50,108,907,2812,2621,1680,0
50,109,907,2812,170,2120,0
50,110,907,2812,2377,1545,0
50,111,907,2812,910,2380,0
50,112,907,2812,1661,2195,0
50,113,907,2812,2991,2168,0
50,114,907,2812,546,1098,0
50,115,907,2812,1623,2891,0
50,116,907,2812,869,1014,0
50,117,907,2812,2629,835,0
50,118,907,2812,451,822,0
50,119,907,2812,1715,636,0
50,120,907,2812,1598,516,0
50,121,907,2812,611,1374,0
50,122,907,2812,573,26,0
50,123,907,2812,2071,2923,0
50,124,907,2812,51,271,0
50,125,907,2812,875,769,0
50,126,907,2812,152,2740,0
50,127,907,2812,1986,213,0
50,128,907,2812,1386,1070,0
50,129,907,2812,2517,1148,0
50,130,907,2812,1211,24,0
50,131,907,2812,2910,1043,0
50,132,907,2812,2000,1243,0
51,0,645,1169,1768,2264,0
51,1,645,1169,2913,2734,0
51,2,645,1169,1215,1942,0
51,3,645,1169,2051,1971,0
51,4,645,1169,160,1001,0
51,5,645,1169,593,821,0
51,6,645,1169,2145,2101,0
51,7,645,1169,278,1608,0
51,8,645,1169,1945,1818,0
51,9,645,1169,1634,1385,0
51,10,645,1169,1218,2354,0
51,11,645,1169,1358,761,0
51,12,645,1169,2639,274,0
51,13,645,1169,941,2731,0
51,14,645,1169,720,403,0
51,15,645,1169,1392,2291,0
51,16,645,1169,1876,1945,0
51,17,645,1169,1569,812,0
51,18,645,1169,2424,1961,0
51,19,645,1169,608,1259,0
51,20,645,1169,192,2342,0
51,21,645,1169,2422,1595,0
51,22,645,1169,2722,1804,0
51,23,645,1169,758,652,0
51,24,645,1169,2169,2647,0
51,25,645,1169,48,2991,0
51,26,645,1169,1766,2358,0
51,27,645,1169,1735,1517,0
51,28,645,1169,2661,1773,0
51,29,645,1169,1563,1335,0
51,30,645,1169,2769,1586,0
51,31,645,1169,1591,376,0
51,32,645,1169,635,1666,0
51,33,645,1169,2292,1709,0
51,34,645,1169,1578,1883,0
51,35,645,1169,2704,1270,0
51,36,645,1169,828,1169,0
51,37,645,1169,1910,637,0
51,38,645,1169,652,2960,0
51,39,645,1169,1942,2679,0
51,40,645,1169,1988,920,0
51,41,645,1169,965,1686,0
51,42,645,1169,1232,1238,0
51,43,645,1169,1594,2306,0
51,44,645,1169,1777,694,0
51,45,645,1169,2160,1907,0
51,46,645,1169,2318,2824,0
51,47,645,1169,155,1778,0
51,48,645,1169,2364,509,0
51,49,645,1169,2385,1990,0
51,50,645,1169,907,2812,0
51,52,645,1169,1928,970,0
51,53,645,1169,976,2073,0
51,54,645,1169,2932,2921,0
51,55,645,1169,2813,381,0
51,56,645,1169,710,2734,0
51,57,645,1169,691,1856,0
51,58,645,1169,1104,657,0
51,59,645,1169,326,295,0
51,60,645,1169,2355,1634,0
51,61,645,1169,981,1913,0
51,62,645,1169,1569,1249,0
51,63,645,1169,526,2411,0
51,64,645,1169,234,659,0
51,65,645,1169,282,145,0
51,66,645,1169,2277,2466,0
51,67,645,1169,869,213,0
51,68,645,1169,382,2709,0
51,69,645,1169,370,2819,0
51,70,645,1169,1897,1399,0
51,71,645,1169,2867,2702,0
51,72,645,1169,2660,1168,0
51,73,645,1169,51,572,0
51,74,645,1169,2959,2364,0
51,75,645,1169,220,1332,0
51,76,645,1169,1764,2646,0
51,77,645,1169,2399,2358,0
51,78,645,1169,628,898,0
51,79,645,1169,1998,2018,0
51,80,645,1169,485,796,0
51,81,645,1169,11,2314,0
51,82,645,1169,55,2348,0
51,83,645,1169,2951,586,0
51,84,645,1169,972,630,0
51,85,645,1169,2272,663,0
51,86,645,1169,2187,1884,0
51,87,645,1169,835,2771,0
51,88,645,1169,1205,1326,0
51,89,645,1169,1932,616,0
51,90,645,1169,1276,50,0
51,91,645,1169,1968,2093,0
51,92,645,1169,834,1683,0
51,93,645,1169,1092,318,0
51,94,645,1169,1408,102,0
51,95,645,1169,1162,1463,0
51,96,645,1169,2454,81,0
51,97,645,1169,1027,1503,0
51,98,645,1169,328,2685,0
51,99,645,1169,1047,1127,0
51,100,645,1169,2376,2097,0
51,101,645,1169,1507,2064,0
51,102,645,1169,1735,1517,0
51,103,645,1169,2111,103,0
51,104,645,1169,21,329,0
51,105,645,1169,2868,849,0
51,106,645,1169,1471,167,0
51,107,645,1169,2373,783,0
51,108,645,1169,2621,1680,0
51,109,645,1169,170,2120,0
51,110,645,1169,2377,1545,0
51,111,645,1169,910,2380,0
51,112,645,1169,1661,2195,0
51,113,645,1169,2991,2168,0
51,114,645,1169,546,1098,1
51,115,645,1169,1623,2891,0
51,116,645,1169,869,1014,0
51,117,645,1169,2629,835,0
51,118,645,1169,451,822,0
51,119,645,1169,1715,636,0
51,120,645,1169,1598,516,0
51,121,645,1169,611,1374,0
51,122,645,1169,573,26,0
51,123,645,1169,2071,2923,0
51,124,645,1169,51,271,0
51,125,645,1169,875,769,0
51,126,645,1169,152,2740,0
51,127,645,1169,1986,213,0
51,128,645,1169,1386,1070,0
51,129,645,1169,2517,1148,0
51,130,645,1169,1211,24,0
51,131,645,1169,2910,1043,0
51,132,645,1169,2000,1243,0
52,0,1928,970,1768,2264,0
52,1,1928,970,2913,2734,0
52,2,1928,970,1215,1942,0
52,3,1928,970,2051,1971,0
52,4,1928,970,160,1001,0
52,5,1928,970,593,821,0
52,6,1928,970,2145,2101,0
52,7,1928,970,278,1608,0
52,8,1928,970,1945,1818,0
52,9,1928,970,1634,1385,0
52,10,1928,970,1218,2354,0
52,11,1928,970,1358,761,0
52,12,1928,970,2639,274,0
52,13,1928,970,941,2731,0
52,14,1928,970,720,403,0
52,15,1928,970,1392,2291,0
52,16,1928,970,1876,1945,0
52,17,1928,970,1569,812,0
52,18,1928,970,2424,1961,0
52,19,1928,970,608,1259,0
52,20,1928,970,192,2342,0
52,21,1928,970,2422,1595,0
52,22,1928,970,2722,1804,0
52,23,1928,970,758,652,0
52,24,1928,970,2169,2647,0
52,25,1928,970,48,2991,0
52,26,1928,970,1766,2358,0
52,27,1928,970,1735,1517,0
52,28,1928,970,2661,1773,0
52,29,1928,970,1563,1335,0
52,30,1928,970,2769,1586,0
52,31,1928,970,1591,376,0
52,32,1928,970,635,1666,0
52,33,1928,970,2292,1709,0
52,34,1928,970,1578,1883,0
52,35,1928,970,2704,1270,0
52,36,1928,970,828,1169,0
52,37,1928,970,1910,637,0
52,38,1928,970,652,2960,0
52,39,1928,970,1942,2679,0
52,40,1928,970,1988,920,1
52,41,1928,970,965,1686,0
52,42,1928,970,1232,1238,0
52,43,1928,970,1594,2306,0
52,44,1928,970,1777,694,0
52,45,1928,970,2160,1907,0
52,46,1928,970,2318,2824,0
52,47,1928,970,155,1778,0
52,48,1928,970,2364,509,0
52,49,1928,970,2385,1990,0
52,50,1928,970,907,2812,0
52,51,1928,970,645,1169,0
52,53,1928,970,976,2073,0
52,54,1928,970,2932,2921,0
52,55,1928,970,2813,381,0
52,56,1928,970,710,2734,0
52,57,1928,970,691,1856,0
52,58,1928,970,1104,657,0
52,59,1928,970,326,295,0
52,60,1928,970,2355,1634,0
52,61,1928,970,981,1913,0
52,62,1928,970,1569,1249,0
52,63,1928,970,526,2411,0
52,64,1928,970,234,659,0
52,65,1928,970,282,145,0
52,66,1928,970,2277,2466,0
52,67,1928,970,869,213,0
52,68,1928,970,382,2709,0
52,69,1928,970,370,2819,0
52,70,1928,970,1897,1399,0
52,71,1928,970,2867,2702,0
52,72,1928,970,2660,1168,0
52,73,1928,970,51,572,0
52,74,1928,970,2959,2364,0
52,75,1928,970,220,1332,0
52,76,1928,970,1764,2646,0
52,77,1928,970,2399,2358,0
52,78,1928,970,628,898,0
52,79,1928,970,1998,2018,0
52,80,1928,970,485,796,0
52,81,1928,970,11,2314,0
52,82,1928,970,55,2348,0
52,83,1928,970,2951,586,0
52,84,1928,970,972,630,0
52,85,1928,970,2272,663,0
52,86,1928,970,2187,1884,0
52,87,1928,970,835,2771,0
52,88,1928,970,1205,1326,0
52,89,1928,970,1932,616,0
52,90,1928,970,1276,50,0
52,91,1928,970,1968,2093,0
52,92,1928,970,834,1683,0
52,93,1928,970,1092,318,0
52,94,1928,970,1408,102,0
52,95,1928,970,1162,1463,0
52,96,1928,970,2454,81,0
52,97,1928,970,1027,1503,0
52,98,1928,970,328,2685,0
52,99,1928,970,1047,1127,0
52,100,1928,970,2376,2097,0
52,101,1928,970,1507,2064,0
52,102,1928,970,1735,1517,0
52,103,1928,970,2111,103,0
52,104,1928,970,21,329,0
52,105,1928,970,2868,849,0
52,106,1928,970,1471,167,0
52,107,1928,970,2373,783,0
52,108,1928,970,2621,1680,0
52,109,1928,970,170,2120,0
52,110,1928,970,2377,1545,0
52,111,1928,970,910,2380,0
52,112,1928,970,1661,2195,0
52,113,1928,970,2991,2168,0
52,114,1928,970,546,1098,0
52,115,1928,970,1623,2891,0
52,116,1928,970,869,1014,0
52,117,1928,970,2629,835,0
52,118,1928,970,451,822,0
52,119,1928,970,1715,636,0
52,120,1928,970,1598,516,0
52,121,1928,970,611,1374,0
52,122,1928,970,573,26,0
52,123,1928,970,2071,2923,0
52,124,1928,970,51,271,0
52,125,1928,970,875,769,0
52,126,1928,970,152,2740,0
52,127,1928,970,1986,213,0
52,128,1928,970,1386,1070,0
52,129,1928,970,2517,1148,0
52,130,1928,970,1211,24,0
52,131,1928,970,2910,1043,0
52,132,1928,970,2000,1243,0
53,0,976,2073,1768,2264,0
53,1,976,2073,2913,2734,0
53,2,976,2073,1215,1942,0
53,3,976,2073,2051,1971,0
53,4,976,2073,160,1001,0
53,5,976,2073,593,821,0
53,6,976,2073,2145,2101,0
53,7,976,2073,278,1608,0
53,8,976,2073,1945,1818,0
53,9,976,2073,1634,1385,0
53,10,976,2073,1218,2354,0
53,11,976,2073,1358,761,0
53,12,976,2073,2639,274,0
53,13,976,2073,941,2731,0
53,14,976,2073,720,403,0
53,15,976,2073,1392,2291,0
53,16,976,2073,1876,1945,0
53,17,976,2073,1569,812,0
53,18,976,2073,2424,1961,0
53,19,976,2073,608,1259,0
53,20,976,2073,192,2342,0
53,21,976,2073,2422,1595,0
53,22,976,2073,2722,1804,0
53,23,976,2073,758,652,0
53,24,976,2073,2169,2647,0
53,25,976,2073,48,2991,0
53,26,976,2073,1766,2358,0
53,27,976,2073,1735,1517,0
53,28,976,2073,2661,1773,0
53,29,976,2073,1563,1335,0
53,30,976,2073,2769,1586,0
53,31,976,2073,1591,376,0
53,32,976,2073,635,1666,0
53,33,976,2073,2292,1709,0
53,34,976,2073,1578,1883,0
53,35,976,2073,2704,1270,0
53,36,976,2073,828,1169,0
53,37,976,2073,1910,637,0
53,38,976,2073,652,2960,0
53,39,976,2073,1942,2679,0
53,40,976,2073,1988,920,0
53,41,976,2073,965,1686,0
53,42,976,2073,1232,1238,0
53,43,976,2073,1594,2306,0
53,44,976,2073,1777,694,0
53,45,976,2073,2160,1907,0
53,46,976,2073,2318,2824,0
53,47,976,2073,155,1778,0
53,48,976,2073,2364,509,0
53,49,976,2073,2385,1990,0
53,50,976,2073,907,2812,0
53,51,976,2073,645,1169,0
53,52,976,2073,1928,970,0
53,54,976,2073,2932,2921,0
53,55,976,2073,2813,381,0
53,56,976,2073,710,2734,0
53,57,976,2073,691,1856,0
53,58,976,2073,1104,657,0
53,59,976,2073,326,295,0
53,60,976,2073,2355,1634,0
53,61,976,2073,981,1913,1
53,62,976,2073,1569,1249,0
53,63,976,2073,526,2411,0
53,64,976,2073,234,659,0
53,65,976,2073,282,145,0
53,66,976,2073,2277,2466,0
53,67,976,2073,869,213,0
53,68,976,2073,382,2709,0
53,69,976,2073,370,2819,0
53,70,976,2073,1897,1399,0
53,71,976,2073,2867,2702,0
53,72,976,2073,2660,1168,0
53,73,976,2073,51,572,0
53,74,976,2073,2959,2364,0
53,75,976,2073,220,1332,0
53,76,976,2073,1764,2646,0
53,77,976,2073,2399,2358,0
53,78,976,2073,628,898,0
53,79,976,2073,1998,2018,0
53,80,976,2073,485,796,0
53,81,976,2073,11,2314,0
53,82,976,2073,55,2348,0
53,83,976,2073,2951,586,0
53,84,976,2073,972,630,0
53,85,976,2073,2272,663,0
53,86,976,2073,2187,1884,0
53,87,976,2073,835,2771,0
53,88,976,2073,1205,1326,0
53,89,976,2073,1932,616,0
53,90,976,2073,1276,50,0
53,91,976,2073,1968,2093,0
53,92,976,2073,834,1683,0
53,93,976,2073,1092,318,0
53,94,976,2073,1408,102,0
53,95,976,2073,1162,1463,0
53,96,976,2073,2454,81,0
53,97,976,2073,1027,1503,0
53,98,976,2073,328,2685,0
53,99,976,2073,1047,1127,0
53,100,976,2073,2376,2097,0
53,101,976,2073,1507,2064,0
53,102,976,2073,1735,1517,0
53,103,976,2073,2111,103,0
53,104,976,2073,21,329,0
53,105,976,2073,2868,849,0
53,106,976,2073,1471,167,0
53,107,976,2073,2373,783,0
53,108,976,2073,2621,1680,0
53,109,976,2073,170,2120,0
53,110,976,2073,2377,1545,0
53,111,976,2073,910,2380,0
53,112,976,2073,1661,2195,0
53,113,976,2073,2991,2168,0
53,114,976,2073,546,1098,0
53,115,976,2073,1623,2891,0
53,116,976,2073,869,1014,0
53,117,976,2073,2629,835,0
53,118,976,2073,451,822,0
53,119,976,2073,1715,636,0
53,120,976,2073,1598,516,0
53,121,976,2073,611,1374,0
53,122,976,2073,573,26,0
53,123,976,2073,2071,2923,0
53,124,976,2073,51,271,0
53,125,976,2073,875,769,0
53,126,976,2073,152,2740,0
53,127,976,2073,1986,213,0
53,128,976,2073,1386,1070,0
53,129,976,2073,2517,1148,0
53,130,976,2073,1211,24,0
53,131,976,2073,2910,1043,0
53,132,976,2073,2000,1243,0
54,0,2932,2921,1768,2264,0
54,1,2932,2921,2913,2734,1
54,2,2932,2921,1215,1942,0
54,3,2932,2921,2051,1971,0
54,4,2932,2921,160,1001,0
54,5,2932,2921,593,821,0
54,6,2932,2921,2145,2101,0
54,7,2932,2921,278,1608,0
54,8,2932,2921,1945,1818,0
54,9,2932,2921,1634,1385,0
54,10,2932,2921,1218,2354,0
54,11,2932,2921,1358,761,0
54,12,2932,2921,2639,274,0
54,13,2932,2921,941,2731,0
54,14,2932,2921,720,403,0
54,15,2932,2921,1392,2291,0
54,16,2932,2921,1876,1945,0
54,17,2932,2921,1569,812,0
54,18,2932,2921,2424,1961,0
54,19,2932,2921,608,1259,0
54,20,2932,2921,192,2342,0
54,21,2932,2921,2422,1595,0
54,22,2932,2921,2722,1804,0
54,23,2932,2921,758,652,0
54,24,2932,2921,2169,2647,0
54,25,2932,2921,48,2991,0
54,26,2932,2921,1766,2358,0
54,27,2932,2921,1735,1517,0
54,28,2932,2921,2661,1773,0
54,29,2932,2921,1563,1335,0
54,30,2932,2921,2769,1586,0
54,31,2932,2921,1591,376,0
54,32,2932,2921,635,1666,0
54,33,2932,2921,2292,1709,0
54,34,2932,2921,1578,1883,0
54,35,2932,2921,2704,1270,0
54,36,2932,2921,828,1169,0
54,37,2932,2921,1910,637,0
54,38,2932,2921,652,2960,0
54,39,2932,2921,1942,2679,0
54,40,2932,2921,1988,920,0
54,41,2932,2921,965,1686,0
54,42,2932,2921,1232,1238,0
54,43,2932,2921,1594,2306,0
54,44,2932,2921,1777,694,0
54,45,2932,2921,2160,1907,0
54,46,2932,2921,2318,2824,0
54,47,2932,2921,155,1778,0
54,48,2932,2921,2364,509,0
54,49,2932,2921,2385,1990,0
54,50,2932,2921,907,2812,0
54,51,2932,2921,645,1169,0
54,52,2932,2921,1928,970,0
54,53,2932,2921,976,2073,0
54,55,2932,2921,2813,381,0
54,56,2932,2921,710,2734,0
54,57,2932,2921,691,1856,0
54,58,2932,2921,1104,657,0
54,59,2932,2921,326,295,0
54,60,2932,2921,2355,1634,0
54,61,2932,2921,981,1913,0
54,62,2932,2921,1569,1249,0
54,63,2932,2921,526,2411,0
54,64,2932,2921,234,659,0
54,65,2932,2921,282,145,0
54,66,2932,2921,2277,2466,0
54,67,2932,2921,869,213,0
54,68,2932,2921,382,2709,0
54,69,2932,2921,370,2819,0
54,70,2932,2921,1897,1399,0
54,71,2932,2921,2867,2702,0
54,72,2932,2921,2660,1168,0
54,73,2932,2921,51,572,0
54,74,2932,2921,2959,2364,0
54,75,2932,2921,220,1332,0
54,76,2932,2921,1764,2646,0
54,77,2932,2921,2399,2358,0
54,78,2932,2921,628,898,0
54,79,2932,2921,1998,2018,0
54,80,2932,2921,485,796,0
54,81,2932,2921,11,2314,0
54,82,2932,2921,55,2348,0
54,83,2932,2921,2951,586,0
54,84,2932,2921,972,630,0
54,85,2932,2921,2272,663,0
54,86,2932,2921,2187,1884,0
54,87,2932,2921,835,2771,0
54,88,2932,2921,1205,1326,0
54,89,2932,2921,1932,616,0
54,90,2932,2921,1276,50,0
54,91,2932,2921,1968,2093,0
54,92,2932,2921,834,1683,0
54,93,2932,2921,1092,318,0
54,94,2932,2921,1408,102,0
54,95,2932,2921,1162,1463,0
54,96,2932,2921,2454,81,0
54,97,2932,2921,1027,1503,0
54,98,2932,2921,328,2685,0
54,99,2932,2921,1047,1127,0
54,100,2932,2921,2376,2097,0
54,101,2932,2921,1507,2064,0
54,102,2932,2921,1735,1517,0
54,103,2932,2921,2111,103,0
54,104,2932,2921,21,329,0
54,105,2932,2921,2868,849,0
54,106,2932,2921,1471,167,0
54,107,2932,2921,2373,783,0
54,108,2932,2921,2621,1680,0
54,109,2932,2921,170,2120,0
54,110,2932,2921,2377,1545,0
54,111,2932,2921,910,2380,0
54,112,2932,2921,1661,2195,0
54,113,2932,2921,2991,2168,0
54,114,2932,2921,546,1098,0
54,115,2932,2921,1623,2891,0
54,116,2932,2921,869,1014,0
54,117,2932,2921,2629,835,0
54,118,2932,2921,451,822,0
54,119,2932,2921,1715,636,0
54,120,2932,2921,1598,516,0
54,121,2932,2921,611,1374,0
54,122,2932,2921,573,26,0
54,123,2932,2921,2071,2923,0
54,124,2932,2921,51,271,0
54,125,2932,2921,875,769,0
54,126,2932,2921,152,2740,0
54,127,2932,2921,1986,213,0
54,128,2932,2921,1386,1070,0
54,129,2932,2921,2517,1148,0
54,130,2932,2921,1211,24,0
54,131,2932,2921,2910,1043,0
54,132,2932,2921,2000,1243,0
55,0,2813,381,1768,2264,0
55,1,2813,381,2913,2734,0
55,2,2813,381,1215,1942,0
55,3,2813,381,2051,1971,0
55,4,2813,381,160,1001,0
55,5,2813,381,593,821,0
55,6,2813,381,2145,2101,0
55,7,2813,381,278,1608,0
55,8,2813,381,1945,1818,0
55,9,2813,381,1634,1385,0
55,10,2813,381,1218,2354,0
55,11,2813,381,1358,761,0
55,12,2813,381,2639,274,1
55,13,2813,381,941,2731,0
55,14,2813,381,720,403,0
55,15,2813,381,1392,2291,0
55,16,2813,381,1876,1945,0
55,17,2813,381,1569,812,0
55,18,2813,381,2424,1961,0
55,19,2813,381,608,1259,0
55,20,2813,381,192,2342,0
55,21,2813,381,2422,1595,0
55,22,2813,381,2722,1804,0
55,23,2813,381,758,652,0
55,24,2813,381,2169,2647,0
55,25,2813,381,48,2991,0
55,26,2813,381,1766,2358,0
55,27,2813,381,1735,1517,0
55,28,2813,381,2661,1773,0
55,29,2813,381,1563,1335,0
55,30,2813,381,2769,1586,0
55,31,2813,381,1591,376,0
55,32,2813,381,635,1666,0
55,33,2813,381,2292,1709,0
55,34,2813,381,1578,1883,0
55,35,2813,381,2704,1270,0
55,36,2813,381,828,1169,0
55,37,2813,381,1910,637,0
55,38,2813,381,652,2960,0
55,39,2813,381,1942,2679,0
55,40,2813,381,1988,920,0
55,41,2813,381,965,1686,0
55,42,2813,381,1232,1238,0
55,43,2813,381,1594,2306,0
55,44,2813,381,1777,694,0
55,45,2813,381,2160,1907,0
55,46,2813,381,2318,2824,0
55,47,2813,381,155,1778,0
55,48,2813,381,2364,509,0
55,49,2813,381,2385,1990,0
55,50,2813,381,907,2812,0
55,51,2813,381,645,1169,0
55,52,2813,381,1928,970,0
55,53,2813,381,976,2073,0
55,54,2813,381,2932,2921,0
55,56,2813,381,710,2734,0
55,57,2813,381,691,1856,0
55,58,2813,381,1104,657,0
55,59,2813,381,326,295,0
55,60,2813,381,2355,1634,0
55,61,2813,381,981,1913,0
55,62,2813,381,1569,1249,0
55,63,2813,381,526,2411,0
55,64,2813,381,234,659,0
55,65,2813,381,282,145,0
55,66,2813,381,2277,2466,0
55,67,2813,381,869,213,0
55,68,2813,381,382,2709,0
55,69,2813,381,370,2819,0
55,70,2813,381,1897,1399,0
55,71,2813,381,2867,2702,0
55,72,2813,381,2660,1168,0
55,73,2813,381,51,572,0
55,74,2813,381,2959,2364,0
55,75,2813,381,220,1332,0
55,76,2813,381,1764,2646,0
55,77,2813,381,2399,2358,0
55,78,2813,381,628,898,0
55,79,2813,381,1998,2018,0
55,80,2813,381,485,796,0
55,81,2813,381,11,2314,0
55,82,2813,381,55,2348,0
55,83,2813,381,2951,586,0
55,84,2813,381,972,630,0
55,85,2813,381,2272,663,0
55,86,2813,381,2187,1884,0
55,87,2813,381,835,2771,0
55,88,2813,381,1205,1326,0
55,89,2813,381,1932,616,0
55,90,2813,381,1276,50,0
55,91,2813,381,1968,2093,0
55,92,2813,381,834,1683,0
55,93,2813,381,1092,318,0
55,94,2813,381,1408,102,0
55,95,2813,381,1162,1463,0
55,96,2813,381,2454,81,0
55,97,2813,381,1027,1503,0
55,98,2813,381,328,2685,0
55,99,2813,381,1047,1127,0
55,100,2813,381,2376,2097,0
55,101,2813,381,1507,2064,0
55,102,2813,381,1735,1517,0
55,103,2813,381,2111,103,0
55,104,2813,381,21,329,0
55,105,2813,381,2868,849,0
55,106,2813,381,1471,167,0
55,107,2813,381,2373,783,0
55,108,2813,381,2621,1680,0
55,109,2813,381,170,2120,0
55,110,2813,381,2377,1545,0
55,111,2813,381,910,2380,0
55,112,2813,381,1661,2195,0
55,113,2813,381,2991,2168,0
55,114,2813,381,546,1098,0
55,115,2813,381,1623,2891,0
55,116,2813,381,869,1014,0
55,117,2813,381,2629,835,0
55,118,2813,381,451,822,0
55,119,2813,381,1715,636,0
55,120,2813,381,1598,516,0
55,121,2813,381,611,1374,0
55,122,2813,381,573,26,0
55,123,2813,381,2071,2923,0
55,124,2813,381,51,271,0
55,125,2813,381,875,769,0
55,126,2813,381,152,2740,0
55,127,2813,381,1986,213,0
55,128,2813,381,1386,1070,0
55,129,2813,381,2517,1148,0
55,130,2813,381,1211,24,0
55,131,2813,381,2910,1043,0
55,132,2813,381,2000,1243,0
56,0,710,2734,1768,2264,0
56,1,710,2734,2913,2734,0
56,2,710,2734,1215,1942,0
56,3,710,2734,2051,1971,0
56,4,710,2734,160,1001,0
56,5,710,2734,593,821,0
56,6,710,2734,2145,2101,0
56,7,710,2734,278,1608,0
56,8,710,2734,1945,1818,0
56,9,710,2734,1634,1385,0
56,10,710,2734,1218,2354,0
56,11,710,2734,1358,761,0
56,12,710,2734,2639,274,0
56,13,710,2734,941,2731,0
56,14,710,2734,720,403,0
56,15,710,2734,1392,2291,0
56,16,710,2734,1876,1945,0
56,17,710,2734,1569,812,0
56,18,710,2734,2424,1961,0
56,19,710,2734,608,1259,0
56,20,710,2734,192,2342,0
56,21,710,2734,2422,1595,0
56,22,710,2734,2722,1804,0
56,23,710,2734,758,652,0
56,24,710,2734,2169,2647,0
56,25,710,2734,48,2991,0
56,26,710,2734,1766,2358,0
56,27,710,2734,1735,1517,0
56,28,710,2734,2661,1773,0
56,29,710,2734,1563,1335,0
56,30,710,2734,2769,1586,0
56,31,710,2734,1591,376,0
56,32,710,2734,635,1666,0
56,33,710,2734,2292,1709,0
56,34,710,2734,1578,1883,0
56,35,710,2734,2704,1270,0
56,36,710,2734,828,1169,0
56,37,710,2734,1910,637,0
56,38,710,2734,652,2960,0
56,39,710,2734,1942,2679,0
56,40,710,2734,1988,920,0
56,41,710,2734,965,1686,0
56,42,710,2734,1232,1238,0
56,43,710,2734,1594,2306,0
56,44,710,2734,1777,694,0
56,45,710,2734,2160,1907,0
56,46,710,2734,2318,2824,0
56,47,710,2734,155,1778,0
56,48,710,2734,2364,509,0
56,49,710,2734,2385,1990,0
56,50,710,2734,907,2812,0
56,51,710,2734,645,1169,0
56,52,710,2734,1928,970,0
56,53,710,2734,976,2073,0
56,54,710,2734,2932,2921,0
56,55,710,2734,2813,381,0
56,57,710,2734,691,1856,0
56,58,710,2734,1104,657,0
56,59,710,2734,326,295,0
56,60,710,2734,2355,1634,0
56,61,710,2734,981,1913,0
56,62,710,2734,1569,1249,0
56,63,710,2734,526,2411,0
56,64,710,2734,234,659,0
56,65,710,2734,282,145,0
56,66,710,2734,2277,2466,0
56,67,710,2734,869,213,0
56,68,710,2734,382,2709,0
56,69,710,2734,370,2819,0
56,70,710,2734,1897,1399,0
56,71,710,2734,2867,2702,0
56,72,710,2734,2660,1168,0
56,73,710,2734,51,572,0
56,74,710,2734,2959,2364,0
56,75,710,2734,220,1332,0
56,76,710,2734,1764,2646,0
56,77,710,2734,2399,2358,0
56,78,710,2734,628,898,0
56,79,710,2734,1998,2018,0
56,80,710,2734,485,796,0
56,81,710,2734,11,2314,0
56,82,710,2734,55,2348,0
56,83,710,2734,2951,586,0
56,84,710,2734,972,630,0
56,85,710,2734,2272,663,0
56,86,710,2734,2187,1884,0
56,87,710,2734,835,2771,1
56,88,710,2734,1205,1326,0
56,89,710,2734,1932,616,0
56,90,710,2734,1276,50,0
56,91,710,2734,1968,2093,0
56,92,710,2734,834,1683,0
56,93,710,2734,1092,318,0
56,94,710,2734,1408,102,0
56,95,710,2734,1162,1463,0
56,96,710,2734,2454,81,0
56,97,710,2734,1027,1503,0
56,98,710,2734,328,2685,0
56,99,710,2734,1047,1127,0
56,100,710,2734,2376,2097,0
56,101,710,2734,1507,2064,0
56,102,710,2734,1735,1517,0
56,103,710,2734,2111,103,0
56,104,710,2734,21,329,0
56,105,710,2734,2868,849,0
56,106,710,2734,1471,167,0
56,107,710,2734,2373,783,0
56,108,710,2734,2621,1680,0
56,109,710,2734,170,2120,0
56,110,710,2734,2377,1545,0
56,111,710,2734,910,2380,0
56,112,710,2734,1661,2195,0
56,113,710,2734,2991,2168,0
56,114,710,2734,546,1098,0
56,115,710,2734,1623,2891,0
56,116,710,2734,869,1014,0
56,117,710,2734,2629,835,0
56,118,710,2734,451,822,0
56,119,710,2734,1715,636,0
56,120,710,2734,1598,516,0
56,121,710,2734,611,1374,0
56,122,710,2734,573,26,0
56,123,710,2734,2071,2923,0
56,124,710,2734,51,271,0
56,125,710,2734,875,769,0
56,126,710,2734,152,2740,0
56,127,710,2734,1986,213,0
56,128,710,2734,1386,1070,0
56,129,710,2734,2517,1148,0
56,130,710,2734,1211,24,0
56,131,710,2734,2910,1043,0
56,132,710,2734,2000,1243,0
57,0,691,1856,1768,2264,0
57,1,691,1856,2913,2734,0
57,2,691,1856,1215,1942,0
57,3,691,1856,2051,1971,0
57,4,691,1856,160,1001,0
57,5,691,1856,593,821,0
57,6,691,1856,2145,2101,0
57,7,691,1856,278,1608,0
57,8,691,1856,1945,1818,0
57,9,691,1856,1634,1385,0
57,10,691,1856,1218,2354,0
57,11,691,1856,1358,761,0
57,12,691,1856,2639,274,0
57,13,691,1856,941,2731,0
57,14,691,1856,720,403,0
57,15,691,1856,1392,2291,0
57,16,691,1856,1876,1945,0
57,17,691,1856,1569,812,0
57,18,691,1856,2424,1961,0
57,19,691,1856,608,1259,0
57,20,691,1856,192,2342,0
57,21,691,1856,2422,1595,0
57,22,691,1856,2722,1804,0
57,23,691,1856,758,652,0
57,24,691,1856,2169,2647,0
57,25,691,1856,48,2991,0
57,26,691,1856,1766,2358,0
57,27,691,1856,1735,1517,0
57,28,691,1856,2661,1773,0
57,29,691,1856,1563,1335,0
57,30,691,1856,2769,1586,0
57,31,691,1856,1591,376,0
57,32,691,1856,635,1666,1
57,33,691,1856,2292,1709,0
57,34,691,1856,1578,1883,0
57,35,691,1856,2704,1270,0
57,36,691,1856,828,1169,0
57,37,691,1856,1910,637,0
57,38,691,1856,652,2960,0
57,39,691,1856,1942,2679,0
57,40,691,1856,1988,920,0
57,41,691,1856,965,1686,0
57,42,691,1856,1232,1238,0
57,43,691,1856,1594,2306,0
57,44,691,1856,1777,694,0
57,45,691,1856,2160,1907,0
57,46,691,1856,2318,2824,0
57,47,691,1856,155,1778,0
57,48,691,1856,2364,509,0
57,49,691,1856,2385,1990,0
57,50,691,1856,907,2812,0
57,51,691,1856,645,1169,0
57,52,691,1856,1928,970,0
57,53,691,1856,976,2073,0
57,54,691,1856,2932,2921,0
57,55,691,1856,2813,381,0
57,56,691,1856,710,2734,0
57,58,691,1856,1104,657,0
57,59,691,1856,326,295,0
57,60,691,1856,2355,1634,0
57,61,691,1856,981,1913,0
57,62,691,1856,1569,1249,0
57,63,691,1856,526,2411,0
57,64,691,1856,234,659,0
57,65,691,1856,282,145,0
57,66,691,1856,2277,2466,0
57,67,691,1856,869,213,0
57,68,691,1856,382,2709,0
57,69,691,1856,370,2819,0
57,70,691,1856,1897,1399,0
57,71,691,1856,2867,2702,0
57,72,691,1856,2660,1168,0
57,73,691,1856,51,572,0
57,74,691,1856,2959,2364,0
57,75,691,1856,220,1332,0
57,76,691,1856,1764,2646,0
57,77,691,1856,2399,2358,0
57,78,691,1856,628,898,0
57,79,691,1856,1998,2018,0
57,80,691,1856,485,796,0
57,81,691,1856,11,2314,0
57,82,691,1856,55,2348,0
57,83,691,1856,2951,586,0
57,84,691,1856,972,630,0
57,85,691,1856,2272,663,0
57,86,691,1856,2187,1884,0
57,87,691,1856,835,2771,0
57,88,691,1856,1205,1326,0
57,89,691,1856,1932,616,0
57,90,691,1856,1276,50,0
57,91,691,1856,1968,2093,0
57,92,691,1856,834,1683,0
57,93,691,1856,1092,318,0
57,94,691,1856,1408,102,0
57,95,691,1856,1162,1463,0
57,96,691,1856,2454,81,0
57,97,691,1856,1027,1503,0
57,98,691,1856,328,2685,0
57,99,691,1856,1047,1127,0
57,100,691,1856,2376,2097,0
57,101,691,1856,1507,2064,0
57,102,691,1856,1735,1517,0
57,103,691,1856,2111,103,0
57,104,691,1856,21,329,0
57,105,691,1856,2868,849,0
57,106,691,1856,1471,167,0
57,107,691,1856,2373,783,0
57,108,691,1856,2621,1680,0
57,109,691,1856,170,2120,0
57,110,691,1856,2377,1545,0
57,111,691,1856,910,2380,0
57,112,691,1856,1661,2195,0
57,113,691,1856,2991,2168,0
57,114,691,1856,546,1098,0
57,115,691,1856,1623,2891,0
57,116,691,1856,869,1014,0
57,117,691,1856,2629,835,0
57,118,691,1856,451,822,0
57,119,691,1856,1715,636,0
57,120,691,1856,1598,516,0
57,121,691,1856,611,1374,0
57,122,691,1856,573,26,0
57,123,691,1856,2071,2923,0
57,124,691,1856,51,271,0
57,125,691,1856,875,769,0
57,126,691,1856,152,2740,0
57,127,691,1856,1986,213,0
57,128,691,1856,1386,1070,0
57,129,691,1856,2517,1148,0
57,130,691,1856,1211,24,0
57,131,691,1856,2910,1043,0
57,132,691,1856,2000,1243,0
58,0,1104,657,1768,2264,0
58,1,1104,657,2913,2734,0
58,2,1104,657,1215,1942,0
58,3,1104,657,2051,1971,0
58,4,1104,657,160,1001,0
58,5,1104,657,593,821,0
58,6,1104,657,2145,2101,0
58,7,1104,657,278,1608,0
58,8,1104,657,1945,1818,0
58,9,1104,657,1634,1385,0
58,10,1104,657,1218,2354,0
58,11,1104,657,1358,761,1
58,12,1104,657,2639,274,0
58,13,1104,657,941,2731,0
58,14,1104,657,720,403,0
58,15,1104,657,1392,2291,0
58,16,1104,657,1876,1945,0
58,17,1104,657,1569,812,0
58,18,1104,657,2424,1961,0
58,19,1104,657,608,1259,0
58,20,1104,657,192,2342,0
58,21,1104,657,2422,1595,0
58,22,1104,657,2722,1804,0
58,23,1104,657,758,652,0
58,24,1104,657,2169,2647,0
58,25,1104,657,48,2991,0
58,26,1104,657,1766,2358,0
58,27,1104,657,1735,1517,0
58,28,1104,657,2661,1773,0
58,29,1104,657,1563,1335,0
58,30,1104,657,2769,1586,0
58,31,1104,657,1591,376,0
58,32,1104,657,635,1666,0
58,33,1104,657,2292,1709,0
58,34,1104,657,1578,1883,0
58,35,1104,657,2704,1270,0
58,36,1104,657,828,1169,0
58,37,1104,657,1910,637,0
58,38,1104,657,652,2960,0
58,39,1104,657,1942,2679,0
58,40,1104,657,1988,920,0
58,41,1104,657,965,1686,0
58,42,1104,657,1232,1238,0
58,43,1104,657,1594,2306,0
58,44,1104,657,1777,694,0
58,45,1104,657,2160,1907,0
58,46,1104,657,2318,2824,0
58,47,1104,657,155,1778,0
58,48,1104,657,2364,509,0
58,49,1104,657,2385,1990,0
58,50,1104,657,907,2812,0
58,51,1104,657,645,1169,0
58,52,1104,657,1928,970,0
58,53,1104,657,976,2073,0
58,54,1104,657,2932,2921,0
58,55,1104,657,2813,381,0
58,56,1104,657,710,2734,0
58,57,1104,657,691,1856,0
58,59,1104,657,326,295,0
58,60,1104,657,2355,1634,0
58,61,1104,657,981,1913,0
58,62,1104,657,1569,1249,0
58,63,1104,657,526,2411,0
58,64,1104,657,234,659,0
58,65,1104,657,282,145,0
58,66,1104,657,2277,2466,0
58,67,1104,657,869,213,0
58,68,1104,657,382,2709,0
58,69,1104,657,370,2819,0
58,70,1104,657,1897,1399,0
58,71,1104,657,2867,2702,0
58,72,1104,657,2660,1168,0
58,73,1104,657,51,572,0
58,74,1104,657,2959,2364,0
58,75,1104,657,220,1332,0
58,76,1104,657,1764,2646,0
58,77,1104,657,2399,2358,0
58,78,1104,657,628,898,0
58,79,1104,657,1998,2018,0
58,80,1104,657,485,796,0
58,81,1104,657,11,2314,0
58,82,1104,657,55,2348,0
58,83,1104,657,2951,586,0
58,84,1104,657,972,630,0
58,85,1104,657,2272,663,0
58,86,1104,657,2187,1884,0
58,87,1104,657,835,2771,0
58,88,1104,657,1205,1326,0
58,89,1104,657,1932,616,0
58,90,1104,657,1276,50,0
58,91,1104,657,1968,2093,0
58,92,1104,657,834,1683,0
58,93,1104,657,1092,318,0
58,94,1104,657,1408,102,0
58,95,1104,657,1162,1463,0
58,96,1104,657,2454,81,0
58,97,1104,657,1027,1503,0
58,98,1104,657,328,2685,0
58,99,1104,657,1047,1127,0
58,100,1104,657,2376,2097,0
58,101,1104,657,1507,2064,0
58,102,1104,657,1735,1517,0
58,103,1104,657,2111,103,0
58,104,1104,657,21,329,0
58,105,1104,657,2868,849,0
58,106,1104,657,1471,167,0
58,107,1104,657,2373,783,0
58,108,1104,657,2621,1680,0
58,109,1104,657,170,2120,0
58,110,1104,657,2377,1545,0
58,111,1104,657,910,2380,0
58,112,1104,657,1661,2195,0
58,113,1104,657,2991,2168,0
58,114,1104,657,546,1098,0
58,115,1104,657,1623,2891,0
58,116,1104,657,869,1014,0
58,117,1104,657,2629,835,0
58,118,1104,657,451,822,0
58,119,1104,657,1715,636,0
58,120,1104,657,1598,516,0
58,121,1104,657,611,1374,0
58,122,1104,657,573,26,0
58,123,1104,657,2071,2923,0
58,124,1104,657,51,271,0
58,125,1104,657,875,769,0
58,126,1104,657,152,2740,0
58,127,1104,657,1986,213,0
58,128,1104,657,1386,1070,0
58,129,1104,657,2517,1148,0
58,130,1104,657,1211,24,0
58,131,1104,657,2910,1043,0
58,132,1104,657,2000,1243,0
59,0,326,295,1768,2264,0
59,1,326,295,2913,2734,0
59,2,326,295,1215,1942,0
59,3,326,295,2051,1971,0
59,4,326,295,160,1001,0
59,5,326,295,593,821,0
59,6,326,295,2145,2101,0
59,7,326,295,278,1608,0
59,8,326,295,1945,1818,0
59,9,326,295,1634,1385,0
59,10,326,295,1218,2354,0
59,11,326,295,1358,761,0
59,12,326,295,2639,274,0
59,13,326,295,941,2731,0
59,14,326,295,720,403,0
59,15,326,295,1392,2291,0
59,16,326,295,1876,1945,0
59,17,326,295,1569,812,0
59,18,326,295,2424,1961,0
59,19,326,295,608,1259,0
59,20,326,295,192,2342,0
59,21,326,295,2422,1595,0
59,22,326,295,2722,1804,0
59,23,326,295,758,652,0
59,24,326,295,2169,2647,0
59,25,326,295,48,2991,0
59,26,326,295,1766,2358,0
59,27,326,295,1735,1517,0
59,28,326,295,2661,1773,0
59,29,326,295,1563,1335,0
59,30,326,295,2769,1586,0
59,31,326,295,1591,376,0
59,32,326,295,635,1666,0
59,33,326,295,2292,1709,0
59,34,326,295,1578,1883,0
59,35,326,295,2704,1270,0
59,36,326,295,828,1169,0
59,37,326,295,1910,637,0
59,38,326,295,652,2960,0
59,39,326,295,1942,2679,0
59,40,326,295,1988,920,0
59,41,326,295,965,1686,0
59,42,326,295,1232,1238,0
59,43,326,295,1594,2306,0
59,44,326,295,1777,694,0
59,45,326,295,2160,1907,0
59,46,326,295,2318,2824,0
59,47,326,295,155,1778,0
59,48,326,295,2364,509,0
59,49,326,295,2385,1990,0
59,50,326,295,907,2812,0
59,51,326,295,645,1169,0
59,52,326,295,1928,970,0
59,53,326,295,976,2073,0
59,54,326,295,2932,2921,0
59,55,326,295,2813,381,0
59,56,326,295,710,2734,0
59,57,326,295,691,1856,0
59,58,326,295,1104,657,0
59,60,326,295,2355,1634,0
59,61,326,295,981,1913,0
59,62,326,295,1569,1249,0
59,63,326,295,526,2411,0
59,64,326,295,234,659,0
59,65,326,295,282,145,0
59,66,326,295,2277,2466,0
59,67,326,295,869,213,0
59,68,326,295,382,2709,0
59,69,326,295,370,2819,0
59,70,326,295,1897,1399,0
59,71,326,295,2867,2702,0
59,72,326,295,2660,1168,0
59,73,326,295,51,572,0
59,74,326,295,2959,2364,0
59,75,326,295,220,1332,0
59,76,326,295,1764,2646,0
59,77,326,295,2399,2358,0
59,78,326,295,628,898,0
59,79,326,295,1998,2018,0
59,80,326,295,485,796,0
59,81,326,295,11,2314,0
59,82,326,295,55,2348,0
59,83,326,295,2951,586,0
59,84,326,295,972,630,0
59,85,326,295,2272,663,0
59,86,326,295,2187,1884,0
59,87,326,295,835,2771,0
59,88,326,295,1205,1326,0
59,89,326,295,1932,616,0
59,90,326,295,1276,50,0
59,91,326,295,1968,2093,0
59,92,326,295,834,1683,0
59,93,326,295,1092,318,0
59,94,326,295,1408,102,0
59,95,326,295,1162,1463,0
59,96,326,295,2454,81,0
59,97,326,295,1027,1503,0
59,98,326,295,328,2685,0
59,99,326,295,1047,1127,0
59,100,326,295,2376,2097,0
59,101,326,295,1507,2064,0
59,102,326,295,1735,1517,0
59,103,326,295,2111,103,0
59,104,326,295,21,329,0
59,105,326,295,2868,849,0
59,106,326,295,1471,167,0
59,107,326,295,2373,783,0
59,108,326,295,2621,1680,0
59,109,326,295,170,2120,0
59,110,326,295,2377,1545,0
59,111,326,295,910,2380,0
59,112,326,295,1661,2195,0
59,113,326,295,2991,2168,0
59,114,326,295,546,1098,0
59,115,326,295,1623,2891,0
59,116,326,295,869,1014,0
59,117,326,295,2629,835,0
59,118,326,295,451,822,0
59,119,326,295,1715,636,0
59,120,326,295,1598,516,0
59,121,326,295,611,1374,0
59,122,326,295,573,26,0
59,123,326,295,2071,2923,0
59,124,326,295,51,271,1
59,125,326,295,875,769,0
59,126,326,295,152,2740,0
59,127,326,295,1986,213,0
59,128,326,295,1386,1070,0
59,129,326,295,2517,1148,0
59,130,326,295,1211,24,0
59,131,326,295,2910,1043,0
59,132,326,295,2000,1243,0
60,0,2355,1634,1768,2264,0
60,1,2355,1634,2913,2734,0
60,2,2355,1634,1215,1942,0
60,3,2355,1634,2051,1971,0
60,4,2355,1634,160,1001,0
60,5,2355,1634,593,821,0
60,6,2355,1634,2145,2101,0
60,7,2355,1634,278,1608,0
60,8,2355,1634,1945,1818,0
60,9,2355,1634,1634,1385,0
60,10,2355,1634,1218,2354,0
60,11,2355,1634,1358,761,0
60,12,2355,1634,2639,274,0
60,13,2355,1634,941,2731,0
60,14,2355,1634,720,403,0
60,15,2355,1634,1392,2291,0
60,16,2355,1634,1876,1945,0
60,17,2355,1634,1569,812,0
60,18,2355,1634,2424,1961,0
60,19,2355,1634,608,1259,0
60,20,2355,1634,192,2342,0
60,21,2355,1634,2422,1595,0
60,22,2355,1634,2722,1804,0
60,23,2355,1634,758,652,0
60,24,2355,1634,2169,2647,0
60,25,2355,1634,48,2991,0
60,26,2355,1634,1766,2358,0
60,27,2355,1634,1735,1517,0
60,28,2355,1634,2661,1773,0
60,29,2355,1634,1563,1335,0
60,30,2355,1634,2769,1586,0
60,31,2355,1634,1591,376,0
60,32,2355,1634,635,1666,0
60,33,2355,1634,2292,1709,1
60,34,2355,1634,1578,1883,0
60,35,2355,1634,2704,1270,0
60,36,2355,1634,828,1169,0
60,37,2355,1634,1910,637,0
60,38,2355,1634,652,2960,0
60,39,2355,1634,1942,2679,0
60,40,2355,1634,1988,920,0
60,41,2355,1634,965,1686,0
60,42,2355,1634,1232,1238,0
60,43,2355,1634,1594,2306,0
60,44,2355,1634,1777,694,0
60,45,2355,1634,2160,1907,0
60,46,2355,1634,2318,2824,0
60,47,2355,1634,155,1778,0
60,48,2355,1634,2364,509,0
60,49,2355,1634,2385,1990,0
60,50,2355,1634,907,2812,0
60,51,2355,1634,645,1169,0
60,52,2355,1634,1928,970,0
60,53,2355,1634,976,2073,0
60,54,2355,1634,2932,2921,0
60,55,2355,1634,2813,381,0
60,56,2355,1634,710,2734,0
60,57,2355,1634,691,1856,0
60,58,2355,1634,1104,657,0
60,59,2355,1634,326,295,0
60,61,2355,1634,981,1913,0
60,62,2355,1634,1569,1249,0
60,63,2355,1634,526,2411,0
60,64,2355,1634,234,659,0
60,65,2355,1634,282,145,0
60,66,2355,1634,2277,2466,0
60,67,2355,1634,869,213,0
60,68,2355,1634,382,2709,0
60,69,2355,1634,370,2819,0
60,70,2355,1634,1897,1399,0
60,71,2355,1634,2867,2702,0
60,72,2355,1634,2660,1168,0
60,73,2355,1634,51,572,0
60,74,2355,1634,2959,2364,0
60,75,2355,1634,220,1332,0
60,76,2355,1634,1764,2646,0
60,77,2355,1634,2399,2358,0
60,78,2355,1634,628,898,0
60,79,2355,1634,1998,2018,0
60,80,2355,1634,485,796,0
60,81,2355,1634,11,2314,0
60,82,2355,1634,55,2348,0
60,83,2355,1634,2951,586,0
60,84,2355,1634,972,630,0
60,85,2355,1634,2272,663,0
60,86,2355,1634,2187,1884,0
60,87,2355,1634,835,2771,0
60,88,2355,1634,1205,1326,0
60,89,2355,1634,1932,616,0
60,90,2355,1634,1276,50,0
60,91,2355,1634,1968,2093,0
60,92,2355,1634,834,1683,0
60,93,2355,1634,1092,318,0
60,94,2355,1634,1408,102,0
60,95,2355,1634,1162,1463,0
60,96,2355,1634,2454,81,0
60,97,2355,1634,1027,1503,0
60,98,2355,1634,328,2685,0
60,99,2355,1634,1047,1127,0
60,100,2355,1634,2376,2097,0
60,101,2355,1634,1507,2064,0
60,102,2355,1634,1735,1517,0
60,103,2355,1634,2111,103,0
60,104,2355,1634,21,329,0
60,105,2355,1634,2868,849,0
60,106,2355,1634,1471,167,0
60,107,2355,1634,2373,783,0
60,108,2355,1634,2621,1680,0
60,109,2355,1634,170,2120,0
60,110,2355,1634,2377,1545,0
60,111,2355,1634,910,2380,0
60,112,2355,1634,1661,2195,0
60,113,2355,1634,2991,2168,0
60,114,2355,1634,546,1098,0
60,115,2355,1634,1623,2891,0
60,116,2355,1634,869,1014,0
60,117,2355,1634,2629,835,0
60,118,2355,1634,451,822,0
60,119,2355,1634,1715,636,0
60,120,2355,1634,1598,516,0
60,121,2355,1634,611,1374,0
60,122,2355,1634,573,26,0
60,123,2355,1634,2071,2923,0
60,124,2355,1634,51,271,0
60,125,2355,1634,875,769,0
60,126,2355,1634,152,2740,0
60,127,2355,1634,1986,213,0
60,128,2355,1634,1386,1070,0
60,129,2355,1634,2517,1148,0
60,130,2355,1634,1211,24,0
60,131,2355,1634,2910,1043,0
60,132,2355,1634,2000,1243,0
61,0,981,1913,1768,2264,0
61,1,981,1913,2913,2734,0
61,2,981,1913,1215,1942,0
61,3,981,1913,2051,1971,0
61,4,981,1913,160,1001,0
61,5,981,1913,593,821,0
61,6,981,1913,2145,2101,0
61,7,981,1913,278,1608,0
61,8,981,1913,1945,1818,0
61,9,981,1913,1634,1385,0
61,10,981,1913,1218,2354,0
61,11,981,1913,1358,761,0
61,12,981,1913,2639,274,0
61,13,981,1913,941,2731,0
61,14,981,1913,720,403,0
61,15,981,1913,1392,2291,0
61,16,981,1913,1876,1945,0
61,17,981,1913,1569,812,0
61,18,981,1913,2424,1961,0
61,19,981,1913,608,1259,0
61,20,981,1913,192,2342,0
61,21,981,1913,2422,1595,0
61,22,981,1913,2722,1804,0
61,23,981,1913,758,652,0
61,24,981,1913,2169,2647,0
61,25,981,1913,48,2991,0
61,26,981,1913,1766,2358,0
61,27,981,1913,1735,1517,0
61,28,981,1913,2661,1773,0
61,29,981,1913,1563,1335,0
61,30,981,1913,2769,1586,0
61,31,981,1913,1591,376,0
61,32,981,1913,635,1666,0
61,33,981,1913,2292,1709,0
61,34,981,1913,1578,1883,0
61,35,981,1913,2704,1270,0
61,36,981,1913,828,1169,0
61,37,981,1913,1910,637,0
61,38,981,1913,652,2960,0
61,39,981,1913,1942,2679,0
61,40,981,1913,1988,920,0
61,41,981,1913,965,1686,0
61,42,981,1913,1232,1238,0
61,43,981,1913,1594,2306,0
61,44,981,1913,1777,694,0
61,45,981,1913,2160,1907,0
61,46,981,1913,2318,2824,0
61,47,981,1913,155,1778,0
61,48,981,1913,2364,509,0
61,49,981,1913,2385,1990,0
61,50,981,1913,907,2812,0
61,51,981,1913,645,1169,0
61,52,981,1913,1928,970,0
61,53,981,1913,976,2073,0
61,54,981,1913,2932,2921,0
61,55,981,1913,2813,381,0
61,56,981,1913,710,2734,0
61,57,981,1913,691,1856,1
61,58,981,1913,1104,657,0
61,59,981,1913,326,295,0
61,60,981,1913,2355,1634,0
61,62,981,1913,1569,1249,0
61,63,981,1913,526,2411,0
61,64,981,1913,234,659,0
61,65,981,1913,282,145,0
61,66,981,1913,2277,2466,0
61,67,981,1913,869,213,0
61,68,981,1913,382,2709,0
61,69,981,1913,370,2819,0
61,70,981,1913,1897,1399,0
61,71,981,1913,2867,2702,0
61,72,981,1913,2660,1168,0
61,73,981,1913,51,572,0
61,74,981,1913,2959,2364,0
61,75,981,1913,220,1332,0
61,76,981,1913,1764,2646,0
61,77,981,1913,2399,2358,0
61,78,981,1913,628,898,0
61,79,981,1913,1998,2018,0
61,80,981,1913,485,796,0
61,81,981,1913,11,2314,0
61,82,981,1913,55,2348,0
61,83,981,1913,2951,586,0
61,84,981,1913,972,630,0
61,85,981,1913,2272,663,0
61,86,981,1913,2187,1884,0
61,87,981,1913,835,2771,0
61,88,981,1913,1205,1326,0
61,89,981,1913,1932,616,0
61,90,981,1913,1276,50,0
61,91,981,1913,1968,2093,0
61,92,981,1913,834,1683,0
61,93,981,1913,1092,318,0
61,94,981,1913,1408,102,0
61,95,981,1913,1162,1463,0
61,96,981,1913,2454,81,0
61,97,981,1913,1027,1503,0
61,98,981,1913,328,2685,0
61,99,981,1913,1047,1127,0
61,100,981,1913,2376,2097,0
61,101,981,1913,1507,2064,0
61,102,981,1913,1735,1517,0
61,103,981,1913,2111,103,0
61,104,981,1913,21,329,0
61,105,981,1913,2868,849,0
61,106,981,1913,1471,167,0
61,107,981,1913,2373,783,0
61,108,981,1913,2621,1680,0
61,109,981,1913,170,2120,0
61,110,981,1913,2377,1545,0
61,111,981,1913,910,2380,0
61,112,981,1913,1661,2195,0
61,113,981,1913,2991,2168,0
61,114,981,1913,546,1098,0
61,115,981,1913,1623,2891,0
61,116,981,1913,869,1014,0
61,117,981,1913,2629,835,0
61,118,981,1913,451,822,0
61,119,981,1913,1715,636,0
61,120,981,1913,1598,516,0
61,121,981,1913,611,1374,0
61,122,981,1913,573,26,0
61,123,981,1913,2071,2923,0
61,124,981,1913,51,271,0
61,125,981,1913,875,769,0
61,126,981,1913,152,2740,0
61,127,981,1913,1986,213,0
61,128,981,1913,1386,1070,0
61,129,981,1913,2517,1148,0
61,130,981,1913,1211,24,0
61,131,981,1913,2910,1043,0
61,132,981,1913,2000,1243,0
62,0,1569,1249,1768,2264,0
62,1,1569,1249,2913,2734,0
62,2,1569,1249,1215,1942,0
62,3,1569,1249,2051,1971,0
62,4,1569,1249,160,1001,0
62,5,1569,1249,593,821,0
62,6,1569,1249,2145,2101,0
62,7,1569,1249,278,1608,0
62,8,1569,1249,1945,1818,0
62,9,1569,1249,1634,1385,0
62,10,1569,1249,1218,2354,0
62,11,1569,1249,1358,761,0
62,12,1569,1249,2639,274,0
62,13,1569,1249,941,2731,0
62,14,1569,1249,720,403,0
62,15,1569,1249,1392,2291,0
62,16,1569,1249,1876,1945,0
62,17,1569,1249,1569,812,0
62,18,1569,1249,2424,1961,0
62,19,1569,1249,608,1259,0
62,20,1569,1249,192,2342,0
62,21,1569,1249,2422,1595,0
62,22,1569,1249,2722,1804,0
62,23,1569,1249,758,652,0
62,24,1569,1249,2169,2647,0
62,25,1569,1249,48,2991,0
62,26,1569,1249,1766,2358,0
62,27,1569,1249,1735,1517,0
62,28,1569,1249,2661,1773,0
62,29,1569,1249,1563,1335,1
62,30,1569,1249,2769,1586,0
62,31,1569,1249,1591,376,0
62,32,1569,1249,635,1666,0
62,33,1569,1249,2292,1709,0
62,34,1569,1249,1578,1883,0
62,35,1569,1249,2704,1270,0
62,36,1569,1249,828,1169,0
62,37,1569,1249,1910,637,0
62,38,1569,1249,652,2960,0
62,39,1569,1249,1942,2679,0
62,40,1569,1249,1988,920,0
62,41,1569,1249,965,1686,0
62,42,1569,1249,1232,1238,0
62,43,1569,1249,1594,2306,0
62,44,1569,1249,1777,694,0
62,45,1569,1249,2160,1907,0
62,46,1569,1249,2318,2824,0
62,47,1569,1249,155,1778,0
62,48,1569,1249,2364,509,0
62,49,1569,1249,2385,1990,0
62,50,1569,1249,907,2812,0
62,51,1569,1249,645,1169,0
62,52,1569,1249,1928,970,0
62,53,1569,1249,976,2073,0
62,54,1569,1249,2932,2921,0
62,55,1569,1249,2813,381,0
62,56,1569,1249,710,2734,0
62,57,1569,1249,691,1856,0
62,58,1569,1249,1104,657,0
62,59,1569,1249,326,295,0
62,60,1569,1249,2355,1634,0
62,61,1569,1249,981,1913,0
62,63,1569,1249,526,2411,0
62,64,1569,1249,234,659,0
62,65,1569,1249,282,145,0
62,66,1569,1249,2277,2466,0
62,67,1569,1249,869,213,0
62,68,1569,1249,382,2709,0
62,69,1569,1249,370,2819,0
62,70,1569,1249,1897,1399,0
62,71,1569,1249,2867,2702,0
62,72,1569,1249,2660,1168,0
62,73,1569,1249,51,572,0
62,74,1569,1249,2959,2364,0
62,75,1569,1249,220,1332,0
62,76,1569,1249,1764,2646,0
62,77,1569,1249,2399,2358,0
62,78,1569,1249,628,898,0
62,79,1569,1249,1998,2018,0
62,80,1569,1249,485,796,0
62,81,1569,1249,11,2314,0
62,82,1569,1249,55,2348,0
62,83,1569,1249,2951,586,0
62,84,1569,1249,972,630,0
62,85,1569,1249,2272,663,0
62,86,1569,1249,2187,1884,0
62,87,1569,1249,835,2771,0
62,88,1569,1249,1205,1326,0
62,89,1569,1249,1932,616,0
62,90,1569,1249,1276,50,0
62,91,1569,1249,1968,2093,0
62,92,1569,1249,834,1683,0
62,93,1569,1249,1092,318,0
62,94,1569,1249,1408,102,0
62,95,1569,1249,1162,1463,0
62,96,1569,1249,2454,81,0
62,97,1569,1249,1027,1503,0
62,98,1569,1249,328,2685,0
62,99,1569,1249,1047,1127,0
62,100,1569,1249,2376,2097,0
62,101,1569,1249,1507,2064,0
62,102,1569,1249,1735,1517,0
62,103,1569,1249,2111,103,0
62,104,1569,1249,21,329,0
62,105,1569,1249,2868,849,0
62,106,1569,1249,1471,167,0
62,107,1569,1249,2373,783,0
62,108,1569,1249,2621,1680,0
62,109,1569,1249,170,2120,0
62,110,1569,1249,2377,1545,0
62,111,1569,1249,910,2380,0
62,112,1569,1249,1661,2195,0
62,113,1569,1249,2991,2168,0
62,114,1569,1249,546,1098,0
62,115,1569,1249,1623,2891,0
62,116,1569,1249,869,1014,0
62,117,1569,1249,2629,835,0
62,118,1569,1249,451,822,0
62,119,1569,1249,1715,636,0
62,120,1569,1249,1598,516,0
62,121,1569,1249,611,1374,0
62,122,1569,1249,573,26,0
62,123,1569,1249,2071,2923,0
62,124,1569,1249,51,271,0
62,125,1569,1249,875,769,0
62,126,1569,1249,152,2740,0
62,127,1569,1249,1986,213,0
62,128,1569,1249,1386,1070,0
62,129,1569,1249,2517,1148,0
62,130,1569,1249,1211,24,0
62,131,1569,1249,2910,1043,0
62,132,1569,1249,2000,1243,0
63,0,526,2411,1768,2264,0
63,1,526,2411,2913,2734,0
63,2,526,2411,1215,1942,0
63,3,526,2411,2051,1971,0
63,4,526,2411,160,1001,0
63,5,526,2411,593,821,0
63,6,526,2411,2145,2101,0
63,7,526,2411,278,1608,0
63,8,526,2411,1945,1818,0
63,9,526,2411,1634,1385,0
63,10,526,2411,1218,2354,0
63,11,526,2411,1358,761,0
63,12,526,2411,2639,274,0
63,13,526,2411,941,2731,0
63,14,526,2411,720,403,0
63,15,526,2411,1392,2291,0
63,16,526,2411,1876,1945,0
63,17,526,2411,1569,812,0
63,18,526,2411,2424,1961,0
63,19,526,2411,608,1259,0
63,20,526,2411,192,2342,0
63,21,526,2411,2422,1595,0
63,22,526,2411,2722,1804,0
63,23,526,2411,758,652,0
63,24,526,2411,2169,2647,0
63,25,526,2411,48,2991,0
63,26,526,2411,1766,2358,0
63,27,526,2411,1735,1517,0
63,28,526,2411,2661,1773,0
63,29,526,2411,1563,1335,0
63,30,526,2411,2769,1586,0
63,31,526,2411,1591,376,0
63,32,526,2411,635,1666,0
63,33,526,2411,2292,1709,0
63,34,526,2411,1578,1883,0
63,35,526,2411,2704,1270,0
63,36,526,2411,828,1169,0
63,37,526,2411,1910,637,0
63,38,526,2411,652,2960,0
63,39,526,2411,1942,2679,0
63,40,526,2411,1988,920,0
63,41,526,2411,965,1686,0
63,42,526,2411,1232,1238,0
63,43,526,2411,1594,2306,0
63,44,526,2411,1777,694,0
63,45,526,2411,2160,1907,0
63,46,526,2411,2318,2824,0
63,47,526,2411,155,1778,0
63,48,526,2411,2364,509,0
63,49,526,2411,2385,1990,0
63,50,526,2411,907,2812,0
63,51,526,2411,645,1169,0
63,52,526,2411,1928,970,0
63,53,526,2411,976,2073,0
63,54,526,2411,2932,2921,0
63,55,526,2411,2813,381,0
63,56,526,2411,710,2734,0
63,57,526,2411,691,1856,0
63,58,526,2411,1104,657,0
63,59,526,2411,326,295,0
63,60,526,2411,2355,1634,0
63,61,526,2411,981,1913,0
63,62,526,2411,1569,1249,0
63,64,526,2411,234,659,0
63,65,526,2411,282,145,0
63,66,526,2411,2277,2466,0
63,67,526,2411,869,213,0
63,68,526,2411,382,2709,1
63,69,526,2411,370,2819,0
63,70,526,2411,1897,1399,0
63,71,526,2411,2867,2702,0
63,72,526,2411,2660,1168,0
63,73,526,2411,51,572,0
63,74,526,2411,2959,2364,0
63,75,526,2411,220,1332,0
63,76,526,2411,1764,2646,0
63,77,526,2411,2399,2358,0
63,78,526,2411,628,898,0
63,79,526,2411,1998,2018,0
63,80,526,2411,485,796,0
63,81,526,2411,11,2314,0
63,82,526,2411,55,2348,0
63,83,526,2411,2951,586,0
63,84,526,2411,972,630,0
63,85,526,2411,2272,663,0
63,86,526,2411,2187,1884,0
63,87,526,2411,835,2771,0
63,88,526,2411,1205,1326,0
63,89,526,2411,1932,616,0
63,90,526,2411,1276,50,0
63,91,526,2411,1968,2093,0
63,92,526,2411,834,1683,0
63,93,526,2411,1092,318,0
63,94,526,2411,1408,102,0
63,95,526,2411,1162,1463,0
63,96,526,2411,2454,81,0
63,97,526,2411,1027,1503,0
63,98,526,2411,328,2685,0
63,99,526,2411,1047,1127,0
63,100,526,2411,2376,2097,0
63,101,526,2411,1507,2064,0
63,102,526,2411,1735,1517,0
63,103,526,2411,2111,103,0
63,104,526,2411,21,329,0
63,105,526,2411,2868,849,0
63,106,526,2411,1471,167,0
63,107,526,2411,2373,783,0
63,108,526,2411,2621,1680,0
63,109,526,2411,170,2120,0
63,110,526,2411,2377,1545,0
63,111,526,2411,910,2380,0
63,112,526,2411,1661,2195,0
63,113,526,2411,2991,2168,0
63,114,526,2411,546,1098,0
63,115,526,2411,1623,2891,0
63,116,526,2411,869,1014,0
63,117,526,2411,2629,835,0
63,118,526,2411,451,822,0
63,119,526,2411,1715,636,0
63,120,526,2411,1598,516,0
63,121,526,2411,611,1374,0
63,122,526,2411,573,26,0
63,123,526,2411,2071,2923,0
63,124,526,2411,51,271,0
63,125,526,2411,875,769,0
63,126,526,2411,152,2740,0
63,127,526,2411,1986,213,0
63,128,526,2411,1386,1070,0
63,129,526,2411,2517,1148,0
63,130,526,2411,1211,24,0
63,131,526,2411,2910,1043,0
63,132,526,2411,2000,1243,0
64,0,234,659,1768,2264,0
64,1,234,659,2913,2734,0
64,2,234,659,1215,1942,0
64,3,234,659,2051,1971,0
64,4,234,659,160,1001,1
64,5,234,659,593,821,0
64,6,234,659,2145,2101,0
64,7,234,659,278,1608,0
64,8,234,659,1945,1818,0
64,9,234,659,1634,1385,0
64,10,234,659,1218,2354,0
64,11,234,659,1358,761,0
64,12,234,659,2639,274,0
64,13,234,659,941,2731,0
64,14,234,659,720,403,0
64,15,234,659,1392,2291,0
64,16,234,659,1876,1945,0
64,17,234,659,1569,812,0
64,18,234,659,2424,1961,0
64,19,234,659,608,1259,0
64,20,234,659,192,2342,0
64,21,234,659,2422,1595,0
64,22,234,659,2722,1804,0
64,23,234,659,758,652,0
64,24,234,659,2169,2647,0
64,25,234,659,48,2991,0
64,26,234,659,1766,2358,0
64,27,234,659,1735,1517,0
64,28,234,659,2661,1773,0
64,29,234,659,1563,1335,0
64,30,234,659,2769,1586,0
64,31,234,659,1591,376,0
64,32,234,659,635,1666,0
64,33,234,659,2292,1709,0
64,34,234,659,1578,1883,0
64,35,234,659,2704,1270,0
64,36,234,659,828,1169,0
64,37,234,659,1910,637,0
64,38,234,659,652,2960,0
64,39,234,659,1942,2679,0
64,40,234,659,1988,920,0
64,41,234,659,965,1686,0
64,42,234,659,1232,1238,0
64,43,234,659,1594,2306,0
64,44,234,659,1777,694,0
64,45,234,659,2160,1907,0
64,46,234,659,2318,2824,0
64,47,234,659,155,1778,0
64,48,234,659,2364,509,0
64,49,234,659,2385,1990,0
64,50,234,659,907,2812,0
64,51,234,659,645,1169,0
64,52,234,659,1928,970,0
64,53,234,659,976,2073,0
64,54,234,659,2932,2921,0
64,55,234,659,2813,381,0
64,56,234,659,710,2734,0
64,57,234,659,691,1856,0
64,58,234,659,1104,657,0
64,59,234,659,326,295,0
64,60,234,659,2355,1634,0
64,61,234,659,981,1913,0
64,62,234,659,1569,1249,0
64,63,234,659,526,2411,0
64,65,234,659,282,145,0
64,66,234,659,2277,2466,0
64,67,234,659,869,213,0
64,68,234,659,382,2709,0
64,69,234,659,370,2819,0
64,70,234,659,1897,1399,0
64,71,234,659,2867,2702,0
64,72,234,659,2660,1168,0
64,73,234,659,51,572,0
64,74,234,659,2959,2364,0
64,75,234,659,220,1332,0
64,76,234,659,1764,2646,0
64,77,234,659,2399,2358,0
64,78,234,659,628,898,0
64,79,234,659,1998,2018,0
64,80,234,659,485,796,0
64,81,234,659,11,2314,0
64,82,234,659,55,2348,0
64,83,234,659,2951,586,0
64,84,234,659,972,630,0
64,85,234,659,2272,663,0
64,86,234,659,2187,1884,0
64,87,234,659,835,2771,0
64,88,234,659,1205,1326,0
64,89,234,659,1932,616,0
64,90,234,659,1276,50,0
64,91,234,659,1968,2093,0
64,92,234,659,834,1683,0
64,93,234,659,1092,318,0
64,94,234,659,1408,102,0
64,95,234,659,1162,1463,0
64,96,234,659,2454,81,0
64,97,234,659,1027,1503,0
64,98,234,659,328,2685,0
64,99,234,659,1047,1127,0
64,100,234,659,2376,2097,0
64,101,234,659,1507,2064,0
64,102,234,659,1735,1517,0
64,103,234,659,2111,103,0
64,104,234,659,21,329,0
64,105,234,659,2868,849,0
64,106,234,659,1471,167,0
64,107,234,659,2373,783,0
64,108,234,659,2621,1680,0
64,109,234,659,170,2120,0
64,110,234,659,2377,1545,0
64,111,234,659,910,2380,0
64,112,234,659,1661,2195,0
64,113,234,659,2991,2168,0
64,114,234,659,546,1098,0
64,115,234,659,1623,2891,0
64,116,234,659,869,1014,0
64,117,234,659,2629,835,0
64,118,234,659,451,822,0
64,119,234,659,1715,636,0
64,120,234,659,1598,516,0
64,121,234,659,611,1374,0
64,122,234,659,573,26,0
64,123,234,659,2071,2923,0
64,124,234,659,51,271,0
64,125,234,659,875,769,0
64,126,234,659,152,2740,0
64,127,234,659,1986,213,0
64,128,234,659,1386,1070,0
64,129,234,659,2517,1148,0
64,130,234,659,1211,24,0
64,131,234,659,2910,1043,0
64,132,234,659,2000,1243,0
65,0,282,145,1768,2264,0
65,1,282,145,2913,2734,0
65,2,282,145,1215,1942,0
65,3,282,145,2051,1971,0
65,4,282,145,160,1001,0
65,5,282,145,593,821,0
65,6,282,145,2145,2101,0
65,7,282,145,278,1608,0
65,8,282,145,1945,1818,0
65,9,282,145,1634,1385,0
65,10,282,145,1218,2354,0
65,11,282,145,1358,761,0
65,12,282,145,2639,274,0
65,13,282,145,941,2731,0
65,14,282,145,720,403,0
65,15,282,145,1392,2291,0
65,16,282,145,1876,1945,0
65,17,282,145,1569,812,0
65,18,282,145,2424,1961,0
65,19,282,145,608,1259,0
65,20,282,145,192,2342,0
65,21,282,145,2422,1595,0
65,22,282,145,2722,1804,0
65,23,282,145,758,652,0
65,24,282,145,2169,2647,0
65,25,282,145,48,2991,0
65,26,282,145,1766,2358,0
65,27,282,145,1735,1517,0
65,28,282,145,2661,1773,0
65,29,282,145,1563,1335,0
65,30,282,145,2769,1586,0
65,31,282,145,1591,376,0
65,32,282,145,635,1666,0
65,33,282,145,2292,1709,0
65,34,282,145,1578,1883,0
65,35,282,145,2704,1270,0
65,36,282,145,828,1169,0
65,37,282,145,1910,637,0
65,38,282,145,652,2960,0
65,39,282,145,1942,2679,0
65,40,282,145,1988,920,0
65,41,282,145,965,1686,0
65,42,282,145,1232,1238,0
65,43,282,145,1594,2306,0
65,44,282,145,1777,694,0
65,45,282,145,2160,1907,0
65,46,282,145,2318,2824,0
65,47,282,145,155,1778,0
65,48,282,145,2364,509,0
65,49,282,145,2385,1990,0
65,50,282,145,907,2812,0
65,51,282,145,645,1169,0
65,52,282,145,1928,970,0
65,53,282,145,976,2073,0
65,54,282,145,2932,2921,0
65,55,282,145,2813,381,0
65,56,282,145,710,2734,0
65,57,282,145,691,1856,0
65,58,282,145,1104,657,0
65,59,282,145,326,295,1
65,60,282,145,2355,1634,0
65,61,282,145,981,1913,0
65,62,282,145,1569,1249,0
65,63,282,145,526,2411,0
65,64,282,145,234,659,0
65,66,282,145,2277,2466,0
65,67,282,145,869,213,0
65,68,282,145,382,2709,0
65,69,282,145,370,2819,0
65,70,282,145,1897,1399,0
65,71,282,145,2867,2702,0
65,72,282,145,2660,1168,0
65,73,282,145,51,572,0
65,74,282,145,2959,2364,0
65,75,282,145,220,1332,0
65,76,282,145,1764,2646,0
65,77,282,145,2399,2358,0
65,78,282,145,628,898,0
65,79,282,145,1998,2018,0
65,80,282,145,485,796,0
65,81,282,145,11,2314,0
65,82,282,145,55,2348,0
65,83,282,145,2951,586,0
65,84,282,145,972,630,0
65,85,282,145,2272,663,0
65,86,282,145,2187,1884,0
65,87,282,145,835,2771,0
65,88,282,145,1205,1326,0
65,89,282,145,1932,616,0
65,90,282,145,1276,50,0
65,91,282,145,1968,2093,0
65,92,282,145,834,1683,0
65,93,282,145,1092,318,0
65,94,282,145,1408,102,0
65,95,282,145,1162,1463,0
65,96,282,145,2454,81,0
65,97,282,145,1027,1503,0
65,98,282,145,328,2685,0
65,99,282,145,1047,1127,0
65,100,282,145,2376,2097,0
65,101,282,145,1507,2064,0
65,102,282,145,1735,1517,0
65,103,282,145,2111,103,0
65,104,282,145,21,329,0
65,105,282,145,2868,849,0
65,106,282,145,1471,167,0
65,107,282,145,2373,783,0
65,108,282,145,2621,1680,0
65,109,282,145,170,2120,0
65,110,282,145,2377,1545,0
65,111,282,145,910,2380,0
65,112,282,145,1661,2195,0
65,113,282,145,2991,2168,0
65,114,282,145,546,1098,0
65,115,282,145,1623,2891,0
65,116,282,145,869,1014,0
65,117,282,145,2629,835,0
65,118,282,145,451,822,0
65,119,282,145,1715,636,0
65,120,282,145,1598,516,0
65,121,282,145,611,1374,0
65,122,282,145,573,26,0
65,123,282,145,2071,2923,0
65,124,282,145,51,271,0
65,125,282,145,875,769,0
65,126,282,145,152,2740,0
65,127,282,145,1986,213,0
65,128,282,145,1386,1070,0
65,129,282,145,2517,1148,0
65,130,282,145,1211,24,0
65,131,282,145,2910,1043,0
65,132,282,145,2000,1243,0
66,0,2277,2466,1768,2264,0
66,1,2277,2466,2913,2734,0
66,2,2277,2466,1215,1942,0
66,3,2277,2466,2051,1971,0
66,4,2277,2466,160,1001,0
66,5,2277,2466,593,821,0
66,6,2277,2466,2145,2101,0
66,7,2277,2466,278,1608,0
66,8,2277,2466,1945,1818,0
66,9,2277,2466,1634,1385,0
66,10,2277,2466,1218,2354,0
66,11,2277,2466,1358,761,0
66,12,2277,2466,2639,274,0
66,13,2277,2466,941,2731,0
66,14,2277,2466,720,403,0
66,15,2277,2466,1392,2291,0
66,16,2277,2466,1876,1945,0
66,17,2277,2466,1569,812,0
66,18,2277,2466,2424,1961,0
66,19,2277,2466,608,1259,0
66,20,2277,2466,192,2342,0
66,21,2277,2466,2422,1595,0
66,22,2277,2466,2722,1804,0
66,23,2277,2466,758,652,0
66,24,2277,2466,2169,2647,1
66,25,2277,2466,48,2991,0
66,26,2277,2466,1766,2358,0
66,27,2277,2466,1735,1517,0
66,28,2277,2466,2661,1773,0
66,29,2277,2466,1563,1335,0
66,30,2277,2466,2769,1586,0
66,31,2277,2466,1591,376,0
66,32,2277,2466,635,1666,0
66,33,2277,2466,2292,1709,0
66,34,2277,2466,1578,1883,0
66,35,2277,2466,2704,1270,0
66,36,2277,2466,828,1169,0
66,37,2277,2466,1910,637,0
66,38,2277,2466,652,2960,0
66,39,2277,2466,1942,2679,0
66,40,2277,2466,1988,920,0
66,41,2277,2466,965,1686,0
66,42,2277,2466,1232,1238,0
66,43,2277,2466,1594,2306,0
66,44,2277,2466,1777,694,0
66,45,2277,2466,2160,1907,0
66,46,2277,2466,2318,2824,0
66,47,2277,2466,155,1778,0
66,48,2277,2466,2364,509,0
66,49,2277,2466,2385,1990,0
66,50,2277,2466,907,2812,0
66,51,2277,2466,645,1169,0
66,52,2277,2466,1928,970,0
66,53,2277,2466,976,2073,0
66,54,2277,2466,2932,2921,0
66,55,2277,2466,2813,381,0
66,56,2277,2466,710,2734,0
66,57,2277,2466,691,1856,0
66,58,2277,2466,1104,657,0
66,59,2277,2466,326,295,0
66,60,2277,2466,2355,1634,0
66,61,2277,2466,981,1913,0
66,62,2277,2466,1569,1249,0
66,63,2277,2466,526,2411,0
66,64,2277,2466,234,659,0
66,65,2277,2466,282,145,0
66,67,2277,2466,869,213,0
66,68,2277,2466,382,2709,0
66,69,2277,2466,370,2819,0
66,70,2277,2466,1897,1399,0
66,71,2277,2466,2867,2702,0
66,72,2277,2466,2660,1168,0
66,73,2277,2466,51,572,0
66,74,2277,2466,2959,2364,0
66,75,2277,2466,220,1332,0
66,76,2277,2466,1764,2646,0
66,77,2277,2466,2399,2358,0
66,78,2277,2466,628,898,0
66,79,2277,2466,1998,2018,0
66,80,2277,2466,485,796,0
66,81,2277,2466,11,2314,0
66,82,2277,2466,55,2348,0
66,83,2277,2466,2951,586,0
66,84,2277,2466,972,630,0
66,85,2277,2466,2272,663,0
66,86,2277,2466,2187,1884,0
66,87,2277,2466,835,2771,0
66,88,2277,2466,1205,1326,0
66,89,2277,2466,1932,616,0
66,90,2277,2466,1276,50,0
66,91,2277,2466,1968,2093,0
66,92,2277,2466,834,1683,0
66,93,2277,2466,1092,318,0
66,94,2277,2466,1408,102,0
66,95,2277,2466,1162,1463,0
66,96,2277,2466,2454,81,0
66,97,2277,2466,1027,1503,0
66,98,2277,2466,328,2685,0
66,99,2277,2466,1047,1127,0
66,100,2277,2466,2376,2097,0
66,101,2277,2466,1507,2064,0
66,102,2277,2466,1735,1517,0
66,103,2277,2466,2111,103,0
66,104,2277,2466,21,329,0
66,105,2277,2466,2868,849,0
66,106,2277,2466,1471,167,0
66,107,2277,2466,2373,783,0
66,108,2277,2466,2621,1680,0
66,109,2277,2466,170,2120,0
66,110,2277,2466,2377,1545,0
66,111,2277,2466,910,2380,0
66,112,2277,2466,1661,2195,0
66,113,2277,2466,2991,2168,0
66,114,2277,2466,546,1098,0
66,115,2277,2466,1623,2891,0
66,116,2277,2466,869,1014,0
66,117,2277,2466,2629,835,0
66,118,2277,2466,451,822,0
66,119,2277,2466,1715,636,0
66,120,2277,2466,1598,516,0
66,121,2277,2466,611,1374,0
66,122,2277,2466,573,26,0
66,123,2277,2466,2071,2923,0
66,124,2277,2466,51,271,0
66,125,2277,2466,875,769,0
66,126,2277,2466,152,2740,0
66,127,2277,2466,1986,213,0
66,128,2277,2466,1386,1070,0
66,129,2277,2466,2517,1148,0
66,130,2277,2466,1211,24,0
66,131,2277,2466,2910,1043,0
66,132,2277,2466,2000,1243,0
67,0,869,213,1768,2264,0
67,1,869,213,2913,2734,0
67,2,869,213,1215,1942,0
67,3,869,213,2051,1971,0
67,4,869,213,160,1001,0
67,5,869,213,593,821,0
67,6,869,213,2145,2101,0
67,7,869,213,278,1608,0
67,8,869,213,1945,1818,0
67,9,869,213,1634,1385,0
67,10,869,213,1218,2354,0
67,11,869,213,1358,761,0
67,12,869,213,2639,274,0
67,13,869,213,941,2731,0
67,14,869,213,720,403,1
67,15,869,213,1392,2291,0
67,16,869,213,1876,1945,0
67,17,869,213,1569,812,0
67,18,869,213,2424,1961,0
67,19,869,213,608,1259,0
67,20,869,213,192,2342,0
67,21,869,213,2422,1595,0
67,22,869,213,2722,1804,0
67,23,869,213,758,652,0
67,24,869,213,2169,2647,0
67,25,869,213,48,2991,0
67,26,869,213,1766,2358,0
67,27,869,213,1735,1517,0
67,28,869,213,2661,1773,0
67,29,869,213,1563,1335,0
67,30,869,213,2769,1586,0
67,31,869,213,1591,376,0
67,32,869,213,635,1666,0
67,33,869,213,2292,1709,0
67,34,869,213,1578,1883,0
67,35,869,213,2704,1270,0
67,36,869,213,828,1169,0
67,37,869,213,1910,637,0
67,38,869,213,652,2960,0
67,39,869,213,1942,2679,0
67,40,869,213,1988,920,0
67,41,869,213,965,1686,0
67,42,869,213,1232,1238,0
67,43,869,213,1594,2306,0
67,44,869,213,1777,694,0
67,45,869,213,2160,1907,0
67,46,869,213,2318,2824,0
67,47,869,213,155,1778,0
67,48,869,213,2364,509,0
67,49,869,213,2385,1990,0
67,50,869,213,907,2812,0
67,51,869,213,645,1169,0
67,52,869,213,1928,970,0
67,53,869,213,976,2073,0
67,54,869,213,2932,2921,0
67,55,869,213,2813,381,0
67,56,869,213,710,2734,0
67,57,869,213,691,1856,0
67,58,869,213,1104,657,0
67,59,869,213,326,295,0
67,60,869,213,2355,1634,0
67,61,869,213,981,1913,0
67,62,869,213,1569,1249,0
67,63,869,213,526,2411,0
67,64,869,213,234,659,0
67,65,869,213,282,145,0
67,66,869,213,2277,2466,0
67,68,869,213,382,2709,0
67,69,869,213,370,2819,0
67,70,869,213,1897,1399,0
67,71,869,213,2867,2702,0
67,72,869,213,2660,1168,0
67,73,869,213,51,572,0
67,74,869,213,2959,2364,0
67,75,869,213,220,1332,0
67,76,869,213,1764,2646,0
67,77,869,213,2399,2358,0
67,78,869,213,628,898,0
67,79,869,213,1998,2018,0
67,80,869,213,485,796,0
67,81,869,213,11,2314,0
67,82,869,213,55,2348,0
67,83,869,213,2951,586,0
67,84,869,213,972,630,0
67,85,869,213,2272,663,0
67,86,869,213,2187,1884,0
67,87,869,213,835,2771,0
67,88,869,213,1205,1326,0
67,89,869,213,1932,616,0
67,90,869,213,1276,50,0
67,91,869,213,1968,2093,0
67,92,869,213,834,1683,0
67,93,869,213,1092,318,0
67,94,869,213,1408,102,0
67,95,869,213,1162,1463,0
67,96,869,213,2454,81,0
67,97,869,213,1027,1503,0
67,98,869,213,328,2685,0
67,99,869,213,1047,1127,0
67,100,869,213,2376,2097,0
67,101,869,213,1507,2064,0
67,102,869,213,1735,1517,0
67,103,869,213,2111,103,0
67,104,869,213,21,329,0
67,105,869,213,2868,849,0
67,106,869,213,1471,167,0
67,107,869,213,2373,783,0
67,108,869,213,2621,1680,0
67,109,869,213,170,2120,0
67,110,869,213,2377,1545,0
67,111,869,213,910,2380,0
67,112,869,213,1661,2195,0
67,113,869,213,2991,2168,0
67,114,869,213,546,1098,0
67,115,869,213,1623,2891,0
67,116,869,213,869,1014,0
67,117,869,213,2629,835,0
67,118,869,213,451,822,0
67,119,869,213,1715,636,0
67,120,869,213,1598,516,0
67,121,869,213,611,1374,0
67,122,869,213,573,26,0
67,123,869,213,2071,2923,0
67,124,869,213,51,271,0
67,125,869,213,875,769,0
67,126,869,213,152,2740,0
67,127,869,213,1986,213,0
67,128,869,213,1386,1070,0
67,129,869,213,2517,1148,0
67,130,869,213,1211,24,0
67,131,869,213,2910,1043,0
67,132,869,213,2000,1243,0
68,0,382,2709,1768,2264,0
68,1,382,2709,2913,2734,0
68,2,382,2709,1215,1942,0
68,3,382,2709,2051,1971,0
68,4,382,2709,160,1001,0
68,5,382,2709,593,821,0
68,6,382,2709,2145,2101,0
68,7,382,2709,278,1608,0
68,8,382,2709,1945,1818,0
68,9,382,2709,1634,1385,0
68,10,382,2709,1218,2354,0
68,11,382,2709,1358,761,0
68,12,382,2709,2639,274,0
68,13,382,2709,941,2731,0
68,14,382,2709,720,403,0
68,15,382,2709,1392,2291,0
68,16,382,2709,1876,1945,0
68,17,382,2709,1569,812,0
68,18,382,2709,2424,1961,0
68,19,382,2709,608,1259,0
68,20,382,2709,192,2342,0
68,21,382,2709,2422,1595,0
68,22,382,2709,2722,1804,0
68,23,382,2709,758,652,0
68,24,382,2709,2169,2647,0
68,25,382,2709,48,2991,0
68,26,382,2709,1766,2358,0
68,27,382,2709,1735,1517,0
68,28,382,2709,2661,1773,0
68,29,382,2709,1563,1335,0
68,30,382,2709,2769,1586,0
68,31,382,2709,1591,376,0
68,32,382,2709,635,1666,0
68,33,382,2709,2292,1709,0
68,34,382,2709,1578,1883,0
68,35,382,2709,2704,1270,0
68,36,382,2709,828,1169,0
68,37,382,2709,1910,637,0
68,38,382,2709,652,2960,0
68,39,382,2709,1942,2679,0
68,40,382,2709,1988,920,0
68,41,382,2709,965,1686,0
68,42,382,2709,1232,1238,0
68,43,382,2709,1594,2306,0
68,44,382,2709,1777,694,0
68,45,382,2709,2160,1907,0
68,46,382,2709,2318,2824,0
68,47,382,2709,155,1778,0
68,48,382,2709,2364,509,0
68,49,382,2709,2385,1990,0
68,50,382,2709,907,2812,0
68,51,382,2709,645,1169,0
68,52,382,2709,1928,970,0
68,53,382,2709,976,2073,0
68,54,382,2709,2932,2921,0
68,55,382,2709,2813,381,0
68,56,382,2709,710,2734,0
68,57,382,2709,691,1856,0
68,58,382,2709,1104,657,0
68,59,382,2709,326,295,0
68,60,382,2709,2355,1634,0
68,61,382,2709,981,1913,0
68,62,382,2709,1569,1249,0
68,63,382,2709,526,2411,0
68,64,382,2709,234,659,0
68,65,382,2709,282,145,0
68,66,382,2709,2277,2466,0
68,67,382,2709,869,213,0
68,69,382,2709,370,2819,0
68,70,382,2709,1897,1399,0
68,71,382,2709,2867,2702,0
68,72,382,2709,2660,1168,0
68,73,382,2709,51,572,0
68,74,382,2709,2959,2364,0
68,75,382,2709,220,1332,0
68,76,382,2709,1764,2646,0
68,77,382,2709,2399,2358,0
68,78,382,2709,628,898,0
68,79,382,2709,1998,2018,0
68,80,382,2709,485,796,0
68,81,382,2709,11,2314,0
68,82,382,2709,55,2348,0
68,83,382,2709,2951,586,0
68,84,382,2709,972,630,0
68,85,382,2709,2272,663,0
68,86,382,2709,2187,1884,0
68,87,382,2709,835,2771,0
68,88,382,2709,1205,1326,0
68,89,382,2709,1932,616,0
68,90,382,2709,1276,50,0
68,91,382,2709,1968,2093,0
68,92,382,2709,834,1683,0
68,93,382,2709,1092,318,0
68,94,382,2709,1408,102,0
68,95,382,2709,1162,1463,0
68,96,382,2709,2454,81,0
68,97,382,2709,1027,1503,0
68,98,382,2709,328,2685,1
68,99,382,2709,1047,1127,0
68,100,382,2709,2376,2097,0
68,101,382,2709,1507,2064,0
68,102,382,2709,1735,1517,0
68,103,382,2709,2111,103,0
68,104,382,2709,21,329,0
68,105,382,2709,2868,849,0
68,106,382,2709,1471,167,0
68,107,382,2709,2373,783,0
68,108,382,2709,2621,1680,0
68,109,382,2709,170,2120,0
68,110,382,2709,2377,1545,0
68,111,382,2709,910,2380,0
68,112,382,2709,1661,2195,0
68,113,382,2709,2991,2168,0
68,114,382,2709,546,1098,0
68,115,382,2709,1623,2891,0
68,116,382,2709,869,1014,0
68,117,382,2709,2629,835,0
68,118,382,2709,451,822,0
68,119,382,2709,1715,636,0
68,120,382,2709,1598,516,0
68,121,382,2709,611,1374,0
68,122,382,2709,573,26,0
68,123,382,2709,2071,2923,0
68,124,382,2709,51,271,0
68,125,382,2709,875,769,0
68,126,382,2709,152,2740,0
68,127,382,2709,1986,213,0
68,128,382,2709,1386,1070,0
68,129,382,2709,2517,1148,0
68,130,382,2709,1211,24,0
68,131,382,2709,2910,1043,0
68,132,382,2709,2000,1243,0
69,0,370,2819,1768,2264,0
69,1,370,2819,2913,2734,0
69,2,370,2819,1215,1942,0
69,3,370,2819,2051,1971,0
69,4,370,2819,160,1001,0
69,5,370,2819,593,821,0
69,6,370,2819,2145,2101,0
69,7,370,2819,278,1608,0
69,8,370,2819,1945,1818,0
69,9,370,2819,1634,1385,0
69,10,370,2819,1218,2354,0
69,11,370,2819,1358,761,0
69,12,370,2819,2639,274,0
69,13,370,2819,941,2731,0
69,14,370,2819,720,403,0
69,15,370,2819,1392,2291,0
69,16,370,2819,1876,1945,0
69,17,370,2819,1569,812,0
69,18,370,2819,2424,1961,0
69,19,370,2819,608,1259,0
69,20,370,2819,192,2342,0
69,21,370,2819,2422,1595,0
69,22,370,2819,2722,1804,0
69,23,370,2819,758,652,0
69,24,370,2819,2169,2647,0
69,25,370,2819,48,2991,0
69,26,370,2819,1766,2358,0
69,27,370,2819,1735,1517,0
69,28,370,2819,2661,1773,0
69,29,370,2819,1563,1335,0
69,30,370,2819,2769,1586,0
69,31,370,2819,1591,376,0
69,32,370,2819,635,1666,0
69,33,370,2819,2292,1709,0
69,34,370,2819,1578,1883,0
69,35,370,2819,2704,1270,0
69,36,370,2819,828,1169,0
69,37,370,2819,1910,637,0
69,38,370,2819,652,2960,1
69,39,370,2819,1942,2679,0
69,40,370,2819,1988,920,0
69,41,370,2819,965,1686,0
69,42,370,2819,1232,1238,0
69,43,370,2819,1594,2306,0
69,44,370,2819,1777,694,0
69,45,370,2819,2160,1907,0
69,46,370,2819,2318,2824,0
69,47,370,2819,155,1778,0
69,48,370,2819,2364,509,0
69,49,370,2819,2385,1990,0
69,50,370,2819,907,2812,0
69,51,370,2819,645,1169,0
69,52,370,2819,1928,970,0
69,53,370,2819,976,2073,0
69,54,370,2819,2932,2921,0
69,55,370,2819,2813,381,0
69,56,370,2819,710,2734,0
69,57,370,2819,691,1856,0
69,58,370,2819,1104,657,0
69,59,370,2819,326,295,0
69,60,370,2819,2355,1634,0
69,61,370,2819,981,1913,0
69,62,370,2819,1569,1249,0
69,63,370,2819,526,2411,0
69,64,370,2819,234,659,0
69,65,370,2819,282,145,0
69,66,370,2819,2277,2466,0
69,67,370,2819,869,213,0
69,68,370,2819,382,2709,0
69,70,370,2819,1897,1399,0
69,71,370,2819,2867,2702,0
69,72,370,2819,2660,1168,0
69,73,370,2819,51,572,0
69,74,370,2819,2959,2364,0
69,75,370,2819,220,1332,0
69,76,370,2819,1764,2646,0
69,77,370,2819,2399,2358,0
69,78,370,2819,628,898,0
69,79,370,2819,1998,2018,0
69,80,370,2819,485,796,0
69,81,370,2819,11,2314,0
69,82,370,2819,55,2348,0
69,83,370,2819,2951,586,0
69,84,370,2819,972,630,0
69,85,370,2819,2272,663,0
69,86,370,2819,2187,1884,0
69,87,370,2819,835,2771,0
69,88,370,2819,1205,1326,0
69,89,370,2819,1932,616,0
69,90,370,2819,1276,50,0
69,91,370,2819,1968,2093,0
69,92,370,2819,834,1683,0
69,93,370,2819,1092,318,0
69,94,370,2819,1408,102,0
69,95,370,2819,1162,1463,0
69,96,370,2819,2454,81,0
69,97,370,2819,1027,1503,0
69,98,370,2819,328,2685,0
69,99,370,2819,1047,1127,0
69,100,370,2819,2376,2097,0
69,101,370,2819,1507,2064,0
69,102,370,2819,1735,1517,0
69,103,370,2819,2111,103,0
69,104,370,2819,21,329,0
69,105,370,2819,2868,849,0
69,106,370,2819,1471,167,0
69,107,370,2819,2373,783,0
69,108,370,2819,2621,1680,0
69,109,370,2819,170,2120,0
69,110,370,2819,2377,1545,0
69,111,370,2819,910,2380,0
69,112,370,2819,1661,2195,0
69,113,370,2819,2991,2168,0
69,114,370,2819,546,1098,0
69,115,370,2819,1623,2891,0
69,116,370,2819,869,1014,0
69,117,370,2819,2629,835,0
69,118,370,2819,451,822,0
69,119,370,2819,1715,636,0
69,120,370,2819,1598,516,0
69,121,370,2819,611,1374,0
69,122,370,2819,573,26,0
69,123,370,2819,2071,2923,0
69,124,370,2819,51,271,0
69,125,370,2819,875,769,0
69,126,370,2819,152,2740,0
69,127,370,2819,1986,213,0
69,128,370,2819,1386,1070,0
69,129,370,2819,2517,1148,0
69,130,370,2819,1211,24,0
69,131,370,2819,2910,1043,0
69,132,370,2819,2000,1243,0
70,0,1897,1399,1768,2264,0
70,1,1897,1399,2913,2734,0
70,2,1897,1399,1215,1942,0
70,3,1897,1399,2051,1971,0
70,4,1897,1399,160,1001,0
70,5,1897,1399,593,821,0
70,6,1897,1399,2145,2101,0
70,7,1897,1399,278,1608,0
70,8,1897,1399,1945,1818,0
70,9,1897,1399,1634,1385,0
70,10,1897,1399,1218,2354,0
70,11,1897,1399,1358,761,0
70,12,1897,1399,2639,274,0
70,13,1897,1399,941,2731,0
70,14,1897,1399,720,403,0
70,15,1897,1399,1392,2291,0
70,16,1897,1399,1876,1945,0
70,17,1897,1399,1569,812,0
70,18,1897,1399,2424,1961,0
70,19,1897,1399,608,1259,0
70,20,1897,1399,192,2342,0
70,21,1897,1399,2422,1595,0
70,22,1897,1399,2722,1804,0
70,23,1897,1399,758,652,0
70,24,1897,1399,2169,2647,0
70,25,1897,1399,48,2991,0
70,26,1897,1399,1766,2358,0
70,27,1897,1399,1735,1517,0
70,28,1897,1399,2661,1773,0
70,29,1897,1399,1563,1335,0
70,30,1897,1399,2769,1586,0
70,31,1897,1399,1591,376,0
70,32,1897,1399,635,1666,0
70,33,1897,1399,2292,1709,0
70,34,1897,1399,1578,1883,0
70,35,1897,1399,2704,1270,0
70,36,1897,1399,828,1169,0
70,37,1897,1399,1910,637,0
70,38,1897,1399,652,2960,0
70,39,1897,1399,1942,2679,0
70,40,1897,1399,1988,920,0
70,41,1897,1399,965,1686,0
70,42,1897,1399,1232,1238,0
70,43,1897,1399,1594,2306,0
70,44,1897,1399,1777,694,0
70,45,1897,1399,2160,1907,0
70,46,1897,1399,2318,2824,0
70,47,1897,1399,155,1778,0
70,48,1897,1399,2364,509,0
70,49,1897,1399,2385,1990,0
70,50,1897,1399,907,2812,0
70,51,1897,1399,645,1169,0
70,52,1897,1399,1928,970,0
70,53,1897,1399,976,2073,0
70,54,1897,1399,2932,2921,0
70,55,1897,1399,2813,381,0
70,56,1897,1399,710,2734,0
70,57,1897,1399,691,1856,0
70,58,1897,1399,1104,657,0
70,59,1897,1399,326,295,0
70,60,1897,1399,2355,1634,0
70,61,1897,1399,981,1913,0
70,62,1897,1399,1569,1249,0
70,63,1897,1399,526,2411,0
70,64,1897,1399,234,659,0
70,65,1897,1399,282,145,0
70,66,1897,1399,2277,2466,0
70,67,1897,1399,869,213,0
70,68,1897,1399,382,2709,0
70,69,1897,1399,370,2819,0
70,71,1897,1399,2867,2702,0
70,72,1897,1399,2660,1168,0
70,73,1897,1399,51,572,0
70,74,1897,1399,2959,2364,0
70,75,1897,1399,220,1332,0
70,76,1897,1399,1764,2646,0
70,77,1897,1399,2399,2358,0
70,78,1897,1399,628,898,0
70,79,1897,1399,1998,2018,0
70,80,1897,1399,485,796,0
70,81,1897,1399,11,2314,0
70,82,1897,1399,55,2348,0
70,83,1897,1399,2951,586,0
70,84,1897,1399,972,630,0
70,85,1897,1399,2272,663,0
70,86,1897,1399,2187,1884,0
70,87,1897,1399,835,2771,0
70,88,1897,1399,1205,1326,0
70,89,1897,1399,1932,616,0
70,90,1897,1399,1276,50,0
70,91,1897,1399,1968,2093,0
70,92,1897,1399,834,1683,0
70,93,1897,1399,1092,318,0
70,94,1897,1399,1408,102,0
70,95,1897,1399,1162,1463,0
70,96,1897,1399,2454,81,0
70,97,1897,1399,1027,1503,0
70,98,1897,1399,328,2685,0
70,99,1897,1399,1047,1127,0
70,100,1897,1399,2376,2097,0
70,101,1897,1399,1507,2064,0
70,102,1897,1399,1735,1517,0
70,103,1897,1399,2111,103,0
70,104,1897,1399,21,329,0
70,105,1897,1399,2868,849,0
70,106,1897,1399,1471,167,0
70,107,1897,1399,2373,783,0
70,108,1897,1399,2621,1680,0
70,109,1897,1399,170,2120,0
70,110,1897,1399,2377,1545,0
70,111,1897,1399,910,2380,0
70,112,1897,1399,1661,2195,0
70,113,1897,1399,2991,2168,0
70,114,1897,1399,546,1098,0
70,115,1897,1399,1623,2891,0
70,116,1897,1399,869,1014,0
70,117,1897,1399,2629,835,0
70,118,1897,1399,451,822,0
70,119,1897,1399,1715,636,0
70,120,1897,1399,1598,516,0
70,121,1897,1399,611,1374,0
70,122,1897,1399,573,26,0
70,123,1897,1399,2071,2923,0
70,124,1897,1399,51,271,0
70,125,1897,1399,875,769,0
70,126,1897,1399,152,2740,0
70,127,1897,1399,1986,213,0
70,128,1897,1399,1386,1070,0
70,129,1897,1399,2517,1148,0
70,130,1897,1399,1211,24,0
70,131,1897,1399,2910,1043,0
70,132,1897,1399,2000,1243,1
71,0,2867,2702,1768,2264,0
71,1,2867,2702,2913,2734,0
71,2,2867,2702,1215,1942,0
71,3,2867,2702,2051,1971,0
71,4,2867,2702,160,1001,0
71,5,2867,2702,593,821,0
71,6,2867,2702,2145,2101,0
71,7,2867,2702,278,1608,0
71,8,2867,2702,1945,1818,0
71,9,2867,2702,1634,1385,0
71,10,2867,2702,1218,2354,0
71,11,2867,2702,1358,761,0
71,12,2867,2702,2639,274,0
71,13,2867,2702,941,2731,0
71,14,2867,2702,720,403,0
71,15,2867,2702,1392,2291,0
71,16,2867,2702,1876,1945,0
71,17,2867,2702,1569,812,0
71,18,2867,2702,2424,1961,0
71,19,2867,2702,608,1259,0
71,20,2867,2702,192,2342,0
71,21,2867,2702,2422,1595,0
71,22,2867,2702,2722,1804,0
71,23,2867,2702,758,652,0
71,24,2867,2702,2169,2647,0
71,25,2867,2702,48,2991,0
71,26,2867,2702,1766,2358,0
71,27,2867,2702,1735,1517,0
71,28,2867,2702,2661,1773,0
71,29,2867,2702,1563,1335,0
71,30,2867,2702,2769,1586,0
71,31,2867,2702,1591,376,0
71,32,2867,2702,635,1666,0
71,33,2867,2702,2292,1709,0
71,34,2867,2702,1578,1883,0
71,35,2867,2702,2704,1270,0
71,36,2867,2702,828,1169,0
71,37,2867,2702,1910,637,0
71,38,2867,2702,652,2960,0
71,39,2867,2702,1942,2679,0
71,40,2867,2702,1988,920,0
71,41,2867,2702,965,1686,0
71,42,2867,2702,1232,1238,0
71,43,2867,2702,1594,2306,0
71,44,2867,2702,1777,694,0
71,45,2867,2702,2160,1907,0
71,46,2867,2702,2318,2824,0
71,47,2867,2702,155,1778,0
71,48,2867,2702,2364,509,0
71,49,2867,2702,2385,1990,0
71,50,2867,2702,907,2812,0
71,51,2867,2702,645,1169,0
71,52,2867,2702,1928,970,0
71,53,2867,2702,976,2073,0
71,54,2867,2702,2932,2921,0
71,55,2867,2702,2813,381,0
71,56,2867,2702,710,2734,0
71,57,2867,2702,691,1856,0
71,58,2867,2702,1104,657,0
71,59,2867,2702,326,295,0
71,60,2867,2702,2355,1634,0
71,61,2867,2702,981,1913,0
71,62,2867,2702,1569,1249,0
71,63,2867,2702,526,2411,0
71,64,2867,2702,234,659,0
71,65,2867,2702,282,145,0
71,66,2867,2702,2277,2466,0
71,67,2867,2702,869,213,0
71,68,2867,2702,382,2709,0
71,69,2867,2702,370,2819,0
71,70,2867,2702,1897,1399,0
71,72,2867,2702,2660,1168,0
71,73,2867,2702,51,572,0
71,74,2867,2702,2959,2364,1
71,75,2867,2702,220,1332,0
71,76,2867,2702,1764,2646,0
71,77,2867,2702,2399,2358,0
71,78,2867,2702,628,898,0
71,79,2867,2702,1998,2018,0
71,80,2867,2702,485,796,0
71,81,2867,2702,11,2314,0
71,82,2867,2702,55,2348,0
71,83,2867,2702,2951,586,0
71,84,2867,2702,972,630,0
71,85,2867,2702,2272,663,0
71,86,2867,2702,2187,1884,0
71,87,2867,2702,835,2771,0
71,88,2867,2702,1205,1326,0
71,89,2867,2702,1932,616,0
71,90,2867,2702,1276,50,0
71,91,2867,2702,1968,2093,0
71,92,2867,2702,834,1683,0
71,93,2867,2702,1092,318,0
71,94,2867,2702,1408,102,0
71,95,2867,2702,1162,1463,0
71,96,2867,2702,2454,81,0
71,97,2867,2702,1027,1503,0
71,98,2867,2702,328,2685,0
71,99,2867,2702,1047,1127,0
71,100,2867,2702,2376,2097,0
71,101,2867,2702,1507,2064,0
71,102,2867,2702,1735,1517,0
71,103,2867,2702,2111,103,0
71,104,2867,2702,21,329,0
71,105,2867,2702,2868,849,0
71,106,2867,2702,1471,167,0
71,107,2867,2702,2373,783,0
71,108,2867,2702,2621,1680,0
71,109,2867,2702,170,2120,0
71,110,2867,2702,2377,1545,0
71,111,2867,2702,910,2380,0
71,112,2867,2702,1661,2195,0
71,113,2867,2702,2991,2168,0
71,114,2867,2702,546,1098,0
71,115,2867,2702,1623,2891,0
71,116,2867,2702,869,1014,0
71,117,2867,2702,2629,835,0
71,118,2867,2702,451,822,0
71,119,2867,2702,1715,636,0
71,120,2867,2702,1598,516,0
71,121,2867,2702,611,1374,0
71,122,2867,2702,573,26,0
71,123,2867,2702,2071,2923,0
71,124,2867,2702,51,271,0
71,125,2867,2702,875,769,0
71,126,2867,2702,152,2740,0
71,127,2867,2702,1986,213,0
71,128,2867,2702,1386,1070,0
71,129,2867,2702,2517,1148,0
71,130,2867,2702,1211,24,0
71,131,2867,2702,2910,1043,0
71,132,2867,2702,2000,1243,0
72,0,2660,1168,1768,2264,0
72,1,2660,1168,2913,2734,0
72,2,2660,1168,1215,1942,0
72,3,2660,1168,2051,1971,0
72,4,2660,1168,160,1001,0
72,5,2660,1168,593,821,0
72,6,2660,1168,2145,2101,0
72,7,2660,1168,278,1608,0
72,8,2660,1168,1945,1818,0
72,9,2660,1168,1634,1385,0
72,10,2660,1168,1218,2354,0
72,11,2660,1168,1358,761,0
72,12,2660,1168,2639,274,0
72,13,2660,1168,941,2731,0
72,14,2660,1168,720,403,0
72,15,2660,1168,1392,2291,0
72,16,2660,1168,1876,1945,0
72,17,2660,1168,1569,812,0
72,18,2660,1168,2424,1961,0
72,19,2660,1168,608,1259,0
72,20,2660,1168,192,2342,0
72,21,2660,1168,2422,1595,0
72,22,2660,1168,2722,1804,0
72,23,2660,1168,758,652,0
72,24,2660,1168,2169,2647,0
72,25,2660,1168,48,2991,0
72,26,2660,1168,1766,2358,0
72,27,2660,1168,1735,1517,0
72,28,2660,1168,2661,1773,0
72,29,2660,1168,1563,1335,0
72,30,2660,1168,2769,1586,0
72,31,2660,1168,1591,376,0
72,32,2660,1168,635,1666,0
72,33,2660,1168,2292,1709,0
72,34,2660,1168,1578,1883,0
72,35,2660,1168,2704,1270,1
72,36,2660,1168,828,1169,0
72,37,2660,1168,1910,637,0
72,38,2660,1168,652,2960,0
72,39,2660,1168,1942,2679,0
72,40,2660,1168,1988,920,0
72,41,2660,1168,965,1686,0
72,42,2660,1168,1232,1238,0
72,43,2660,1168,1594,2306,0
72,44,2660,1168,1777,694,0
72,45,2660,1168,2160,1907,0
72,46,2660,1168,2318,2824,0
72,47,2660,1168,155,1778,0
72,48,2660,1168,2364,509,0
72,49,2660,1168,2385,1990,0
72,50,2660,1168,907,2812,0
72,51,2660,1168,645,1169,0
72,52,2660,1168,1928,970,0
72,53,2660,1168,976,2073,0
72,54,2660,1168,2932,2921,0
72,55,2660,1168,2813,381,0
72,56,2660,1168,710,2734,0
72,57,2660,1168,691,1856,0
72,58,2660,1168,1104,657,0
72,59,2660,1168,326,295,0
72,60,2660,1168,2355,1634,0
72,61,2660,1168,981,1913,0
72,62,2660,1168,1569,1249,0
72,63,2660,1168,526,2411,0
72,64,2660,1168,234,659,0
72,65,2660,1168,282,145,0
72,66,2660,1168,2277,2466,0
72,67,2660,1168,869,213,0
72,68,2660,1168,382,2709,0
72,69,2660,1168,370,2819,0
72,70,2660,1168,1897,1399,0
72,71,2660,1168,2867,2702,0
72,73,2660,1168,51,572,0
72,74,2660,1168,2959,2364,0
72,75,2660,1168,220,1332,0
72,76,2660,1168,1764,2646,0
72,77,2660,1168,2399,2358,0
72,78,2660,1168,628,898,0
72,79,2660,1168,1998,2018,0
72,80,2660,1168,485,796,0
72,81,2660,1168,11,2314,0
72,82,2660,1168,55,2348,0
72,83,2660,1168,2951,586,0
72,84,2660,1168,972,630,0
72,85,2660,1168,2272,663,0
72,86,2660,1168,2187,1884,0
72,87,2660,1168,835,2771,0
72,88,2660,1168,1205,1326,0
72,89,2660,1168,1932,616,0
72,90,2660,1168,1276,50,0
72,91,2660,1168,1968,2093,0
72,92,2660,1168,834,1683,0
72,93,2660,1168,1092,318,0
72,94,2660,1168,1408,102,0
72,95,2660,1168,1162,1463,0
72,96,2660,1168,2454,81,0
72,97,2660,1168,1027,1503,0
72,98,2660,1168,328,2685,0
72,99,2660,1168,1047,1127,0
72,100,2660,1168,2376,2097,0
72,101,2660,1168,1507,2064,0
72,102,2660,1168,1735,1517,0
72,103,2660,1168,2111,103,0
72,104,2660,1168,21,329,0
72,105,2660,1168,2868,849,0
72,106,2660,1168,1471,167,0
72,107,2660,1168,2373,783,0
72,108,2660,1168,2621,1680,0
72,109,2660,1168,170,2120,0
72,110,2660,1168,2377,1545,0
72,111,2660,1168,910,2380,0
72,112,2660,1168,1661,2195,0
72,113,2660,1168,2991,2168,0
72,114,2660,1168,546,1098,0
72,115,2660,1168,1623,2891,0
72,116,2660,1168,869,1014,0
72,117,2660,1168,2629,835,0
72,118,2660,1168,451,822,0
72,119,2660,1168,1715,636,0
72,120,2660,1168,1598,516,0
72,121,2660,1168,611,1374,0
72,122,2660,1168,573,26,0
72,123,2660,1168,2071,2923,0
72,124,2660,1168,51,271,0
72,125,2660,1168,875,769,0
72,126,2660,1168,152,2740,0
72,127,2660,1168,1986,213,0
72,128,2660,1168,1386,1070,0
72,129,2660,1168,2517,1148,0
72,130,2660,1168,1211,24,0
72,131,2660,1168,2910,1043,0
72,132,2660,1168,2000,1243,0
73,0,51,572,1768,2264,0
73,1,51,572,2913,2734,0
73,2,51,572,1215,1942,0
73,3,51,572,2051,1971,0
73,4,51,572,160,1001,0
73,5,51,572,593,821,0
73,6,51,572,2145,2101,0
73,7,51,572,278,1608,0
73,8,51,572,1945,1818,0
73,9,51,572,1634,1385,0
73,10,51,572,1218,2354,0
73,11,51,572,1358,761,0
73,12,51,572,2639,274,0
73,13,51,572,941,2731,0
73,14,51,572,720,403,0
73,15,51,572,1392,2291,0
73,16,51,572,1876,1945,0
73,17,51,572,1569,812,0
73,18,51,572,2424,1961,0
73,19,51,572,608,1259,0
73,20,51,572,192,2342,0
73,21,51,572,2422,1595,0
73,22,51,572,2722,1804,0
73,23,51,572,758,652,0
73,24,51,572,2169,2647,0
73,25,51,572,48,2991,0
73,26,51,572,1766,2358,0
73,27,51,572,1735,1517,0
73,28,51,572,2661,1773,0
73,29,51,572,1563,1335,0
73,30,51,572,2769,1586,0
73,31,51,572,1591,376,0
73,32,51,572,635,1666,0
73,33,51,572,2292,1709,0
73,34,51,572,1578,1883,0
73,35,51,572,2704,1270,0
73,36,51,572,828,1169,0
73,37,51,572,1910,637,0
73,38,51,572,652,2960,0
73,39,51,572,1942,2679,0
73,40,51,572,1988,920,0
73,41,51,572,965,1686,0
73,42,51,572,1232,1238,0
73,43,51,572,1594,2306,0
73,44,51,572,1777,694,0
73,45,51,572,2160,1907,0
73,46,51,572,2318,2824,0
73,47,51,572,155,1778,0
73,48,51,572,2364,509,0
73,49,51,572,2385,1990,0
73,50,51,572,907,2812,0
73,51,51,572,645,1169,0
73,52,51,572,1928,970,0
73,53,51,572,976,2073,0
73,54,51,572,2932,2921,0
73,55,51,572,2813,381,0
73,56,51,572,710,2734,0
73,57,51,572,691,1856,0
73,58,51,572,1104,657,0
73,59,51,572,326,295,0
73,60,51,572,2355,1634,0
73,61,51,572,981,1913,0
73,62,51,572,1569,1249,0
73,63,51,572,526,2411,0
73,64,51,572,234,659,1
73,65,51,572,282,145,0
73,66,51,572,2277,2466,0
73,67,51,572,869,213,0
73,68,51,572,382,2709,0
73,69,51,572,370,2819,0
73,70,51,572,1897,1399,0
73,71,51,572,2867,2702,0
73,72,51,572,2660,1168,0
73,74,51,572,2959,2364,0
73,75,51,572,220,1332,0
73,76,51,572,1764,2646,0
73,77,51,572,2399,2358,0
73,78,51,572,628,898,0
73,79,51,572,1998,2018,0
73,80,51,572,485,796,0
73,81,51,572,11,2314,0
73,82,51,572,55,2348,0
73,83,51,572,2951,586,0
73,84,51,572,972,630,0
73,85,51,572,2272,663,0
73,86,51,572,2187,1884,0
73,87,51,572,835,2771,0
73,88,51,572,1205,1326,0
73,89,51,572,1932,616,0
73,90,51,572,1276,50,0
73,91,51,572,1968,2093,0
73,92,51,572,834,1683,0
73,93,51,572,1092,318,0
73,94,51,572,1408,102,0
73,95,51,572,1162,1463,0
73,96,51,572,2454,81,0
73,97,51,572,1027,1503,0
73,98,51,572,328,2685,0
73,99,51,572,1047,1127,0
73,100,51,572,2376,2097,0
73,101,51,572,1507,2064,0
73,102,51,572,1735,1517,0
73,103,51,572,2111,103,0
73,104,51,572,21,329,0
73,105,51,572,2868,849,0
73,106,51,572,1471,167,0
73,107,51,572,2373,783,0
73,108,51,572,2621,1680,0
73,109,51,572,170,2120,0
73,110,51,572,2377,1545,0
73,111,51,572,910,2380,0
73,112,51,572,1661,2195,0
73,113,51,572,2991,2168,0
73,114,51,572,546,1098,0
73,115,51,572,1623,2891,0
73,116,51,572,869,1014,0
73,117,51,572,2629,835,0
73,118,51,572,451,822,0
73,119,51,572,1715,636,0
73,120,51,572,1598,516,0
73,121,51,572,611,1374,0
73,122,51,572,573,26,0
73,123,51,572,2071,2923,0
73,124,51,572,51,271,0
73,125,51,572,875,769,0
73,126,51,572,152,2740,0
73,127,51,572,1986,213,0
73,128,51,572,1386,1070,0
73,129,51,572,2517,1148,0
73,130,51,572,1211,24,0
73,131,51,572,2910,1043,0
73,132,51,572,2000,1243,0
74,0,2959,2364,1768,2264,0
74,1,2959,2364,2913,2734,0
74,2,2959,2364,1215,1942,0
74,3,2959,2364,2051,1971,0
74,4,2959,2364,160,1001,0
74,5,2959,2364,593,821,0
74,6,2959,2364,2145,2101,0
74,7,2959,2364,278,1608,0
74,8,2959,2364,1945,1818,0
74,9,2959,2364,1634,1385,0
74,10,2959,2364,1218,2354,0
74,11,2959,2364,1358,761,0
74,12,2959,2364,2639,274,0
74,13,2959,2364,941,2731,0
74,14,2959,2364,720,403,0
74,15,2959,2364,1392,2291,0
74,16,2959,2364,1876,1945,0
74,17,2959,2364,1569,812,0
74,18,2959,2364,2424,1961,0
74,19,2959,2364,608,1259,0
74,20,2959,2364,192,2342,0
74,21,2959,2364,2422,1595,0
74,22,2959,2364,2722,1804,0
74,23,2959,2364,758,652,0
74,24,2959,2364,2169,2647,0
74,25,2959,2364,48,2991,0
74,26,2959,2364,1766,2358,0
74,27,2959,2364,1735,1517,0
74,28,2959,2364,2661,1773,0
74,29,2959,2364,1563,1335,0
74,30,2959,2364,2769,1586,0
74,31,2959,2364,1591,376,0
74,32,2959,2364,635,1666,0
74,33,2959,2364,2292,1709,0
74,34,2959,2364,1578,1883,0
74,35,2959,2364,2704,1270,0
74,36,2959,2364,828,1169,0
74,37,2959,2364,1910,637,0
74,38,2959,2364,652,2960,0
74,39,2959,2364,1942,2679,0
74,40,2959,2364,1988,920,0
74,41,2959,2364,965,1686,0
74,42,2959,2364,1232,1238,0
74,43,2959,2364,1594,2306,0
74,44,2959,2364,1777,694,0
74,45,2959,2364,2160,1907,0
74,46,2959,2364,2318,2824,0
74,47,2959,2364,155,1778,0
74,48,2959,2364,2364,509,0
74,49,2959,2364,2385,1990,0
74,50,2959,2364,907,2812,0
74,51,2959,2364,645,1169,0
74,52,2959,2364,1928,970,0
74,53,2959,2364,976,2073,0
74,54,2959,2364,2932,2921,0
74,55,2959,2364,2813,381,0
74,56,2959,2364,710,2734,0
74,57,2959,2364,691,1856,0
74,58,2959,2364,1104,657,0
74,59,2959,2364,326,295,0
74,60,2959,2364,2355,1634,0
74,61,2959,2364,981,1913,0
74,62,2959,2364,1569,1249,0
74,63,2959,2364,526,2411,0
74,64,2959,2364,234,659,0
74,65,2959,2364,282,145,0
74,66,2959,2364,2277,2466,0
74,67,2959,2364,869,213,0
74,68,2959,2364,382,2709,0
74,69,2959,2364,370,2819,0
74,70,2959,2364,1897,1399,0
74,71,2959,2364,2867,2702,0
74,72,2959,2364,2660,1168,0
74,73,2959,2364,51,572,0
74,75,2959,2364,220,1332,0
74,76,2959,2364,1764,2646,0
74,77,2959,2364,2399,2358,0
74,78,2959,2364,628,898,0
74,79,2959,2364,1998,2018,0
74,80,2959,2364,485,796,0
74,81,2959,2364,11,2314,0
74,82,2959,2364,55,2348,0
74,83,2959,2364,2951,586,0
74,84,2959,2364,972,630,0
74,85,2959,2364,2272,663,0
74,86,2959,2364,2187,1884,0
74,87,2959,2364,835,2771,0
74,88,2959,2364,1205,1326,0
74,89,2959,2364,1932,616,0
74,90,2959,2364,1276,50,0
74,91,2959,2364,1968,2093,0
74,92,2959,2364,834,1683,0
74,93,2959,2364,1092,318,0
74,94,2959,2364,1408,102,0
74,95,2959,2364,1162,1463,0
74,96,2959,2364,2454,81,0
74,97,2959,2364,1027,1503,0
74,98,2959,2364,328,2685,0
74,99,2959,2364,1047,1127,0
74,100,2959,2364,2376,2097,0
74,101,2959,2364,1507,2064,0
74,102,2959,2364,1735,1517,0
74,103,2959,2364,2111,103,0
74,104,2959,2364,21,329,0
74,105,2959,2364,2868,849,0
74,106,2959,2364,1471,167,0
74,107,2959,2364,2373,783,0
74,108,2959,2364,2621,1680,0
74,109,2959,2364,170,2120,0
74,110,2959,2364,2377,1545,0
74,111,2959,2364,910,2380,0
74,112,2959,2364,1661,2195,0
74,113,2959,2364,2991,2168,1
74,114,2959,2364,546,1098,0
74,115,2959,2364,1623,2891,0
74,116,2959,2364,869,1014,0
74,117,2959,2364,2629,835,0
74,118,2959,2364,451,822,0
74,119,2959,2364,1715,636,0
74,120,2959,2364,1598,516,0
74,121,2959,2364,611,1374,0
74,122,2959,2364,573,26,0
74,123,2959,2364,2071,2923,0
74,124,2959,2364,51,271,0
74,125,2959,2364,875,769,0
74,126,2959,2364,152,2740,0
74,127,2959,2364,1986,213,0
74,128,2959,2364,1386,1070,0
74,129,2959,2364,2517,1148,0
74,130,2959,2364,1211,24,0
74,131,2959,2364,2910,1043,0
74,132,2959,2364,2000,1243,0
75,0,220,1332,1768,2264,0
75,1,220,1332,2913,2734,0
75,2,220,1332,1215,1942,0
75,3,220,1332,2051,1971,0
75,4,220,1332,160,1001,0
75,5,220,1332,593,821,0
75,6,220,1332,2145,2101,0
75,7,220,1332,278,1608,1
75,8,220,1332,1945,1818,0
75,9,220,1332,1634,1385,0
75,10,220,1332,1218,2354,0
75,11,220,1332,1358,761,0
75,12,220,1332,2639,274,0
75,13,220,1332,941,2731,0
75,14,220,1332,720,403,0
75,15,220,1332,1392,2291,0
75,16,220,1332,1876,1945,0
75,17,220,1332,1569,812,0
75,18,220,1332,2424,1961,0
75,19,220,1332,608,1259,0
75,20,220,1332,192,2342,0
75,21,220,1332,2422,1595,0
75,22,220,1332,2722,1804,0
75,23,220,1332,758,652,0
75,24,220,1332,2169,2647,0
75,25,220,1332,48,2991,0
75,26,220,1332,1766,2358,0
75,27,220,1332,1735,1517,0
75,28,220,1332,2661,1773,0
75,29,220,1332,1563,1335,0
75,30,220,1332,2769,1586,0
75,31,220,1332,1591,376,0
75,32,220,1332,635,1666,0
75,33,220,1332,2292,1709,0
75,34,220,1332,1578,1883,0
75,35,220,1332,2704,1270,0
75,36,220,1332,828,1169,0
75,37,220,1332,1910,637,0
75,38,220,1332,652,2960,0
75,39,220,1332,1942,2679,0
75,40,220,1332,1988,920,0
75,41,220,1332,965,1686,0
75,42,220,1332,1232,1238,0
75,43,220,1332,1594,2306,0
75,44,220,1332,1777,694,0
75,45,220,1332,2160,1907,0
75,46,220,1332,2318,2824,0
75,47,220,1332,155,1778,0
75,48,220,1332,2364,509,0
75,49,220,1332,2385,1990,0
75,50,220,1332,907,2812,0
75,51,220,1332,645,1169,0
75,52,220,1332,1928,970,0
75,53,220,1332,976,2073,0
75,54,220,1332,2932,2921,0
75,55,220,1332,2813,381,0
75,56,220,1332,710,2734,0
75,57,220,1332,691,1856,0
75,58,220,1332,1104,657,0
75,59,220,1332,326,295,0
75,60,220,1332,2355,1634,0
75,61,220,1332,981,1913,0
75,62,220,1332,1569,1249,0
75,63,220,1332,526,2411,0
75,64,220,1332,234,659,0
75,65,220,1332,282,145,0
75,66,220,1332,2277,2466,0
75,67,220,1332,869,213,0
75,68,220,1332,382,2709,0
75,69,220,1332,370,2819,0
75,70,220,1332,1897,1399,0
75,71,220,1332,2867,2702,0
75,72,220,1332,2660,1168,0
75,73,220,1332,51,572,0
75,74,220,1332,2959,2364,0
75,76,220,1332,1764,2646,0
75,77,220,1332,2399,2358,0
75,78,220,1332,628,898,0
75,79,220,1332,1998,2018,0
75,80,220,1332,485,796,0
75,81,220,1332,11,2314,0
75,82,220,1332,55,2348,0
75,83,220,1332,2951,586,0
75,84,220,1332,972,630,0
75,85,220,1332,2272,663,0
75,86,220,1332,2187,1884,0
75,87,220,1332,835,2771,0
75,88,220,1332,1205,1326,0
75,89,220,1332,1932,616,0
75,90,220,1332,1276,50,0
75,91,220,1332,1968,2093,0
75,92,220,1332,834,1683,0
75,93,220,1332,1092,318,0
75,94,220,1332,1408,102,0
75,95,220,1332,1162,1463,0
75,96,220,1332,2454,81,0
75,97,220,1332,1027,1503,0
75,98,220,1332,328,2685,0
75,99,220,1332,1047,1127,0
75,100,220,1332,2376,2097,0
75,101,220,1332,1507,2064,0
75,102,220,1332,1735,1517,0
75,103,220,1332,2111,103,0
75,104,220,1332,21,329,0
75,105,220,1332,2868,849,0
75,106,220,1332,1471,167,0
75,107,220,1332,2373,783,0
75,108,220,1332,2621,1680,0
75,109,220,1332,170,2120,0
75,110,220,1332,2377,1545,0
75,111,220,1332,910,2380,0
75,112,220,1332,1661,2195,0
75,113,220,1332,2991,2168,0
75,114,220,1332,546,1098,0
75,115,220,1332,1623,2891,0
75,116,220,1332,869,1014,0
75,117,220,1332,2629,835,0
75,118,220,1332,451,822,0
75,119,220,1332,1715,636,0
75,120,220,1332,1598,516,0
75,121,220,1332,611,1374,0
75,122,220,1332,573,26,0
75,123,220,1332,2071,2923,0
75,124,220,1332,51,271,0
75,125,220,1332,875,769,0
75,126,220,1332,152,2740,0
75,127,220,1332,1986,213,0
75,128,220,1332,1386,1070,0
75,129,220,1332,2517,1148,0
75,130,220,1332,1211,24,0
75,131,220,1332,2910,1043,0
75,132,220,1332,2000,1243,0
76,0,1764,2646,1768,2264,0
76,1,1764,2646,2913,2734,0
76,2,1764,2646,1215,1942,0
76,3,1764,2646,2051,1971,0
76,4,1764,2646,160,1001,0
76,5,1764,2646,593,821,0
76,6,1764,2646,2145,2101,0
76,7,1764,2646,278,1608,0
76,8,1764,2646,1945,1818,0
76,9,1764,2646,1634,1385,0
76,10,1764,2646,1218,2354,0
76,11,1764,2646,1358,761,0
76,12,1764,2646,2639,274,0
76,13,1764,2646,941,2731,0
76,14,1764,2646,720,403,0
76,15,1764,2646,1392,2291,0
76,16,1764,2646,1876,1945,0
76,17,1764,2646,1569,812,0
76,18,1764,2646,2424,1961,0
76,19,1764,2646,608,1259,0
76,20,1764,2646,192,2342,0
76,21,1764,2646,2422,1595,0
76,22,1764,2646,2722,1804,0
76,23,1764,2646,758,652,0
76,24,1764,2646,2169,2647,0
76,25,1764,2646,48,2991,0
76,26,1764,2646,1766,2358,0
76,27,1764,2646,1735,1517,0
76,28,1764,2646,2661,1773,0
76,29,1764,2646,1563,1335,0
76,30,1764,2646,2769,1586,0
76,31,1764,2646,1591,376,0
76,32,1764,2646,635,1666,0
76,33,1764,2646,2292,1709,0
76,34,1764,2646,1578,1883,0
76,35,1764,2646,2704,1270,0
76,36,1764,2646,828,1169,0
76,37,1764,2646,1910,637,0
76,38,1764,2646,652,2960,0
76,39,1764,2646,1942,2679,0
76,40,1764,2646,1988,920,0
76,41,1764,2646,965,1686,0
76,42,1764,2646,1232,1238,0
76,43,1764,2646,1594,2306,0
76,44,1764,2646,1777,694,0
76,45,1764,2646,2160,1907,0
76,46,1764,2646,2318,2824,0
76,47,1764,2646,155,1778,0
76,48,1764,2646,2364,509,0
76,49,1764,2646,2385,1990,0
76,50,1764,2646,907,2812,0
76,51,1764,2646,645,1169,0
76,52,1764,2646,1928,970,0
76,53,1764,2646,976,2073,0
76,54,1764,2646,2932,2921,0
76,55,1764,2646,2813,381,0
76,56,1764,2646,710,2734,0
76,57,1764,2646,691,1856,0
76,58,1764,2646,1104,657,0
76,59,1764,2646,326,295,0
76,60,1764,2646,2355,1634,0
76,61,1764,2646,981,1913,0
76,62,1764,2646,1569,1249,0
76,63,1764,2646,526,2411,0
76,64,1764,2646,234,659,0
76,65,1764,2646,282,145,0
76,66,1764,2646,2277,2466,0
76,67,1764,2646,869,213,0
76,68,1764,2646,382,2709,0
76,69,1764,2646,370,2819,0
76,70,1764,2646,1897,1399,0
76,71,1764,2646,2867,2702,0
76,72,1764,2646,2660,1168,0
76,73,1764,2646,51,572,0
76,74,1764,2646,2959,2364,0
76,75,1764,2646,220,1332,0
76,77,1764,2646,2399,2358,0
76,78,1764,2646,628,898,0
76,79,1764,2646,1998,2018,0
76,80,1764,2646,485,796,0
76,81,1764,2646,11,2314,0
76,82,1764,2646,55,2348,0
76,83,1764,2646,2951,586,0
76,84,1764,2646,972,630,0
76,85,1764,2646,2272,663,0
76,86,1764,2646,2187,1884,0
76,87,1764,2646,835,2771,0
76,88,1764,2646,1205,1326,0
76,89,1764,2646,1932,616,0
76,90,1764,2646,1276,50,0
76,91,1764,2646,1968,2093,0
76,92,1764,2646,834,1683,0
76,93,1764,2646,1092,318,0
76,94,1764,2646,1408,102,0
76,95,1764,2646,1162,1463,0
76,96,1764,2646,2454,81,0
76,97,1764,2646,1027,1503,0
76,98,1764,2646,328,2685,0
76,99,1764,2646,1047,1127,0
76,100,1764,2646,2376,2097,0
76,101,1764,2646,1507,2064,0
76,102,1764,2646,1735,1517,0
76,103,1764,2646,2111,103,0
76,104,1764,2646,21,329,0
76,105,1764,2646,2868,849,0
76,106,1764,2646,1471,167,0
76,107,1764,2646,2373,783,0
76,108,1764,2646,2621,1680,0
76,109,1764,2646,170,2120,0
76,110,1764,2646,2377,1545,0
76,111,1764,2646,910,2380,0
76,112,1764,2646,1661,2195,0
76,113,1764,2646,2991,2168,0
76,114,1764,2646,546,1098,0
76,115,1764,2646,1623,2891,1
76,116,1764,2646,869,1014,0
76,117,1764,2646,2629,835,0
76,118,1764,2646,451,822,0
76,119,1764,2646,1715,636,0
76,120,1764,2646,1598,516,0
76,121,1764,2646,611,1374,0
76,122,1764,2646,573,26,0
76,123,1764,2646,2071,2923,0
76,124,1764,2646,51,271,0
76,125,1764,2646,875,769,0
76,126,1764,2646,152,2740,0
76,127,1764,2646,1986,213,0
76,128,1764,2646,1386,1070,0
76,129,1764,2646,2517,1148,0
76,130,1764,2646,1211,24,0
76,131,1764,2646,2910,1043,0
76,132,1764,2646,2000,1243,0
77,0,2399,2358,1768,2264,0
77,1,2399,2358,2913,2734,0
77,2,2399,2358,1215,1942,0
77,3,2399,2358,2051,1971,0
77,4,2399,2358,160,1001,0
77,5,2399,2358,593,821,0
77,6,2399,2358,2145,2101,0
77,7,2399,2358,278,1608,0
77,8,2399,2358,1945,1818,0
77,9,2399,2358,1634,1385,0
77,10,2399,2358,1218,2354,0
77,11,2399,2358,1358,761,0
77,12,2399,2358,2639,274,0
77,13,2399,2358,941,2731,0
77,14,2399,2358,720,403,0
77,15,2399,2358,1392,2291,0
77,16,2399,2358,1876,1945,0
77,17,2399,2358,1569,812,0
77,18,2399,2358,2424,1961,0
77,19,2399,2358,608,1259,0
77,20,2399,2358,192,2342,0
77,21,2399,2358,2422,1595,0
77,22,2399,2358,2722,1804,0
77,23,2399,2358,758,652,0
77,24,2399,2358,2169,2647,0
77,25,2399,2358,48,2991,0
77,26,2399,2358,1766,2358,0
77,27,2399,2358,1735,1517,0
77,28,2399,2358,2661,1773,0
77,29,2399,2358,1563,1335,0
77,30,2399,2358,2769,1586,0
77,31,2399,2358,1591,376,0
77,32,2399,2358,635,1666,0
77,33,2399,2358,2292,1709,0
77,34,2399,2358,1578,1883,0
77,35,2399,2358,2704,1270,0
77,36,2399,2358,828,1169,0
77,37,2399,2358,1910,637,0
77,38,2399,2358,652,2960,0
77,39,2399,2358,1942,2679,0
77,40,2399,2358,1988,920,0
77,41,2399,2358,965,1686,0
77,42,2399,2358,1232,1238,0
77,43,2399,2358,1594,2306,0
77,44,2399,2358,1777,694,0
77,45,2399,2358,2160,1907,0
77,46,2399,2358,2318,2824,0
77,47,2399,2358,155,1778,0
77,48,2399,2358,2364,509,0
77,49,2399,2358,2385,1990,0
77,50,2399,2358,907,2812,0
77,51,2399,2358,645,1169,0
77,52,2399,2358,1928,970,0
77,53,2399,2358,976,2073,0
77,54,2399,2358,2932,2921,0
77,55,2399,2358,2813,381,0
77,56,2399,2358,710,2734,0
77,57,2399,2358,691,1856,0
77,58,2399,2358,1104,657,0
77,59,2399,2358,326,295,0
77,60,2399,2358,2355,1634,0
77,61,2399,2358,981,1913,0
77,62,2399,2358,1569,1249,0
77,63,2399,2358,526,2411,0
77,64,2399,2358,234,659,0
77,65,2399,2358,282,145,0
77,66,2399,2358,2277,2466,1
77,67,2399,2358,869,213,0
77,68,2399,2358,382,2709,0
77,69,2399,2358,370,2819,0
77,70,2399,2358,1897,1399,0
77,71,2399,2358,2867,2702,0
77,72,2399,2358,2660,1168,0
77,73,2399,2358,51,572,0
77,74,2399,2358,2959,2364,0
77,75,2399,2358,220,1332,0
77,76,2399,2358,1764,2646,0
77,78,2399,2358,628,898,0
77,79,2399,2358,1998,2018,0
77,80,2399,2358,485,796,0
77,81,2399,2358,11,2314,0
77,82,2399,2358,55,2348,0
77,83,2399,2358,2951,586,0
77,84,2399,2358,972,630,0
77,85,2399,2358,2272,663,0
77,86,2399,2358,2187,1884,0
77,87,2399,2358,835,2771,0
77,88,2399,2358,1205,1326,0
77,89,2399,2358,1932,616,0
77,90,2399,2358,1276,50,0
77,91,2399,2358,1968,2093,0
77,92,2399,2358,834,1683,0
77,93,2399,2358,1092,318,0
77,94,2399,2358,1408,102,0
77,95,2399,2358,1162,1463,0
77,96,2399,2358,2454,81,0
77,97,2399,2358,1027,1503,0
77,98,2399,2358,328,2685,0
77,99,2399,2358,1047,1127,0
77,100,2399,2358,2376,2097,0
77,101,2399,2358,1507,2064,0
77,102,2399,2358,1735,1517,0
77,103,2399,2358,2111,103,0
77,104,2399,2358,21,329,0
77,105,2399,2358,2868,849,0
77,106,2399,2358,1471,167,0
77,107,2399,2358,2373,783,0
77,108,2399,2358,2621,1680,0
77,109,2399,2358,170,2120,0
77,110,2399,2358,2377,1545,0
77,111,2399,2358,910,2380,0
77,112,2399,2358,1661,2195,0
77,113,2399,2358,2991,2168,0
77,114,2399,2358,546,1098,0
77,115,2399,2358,1623,2891,0
77,116,2399,2358,869,1014,0
77,117,2399,2358,2629,835,0
77,118,2399,2358,451,822,0
77,119,2399,2358,1715,636,0
77,120,2399,2358,1598,516,0
77,121,2399,2358,611,1374,0
77,122,2399,2358,573,26,0
77,123,2399,2358,2071,2923,0
77,124,2399,2358,51,271,0
77,125,2399,2358,875,769,0
77,126,2399,2358,152,2740,0
77,127,2399,2358,1986,213,0
77,128,2399,2358,1386,1070,0
77,129,2399,2358,2517,1148,0
77,130,2399,2358,1211,24,0
77,131,2399,2358,2910,1043,0
77,132,2399,2358,2000,1243,0
78,0,628,898,1768,2264,0
78,1,628,898,2913,2734,0
78,2,628,898,1215,1942,0
78,3,628,898,2051,1971,0
78,4,628,898,160,1001,0
78,5,628,898,593,821,1
78,6,628,898,2145,2101,0
78,7,628,898,278,1608,0
78,8,628,898,1945,1818,0
78,9,628,898,1634,1385,0
78,10,628,898,1218,2354,0
78,11,628,898,1358,761,0
78,12,628,898,2639,274,0
78,13,628,898,941,2731,0
78,14,628,898,720,403,0
78,15,628,898,1392,2291,0
78,16,628,898,1876,1945,0
78,17,628,898,1569,812,0
78,18,628,898,2424,1961,0
78,19,628,898,608,1259,0
78,20,628,898,192,2342,0
78,21,628,898,2422,1595,0
78,22,628,898,2722,1804,0
78,23,628,898,758,652,0
78,24,628,898,2169,2647,0
78,25,628,898,48,2991,0
78,26,628,898,1766,2358,0
78,27,628,898,1735,1517,0
78,28,628,898,2661,1773,0
78,29,628,898,1563,1335,0
78,30,628,898,2769,1586,0
78,31,628,898,1591,376,0
78,32,628,898,635,1666,0
78,33,628,898,2292,1709,0
78,34,628,898,1578,1883,0
78,35,628,898,2704,1270,0
78,36,628,898,828,1169,0
78,37,628,898,1910,637,0
78,38,628,898,652,2960,0
78,39,628,898,1942,2679,0
78,40,628,898,1988,920,0
78,41,628,898,965,1686,0
78,42,628,898,1232,1238,0
78,43,628,898,1594,2306,0
78,44,628,898,1777,694,0
78,45,628,898,2160,1907,0
78,46,628,898,2318,2824,0
78,47,628,898,155,1778,0
78,48,628,898,2364,509,0
78,49,628,898,2385,1990,0
78,50,628,898,907,2812,0
78,51,628,898,645,1169,0
78,52,628,898,1928,970,0
78,53,628,898,976,2073,0
78,54,628,898,2932,2921,0
78,55,628,898,2813,381,0
78,56,628,898,710,2734,0
78,57,628,898,691,1856,0
78,58,628,898,1104,657,0
78,59,628,898,326,295,0
78,60,628,898,2355,1634,0
78,61,628,898,981,1913,0
78,62,628,898,1569,1249,0
78,63,628,898,526,2411,0
78,64,628,898,234,659,0
78,65,628,898,282,145,0
78,66,628,898,2277,2466,0
78,67,628,898,869,213,0
78,68,628,898,382,2709,0
78,69,628,898,370,2819,0
78,70,628,898,1897,1399,0
78,71,628,898,2867,2702,0
78,72,628,898,2660,1168,0
78,73,628,898,51,572,0
78,74,628,898,2959,2364,0
78,75,628,898,220,1332,0
78,76,628,898,1764,2646,0
78,77,628,898,2399,2358,0
78,79,628,898,1998,2018,0
78,80,628,898,485,796,0
78,81,628,898,11,2314,0
78,82,628,898,55,2348,0
78,83,628,898,2951,586,0
78,84,628,898,972,630,0
78,85,628,898,2272,663,0
78,86,628,898,2187,1884,0
78,87,628,898,835,2771,0
78,88,628,898,1205,1326,0
78,89,628,898,1932,616,0
78,90,628,898,1276,50,0
78,91,628,898,1968,2093,0
78,92,628,898,834,1683,0
78,93,628,898,1092,318,0
78,94,628,898,1408,102,0
78,95,628,898,1162,1463,0
78,96,628,898,2454,81,0
78,97,628,898,1027,1503,0
78,98,628,898,328,2685,0
78,99,628,898,1047,1127,0
78,100,628,898,2376,2097,0
78,101,628,898,1507,2064,0
78,102,628,898,1735,1517,0
78,103,628,898,2111,103,0
78,104,628,898,21,329,0
78,105,628,898,2868,849,0
78,106,628,898,1471,167,0
78,107,628,898,2373,783,0
78,108,628,898,2621,1680,0
78,109,628,898,170,2120,0
78,110,628,898,2377,1545,0
78,111,628,898,910,2380,0
78,112,628,898,1661,2195,0
78,113,628,898,2991,2168,0
78,114,628,898,546,1098,0
78,115,628,898,1623,2891,0
78,116,628,898,869,1014,0
78,117,628,898,2629,835,0
78,118,628,898,451,822,0
78,119,628,898,1715,636,0
78,120,628,898,1598,516,0
78,121,628,898,611,1374,0
78,122,628,898,573,26,0
78,123,628,898,2071,2923,0
78,124,628,898,51,271,0
78,125,628,898,875,769,0
78,126,628,898,152,2740,0
78,127,628,898,1986,213,0
78,128,628,898,1386,1070,0
78,129,628,898,2517,1148,0
78,130,628,898,1211,24,0
78,131,628,898,2910,1043,0
78,132,628,898,2000,1243,0
79,0,1998,2018,1768,2264,0
79,1,1998,2018,2913,2734,0
79,2,1998,2018,1215,1942,0
79,3,1998,2018,2051,1971,1
79,4,1998,2018,160,1001,0
79,5,1998,2018,593,821,0
79,6,1998,2018,2145,2101,0
79,7,1998,2018,278,1608,0
79,8,1998,2018,1945,1818,0
79,9,1998,2018,1634,1385,0
79,10,1998,2018,1218,2354,0
79,11,1998,2018,1358,761,0
79,12,1998,2018,2639,274,0
79,13,1998,2018,941,2731,0
79,14,1998,2018,720,403,0
79,15,1998,2018,1392,2291,0
79,16,1998,2018,1876,1945,0
79,17,1998,2018,1569,812,0
79,18,1998,2018,2424,1961,0
79,19,1998,2018,608,1259,0
79,20,1998,2018,192,2342,0
79,21,1998,2018,2422,1595,0
79,22,1998,2018,2722,1804,0
79,23,1998,2018,758,652,0
79,24,1998,2018,2169,2647,0
79,25,1998,2018,48,2991,0
79,26,1998,2018,1766,2358,0
79,27,1998,2018,1735,1517,0
79,28,1998,2018,2661,1773,0
79,29,1998,2018,1563,1335,0
79,30,1998,2018,2769,1586,0
79,31,1998,2018,1591,376,0
79,32,1998,2018,635,1666,0
79,33,1998,2018,2292,1709,0
79,34,1998,2018,1578,1883,0
79,35,1998,2018,2704,1270,0
79,36,1998,2018,828,1169,0
79,37,1998,2018,1910,637,0
79,38,1998,2018,652,2960,0
79,39,1998,2018,1942,2679,0
79,40,1998,2018,1988,920,0
79,41,1998,2018,965,1686,0
79,42,1998,2018,1232,1238,0
79,43,1998,2018,1594,2306,0
79,44,1998,2018,1777,694,0
79,45,1998,2018,2160,1907,0
79,46,1998,2018,2318,2824,0
79,47,1998,2018,155,1778,0
79,48,1998,2018,2364,509,0
79,49,1998,2018,2385,1990,0
79,50,1998,2018,907,2812,0
79,51,1998,2018,645,1169,0
79,52,1998,2018,1928,970,0
79,53,1998,2018,976,2073,0
79,54,1998,2018,2932,2921,0
79,55,1998,2018,2813,381,0
79,56,1998,2018,710,2734,0
79,57,1998,2018,691,1856,0
79,58,1998,2018,1104,657,0
79,59,1998,2018,326,295,0
79,60,1998,2018,2355,1634,0
79,61,1998,2018,981,1913,0
79,62,1998,2018,1569,1249,0
79,63,1998,2018,526,2411,0
79,64,1998,2018,234,659,0
79,65,1998,2018,282,145,0
79,66,1998,2018,2277,2466,0
79,67,1998,2018,869,213,0
79,68,1998,2018,382,2709,0
79,69,1998,2018,370,2819,0
79,70,1998,2018,1897,1399,0
79,71,1998,2018,2867,2702,0
79,72,1998,2018,2660,1168,0
79,73,1998,2018,51,572,0
79,74,1998,2018,2959,2364,0
79,75,1998,2018,220,1332,0
79,76,1998,2018,1764,2646,0
79,77,1998,2018,2399,2358,0
79,78,1998,2018,628,898,0
79,80,1998,2018,485,796,0
79,81,1998,2018,11,2314,0
79,82,1998,2018,55,2348,0
79,83,1998,2018,2951,586,0
79,84,1998,2018,972,630,0
79,85,1998,2018,2272,663,0
79,86,1998,2018,2187,1884,0
79,87,1998,2018,835,2771,0
79,88,1998,2018,1205,1326,0
79,89,1998,2018,1932,616,0
79,90,1998,2018,1276,50,0
79,91,1998,2018,1968,2093,0
79,92,1998,2018,834,1683,0
79,93,1998,2018,1092,318,0
79,94,1998,2018,1408,102,0
79,95,1998,2018,1162,1463,0
79,96,1998,2018,2454,81,0
79,97,1998,2018,1027,1503,0
79,98,1998,2018,328,2685,0
79,99,1998,2018,1047,1127,0
79,100,1998,2018,2376,2097,0
79,101,1998,2018,1507,2064,0
79,102,1998,2018,1735,1517,0
79,103,1998,2018,2111,103,0
79,104,1998,2018,21,329,0
79,105,1998,2018,2868,849,0
79,106,1998,2018,1471,167,0
79,107,1998,2018,2373,783,0
79,108,1998,2018,2621,1680,0
79,109,1998,2018,170,2120,0
79,110,1998,2018,2377,1545,0
79,111,1998,2018,910,2380,0
79,112,1998,2018,1661,2195,0
79,113,1998,2018,2991,2168,0
79,114,1998,2018,546,1098,0
79,115,1998,2018,1623,2891,0
79,116,1998,2018,869,1014,0
79,117,1998,2018,2629,835,0
79,118,1998,2018,451,822,0
79,119,1998,2018,1715,636,0
79,120,1998,2018,1598,516,0
79,121,1998,2018,611,1374,0
79,122,1998,2018,573,26,0
79,123,1998,2018,2071,2923,0
79,124,1998,2018,51,271,0
79,125,1998,2018,875,769,0
79,126,1998,2018,152,2740,0
79,127,1998,2018,1986,213,0
79,128,1998,2018,1386,1070,0
79,129,1998,2018,2517,1148,0
79,130,1998,2018,1211,24,0
79,131,1998,2018,2910,1043,0
79,132,1998,2018,2000,1243,0
80,0,485,796,1768,2264,0
80,1,485,796,2913,2734,0
80,2,485,796,1215,1942,0
80,3,485,796,2051,1971,0
80,4,485,796,160,1001,0
80,5,485,796,593,821,0
80,6,485,796,2145,2101,0
80,7,485,796,278,1608,0
80,8,485,796,1945,1818,0
80,9,485,796,1634,1385,0
80,10,485,796,1218,2354,0
80,11,485,796,1358,761,0
80,12,485,796,2639,274,0
80,13,485,796,941,2731,0
80,14,485,796,720,403,0
80,15,485,796,1392,2291,0
80,16,485,796,1876,1945,0
80,17,485,796,1569,812,0
80,18,485,796,2424,1961,0
80,19,485,796,608,1259,0
80,20,485,796,192,2342,0
80,21,485,796,2422,1595,0
80,22,485,796,2722,1804,0
80,23,485,796,758,652,1
80,24,485,796,2169,2647,0
80,25,485,796,48,2991,0
80,26,485,796,1766,2358,0
80,27,485,796,1735,1517,0
80,28,485,796,2661,1773,0
80,29,485,796,1563,1335,0
80,30,485,796,2769,1586,0
80,31,485,796,1591,376,0
80,32,485,796,635,1666,0
80,33,485,796,2292,1709,0
80,34,485,796,1578,1883,0
80,35,485,796,2704,1270,0
80,36,485,796,828,1169,0
80,37,485,796,1910,637,0
80,38,485,796,652,2960,0
80,39,485,796,1942,2679,0
80,40,485,796,1988,920,0
80,41,485,796,965,1686,0
80,42,485,796,1232,1238,0
80,43,485,796,1594,2306,0
80,44,485,796,1777,694,0
80,45,485,796,2160,1907,0
80,46,485,796,2318,2824,0
80,47,485,796,155,1778,0
80,48,485,796,2364,509,0
80,49,485,796,2385,1990,0
80,50,485,796,907,2812,0
80,51,485,796,645,1169,0
80,52,485,796,1928,970,0
80,53,485,796,976,2073,0
80,54,485,796,2932,2921,0
80,55,485,796,2813,381,0
80,56,485,796,710,2734,0
80,57,485,796,691,1856,0
80,58,485,796,1104,657,0
80,59,485,796,326,295,0
80,60,485,796,2355,1634,0
80,61,485,796,981,1913,0
80,62,485,796,1569,1249,0
80,63,485,796,526,2411,0
80,64,485,796,234,659,0
80,65,485,796,282,145,0
80,66,485,796,2277,2466,0
80,67,485,796,869,213,0
80,68,485,796,382,2709,0
80,69,485,796,370,2819,0
80,70,485,796,1897,1399,0
80,71,485,796,2867,2702,0
80,72,485,796,2660,1168,0
80,73,485,796,51,572,0
80,74,485,796,2959,2364,0
80,75,485,796,220,1332,0
80,76,485,796,1764,2646,0
80,77,485,796,2399,2358,0
80,78,485,796,628,898,0
80,79,485,796,1998,2018,0
80,81,485,796,11,2314,0
80,82,485,796,55,2348,0
80,83,485,796,2951,586,0
80,84,485,796,972,630,0
80,85,485,796,2272,663,0
80,86,485,796,2187,1884,0
80,87,485,796,835,2771,0
80,88,485,796,1205,1326,0
80,89,485,796,1932,616,0
80,90,485,796,1276,50,0
80,91,485,796,1968,2093,0
80,92,485,796,834,1683,0
80,93,485,796,1092,318,0
80,94,485,796,1408,102,0
80,95,485,796,1162,1463,0
80,96,485,796,2454,81,0
80,97,485,796,1027,1503,0
80,98,485,796,328,2685,0
80,99,485,796,1047,1127,0
80,100,485,796,2376,2097,0
80,101,485,796,1507,2064,0
80,102,485,796,1735,1517,0
80,103,485,796,2111,103,0
80,104,485,796,21,329,0
80,105,485,796,2868,849,0
80,106,485,796,1471,167,0
80,107,485,796,2373,783,0
80,108,485,796,2621,1680,0
80,109,485,796,170,2120,0
80,110,485,796,2377,1545,0
80,111,485,796,910,2380,0
80,112,485,796,1661,2195,0
80,113,485,796,2991,2168,0
80,114,485,796,546,1098,0
80,115,485,796,1623,2891,0
80,116,485,796,869,1014,0
80,117,485,796,2629,835,0
80,118,485,796,451,822,0
80,119,485,796,1715,636,0
80,120,485,796,1598,516,0
80,121,485,796,611,1374,0
80,122,485,796,573,26,0
80,123,485,796,2071,2923,0
80,124,485,796,51,271,0
80,125,485,796,875,769,0
80,126,485,796,152,2740,0
80,127,485,796,1986,213,0
80,128,485,796,1386,1070,0
80,129,485,796,2517,1148,0
80,130,485,796,1211,24,0
80,131,485,796,2910,1043,0
80,132,485,796,2000,1243,0
81,0,11,2314,1768,2264,0
81,1,11,2314,2913,2734,0
81,2,11,2314,1215,1942,0
81,3,11,2314,2051,1971,0
81,4,11,2314,160,1001,0
81,5,11,2314,593,821,0
81,6,11,2314,2145,2101,0
81,7,11,2314,278,1608,0
81,8,11,2314,1945,1818,0
81,9,11,2314,1634,1385,0
81,10,11,2314,1218,2354,0
81,11,11,2314,1358,761,0
81,12,11,2314,2639,274,0
81,13,11,2314,941,2731,0
81,14,11,2314,720,403,0
81,15,11,2314,1392,2291,0
81,16,11,2314,1876,1945,0
81,17,11,2314,1569,812,0
81,18,11,2314,2424,1961,0
81,19,11,2314,608,1259,0
81,20,11,2314,192,2342,0
81,21,11,2314,2422,1595,0
81,22,11,2314,2722,1804,0
81,23,11,2314,758,652,0
81,24,11,2314,2169,2647,0
81,25,11,2314,48,2991,0
81,26,11,2314,1766,2358,0
81,27,11,2314,1735,1517,0
81,28,11,2314,2661,1773,0
81,29,11,2314,1563,1335,0
81,30,11,2314,2769,1586,0
81,31,11,2314,1591,376,0
81,32,11,2314,635,1666,0
81,33,11,2314,2292,1709,0
81,34,11,2314,1578,1883,0
81,35,11,2314,2704,1270,0
81,36,11,2314,828,1169,0
81,37,11,2314,1910,637,0
81,38,11,2314,652,2960,0
81,39,11,2314,1942,2679,0
81,40,11,2314,1988,920,0
81,41,11,2314,965,1686,0
81,42,11,2314,1232,1238,0
81,43,11,2314,1594,2306,0
81,44,11,2314,1777,694,0
81,45,11,2314,2160,1907,0
81,46,11,2314,2318,2824,0
81,47,11,2314,155,1778,0
81,48,11,2314,2364,509,0
81,49,11,2314,2385,1990,0
81,50,11,2314,907,2812,0
81,51,11,2314,645,1169,0
81,52,11,2314,1928,970,0
81,53,11,2314,976,2073,0
81,54,11,2314,2932,2921,0
81,55,11,2314,2813,381,0
81,56,11,2314,710,2734,0
81,57,11,2314,691,1856,0
81,58,11,2314,1104,657,0
81,59,11,2314,326,295,0
81,60,11,2314,2355,1634,0
81,61,11,2314,981,1913,0
81,62,11,2314,1569,1249,0
81,63,11,2314,526,2411,0
81,64,11,2314,234,659,0
81,65,11,2314,282,145,0
81,66,11,2314,2277,2466,0
81,67,11,2314,869,213,0
81,68,11,2314,382,2709,0
81,69,11,2314,370,2819,0
81,70,11,2314,1897,1399,0
81,71,11,2314,2867,2702,0
81,72,11,2314,2660,1168,0
81,73,11,2314,51,572,0
81,74,11,2314,2959,2364,0
81,75,11,2314,220,1332,0
81,76,11,2314,1764,2646,0
81,77,11,2314,2399,2358,0
81,78,11,2314,628,898,0
81,79,11,2314,1998,2018,0
81,80,11,2314,485,796,0
81,82,11,2314,55,2348,1
81,83,11,2314,2951,586,0
81,84,11,2314,972,630,0
81,85,11,2314,2272,663,0
81,86,11,2314,2187,1884,0
81,87,11,2314,835,2771,0
81,88,11,2314,1205,1326,0
81,89,11,2314,1932,616,0
81,90,11,2314,1276,50,0
81,91,11,2314,1968,2093,0
81,92,11,2314,834,1683,0
81,93,11,2314,1092,318,0
81,94,11,2314,1408,102,0
81,95,11,2314,1162,1463,0
81,96,11,2314,2454,81,0
81,97,11,2314,1027,1503,0
81,98,11,2314,328,2685,0
81,99,11,2314,1047,1127,0
81,100,11,2314,2376,2097,0
81,101,11,2314,1507,2064,0
81,102,11,2314,1735,1517,0
81,103,11,2314,2111,103,0
81,104,11,2314,21,329,0
81,105,11,2314,2868,849,0
81,106,11,2314,1471,167,0
81,107,11,2314,2373,783,0
81,108,11,2314,2621,1680,0
81,109,11,2314,170,2120,0
81,110,11,2314,2377,1545,0
81,111,11,2314,910,2380,0
81,112,11,2314,1661,2195,0
81,113,11,2314,2991,2168,0
81,114,11,2314,546,1098,0
81,115,11,2314,1623,2891,0
81,116,11,2314,869,1014,0
81,117,11,2314,2629,835,0
81,118,11,2314,451,822,0
81,119,11,2314,1715,636,0
81,120,11,2314,1598,516,0
81,121,11,2314,611,1374,0
81,122,11,2314,573,26,0
81,123,11,2314,2071,2923,0
81,124,11,2314,51,271,0
81,125,11,2314,875,769,0
81,126,11,2314,152,2740,0
81,127,11,2314,1986,213,0
81,128,11,2314,1386,1070,0
81,129,11,2314,2517,1148,0
81,130,11,2314,1211,24,0
81,131,11,2314,2910,1043,0
81,132,11,2314,2000,1243,0
82,0,55,2348,1768,2264,0
82,1,55,2348,2913,2734,0
82,2,55,2348,1215,1942,0
82,3,55,2348,2051,1971,0
82,4,55,2348,160,1001,0
82,5,55,2348,593,821,0
82,6,55,2348,2145,2101,0
82,7,55,2348,278,1608,0
82,8,55,2348,1945,1818,0
82,9,55,2348,1634,1385,0
82,10,55,2348,1218,2354,0
82,11,55,2348,1358,761,0
82,12,55,2348,2639,274,0
82,13,55,2348,941,2731,0
82,14,55,2348,720,403,0
82,15,55,2348,1392,2291,0
82,16,55,2348,1876,1945,0
82,17,55,2348,1569,812,0
82,18,55,2348,2424,1961,0
82,19,55,2348,608,1259,0
82,20,55,2348,192,2342,1
82,21,55,2348,2422,1595,0
82,22,55,2348,2722,1804,0
82,23,55,2348,758,652,0
82,24,55,2348,2169,2647,0
82,25,55,2348,48,2991,0
82,26,55,2348,1766,2358,0
82,27,55,2348,1735,1517,0
82,28,55,2348,2661,1773,0
82,29,55,2348,1563,1335,0
82,30,55,2348,2769,1586,0
82,31,55,2348,1591,376,0
82,32,55,2348,635,1666,0
82,33,55,2348,2292,1709,0
82,34,55,2348,1578,1883,0
82,35,55,2348,2704,1270,0
82,36,55,2348,828,1169,0
82,37,55,2348,1910,637,0
82,38,55,2348,652,2960,0
82,39,55,2348,1942,2679,0
82,40,55,2348,1988,920,0
82,41,55,2348,965,1686,0
82,42,55,2348,1232,1238,0
82,43,55,2348,1594,2306,0
82,44,55,2348,1777,694,0
82,45,55,2348,2160,1907,0
82,46,55,2348,2318,2824,0
82,47,55,2348,155,1778,0
82,48,55,2348,2364,509,0
82,49,55,2348,2385,1990,0
82,50,55,2348,907,2812,0
82,51,55,2348,645,1169,0
82,52,55,2348,1928,970,0
82,53,55,2348,976,2073,0
82,54,55,2348,2932,2921,0
82,55,55,2348,2813,381,0
82,56,55,2348,710,2734,0
82,57,55,2348,691,1856,0
82,58,55,2348,1104,657,0
82,59,55,2348,326,295,0
82,60,55,2348,2355,1634,0
82,61,55,2348,981,1913,0
82,62,55,2348,1569,1249,0
82,63,55,2348,526,2411,0
82,64,55,2348,234,659,0
82,65,55,2348,282,145,0
82,66,55,2348,2277,2466,0
82,67,55,2348,869,213,0
82,68,55,2348,382,2709,0
82,69,55,2348,370,2819,0
82,70,55,2348,1897,1399,0
82,71,55,2348,2867,2702,0
82,72,55,2348,2660,1168,0
82,73,55,2348,51,572,0
82,74,55,2348,2959,2364,0
82,75,55,2348,220,1332,0
82,76,55,2348,1764,2646,0
82,77,55,2348,2399,2358,0
82,78,55,2348,628,898,0
82,79,55,2348,1998,2018,0
82,80,55,2348,485,796,0
82,81,55,2348,11,2314,0
82,83,55,2348,2951,586,0
82,84,55,2348,972,630,0
82,85,55,2348,2272,663,0
82,86,55,2348,2187,1884,0
82,87,55,2348,835,2771,0
82,88,55,2348,1205,1326,0
82,89,55,2348,1932,616,0
82,90,55,2348,1276,50,0
82,91,55,2348,1968,2093,0
82,92,55,2348,834,1683,0
82,93,55,2348,1092,318,0
82,94,55,2348,1408,102,0
82,95,55,2348,1162,1463,0
82,96,55,2348,2454,81,0
82,97,55,2348,1027,1503,0
82,98,55,2348,328,2685,0
82,99,55,2348,1047,1127,0
82,100,55,2348,2376,2097,0
82,101,55,2348,1507,2064,0
82,102,55,2348,1735,1517,0
82,103,55,2348,2111,103,0
82,104,55,2348,21,329,0
82,105,55,2348,2868,849,0
82,106,55,2348,1471,167,0
82,107,55,2348,2373,783,0
82,108,55,2348,2621,1680,0
82,109,55,2348,170,2120,0
82,110,55,2348,2377,1545,0
82,111,55,2348,910,2380,0
82,112,55,2348,1661,2195,0
82,113,55,2348,2991,2168,0
82,114,55,2348,546,1098,0
82,115,55,2348,1623,2891,0
82,116,55,2348,869,1014,0
82,117,55,2348,2629,835,0
82,118,55,2348,451,822,0
82,119,55,2348,1715,636,0
82,120,55,2348,1598,516,0
82,121,55,2348,611,1374,0
82,122,55,2348,573,26,0
82,123,55,2348,2071,2923,0
82,124,55,2348,51,271,0
82,125,55,2348,875,769,0
82,126,55,2348,152,2740,0
82,127,55,2348,1986,213,0
82,128,55,2348,1386,1070,0
82,129,55,2348,2517,1148,0
82,130,55,2348,1211,24,0
82,131,55,2348,2910,1043,0
82,132,55,2348,2000,1243,0
83,0,2951,586,1768,2264,0
83,1,2951,586,2913,2734,0
83,2,2951,586,1215,1942,0
83,3,2951,586,2051,1971,0
83,4,2951,586,160,1001,0
83,5,2951,586,593,821,0
83,6,2951,586,2145,2101,0
83,7,2951,586,278,1608,0
83,8,2951,586,1945,1818,0
83,9,2951,586,1634,1385,0
83,10,2951,586,1218,2354,0
83,11,2951,586,1358,761,0
83,12,2951,586,2639,274,0
83,13,2951,586,941,2731,0
83,14,2951,586,720,403,0
83,15,2951,586,1392,2291,0
83,16,2951,586,1876,1945,0
83,17,2951,586,1569,812,0
83,18,2951,586,2424,1961,0
83,19,2951,586,608,1259,0
83,20,2951,586,192,2342,0
83,21,2951,586,2422,1595,0
83,22,2951,586,2722,1804,0
83,23,2951,586,758,652,0
83,24,2951,586,2169,2647,0
83,25,2951,586,48,2991,0
83,26,2951,586,1766,2358,0
83,27,2951,586,1735,1517,0
83,28,2951,586,2661,1773,0
83,29,2951,586,1563,1335,0
83,30,2951,586,2769,1586,0
83,31,2951,586,1591,376,0
83,32,2951,586,635,1666,0
83,33,2951,586,2292,1709,0
83,34,2951,586,1578,1883,0
83,35,2951,586,2704,1270,0
83,36,2951,586,828,1169,0
83,37,2951,586,1910,637,0
83,38,2951,586,652,2960,0
83,39,2951,586,1942,2679,0
83,40,2951,586,1988,920,0
83,41,2951,586,965,1686,0
83,42,2951,586,1232,1238,0
83,43,2951,586,1594,2306,0
83,44,2951,586,1777,694,0
83,45,2951,586,2160,1907,0
83,46,2951,586,2318,2824,0
83,47,2951,586,155,1778,0
83,48,2951,586,2364,509,0
83,49,2951,586,2385,1990,0
83,50,2951,586,907,2812,0
83,51,2951,586,645,1169,0
83,52,2951,586,1928,970,0
83,53,2951,586,976,2073,0
83,54,2951,586,2932,2921,0
83,55,2951,586,2813,381,1
83,56,2951,586,710,2734,0
83,57,2951,586,691,1856,0
83,58,2951,586,1104,657,0
83,59,2951,586,326,295,0
83,60,2951,586,2355,1634,0
83,61,2951,586,981,1913,0
83,62,2951,586,1569,1249,0
83,63,2951,586,526,2411,0
83,64,2951,586,234,659,0
83,65,2951,586,282,145,0
83,66,2951,586,2277,2466,0
83,67,2951,586,869,213,0
83,68,2951,586,382,2709,0
83,69,2951,586,370,2819,0
83,70,2951,586,1897,1399,0
83,71,2951,586,2867,2702,0
83,72,2951,586,2660,1168,0
83,73,2951,586,51,572,0
83,74,2951,586,2959,2364,0
83,75,2951,586,220,1332,0
83,76,2951,586,1764,2646,0
83,77,2951,586,2399,2358,0
83,78,2951,586,628,898,0
83,79,2951,586,1998,2018,0
83,80,2951,586,485,796,0
83,81,2951,586,11,2314,0
83,82,2951,586,55,2348,0
83,84,2951,586,972,630,0
83,85,2951,586,2272,663,0
83,86,2951,586,2187,1884,0
83,87,2951,586,835,2771,0
83,88,2951,586,1205,1326,0
83,89,2951,586,1932,616,0
83,90,2951,586,1276,50,0
83,91,2951,586,1968,2093,0
83,92,2951,586,834,1683,0
83,93,2951,586,1092,318,0
83,94,2951,586,1408,102,0
83,95,2951,586,1162,1463,0
83,96,2951,586,2454,81,0
83,97,2951,586,1027,1503,0
83,98,2951,586,328,2685,0
83,99,2951,586,1047,1127,0
83,100,2951,586,2376,2097,0
83,101,2951,586,1507,2064,0
83,102,2951,586,1735,1517,0
83,103,2951,586,2111,103,0
83,104,2951,586,21,329,0
83,105,2951,586,2868,849,0
83,106,2951,586,1471,167,0
83,107,2951,586,2373,783,0
83,108,2951,586,2621,1680,0
83,109,2951,586,170,2120,0
83,110,2951,586,2377,1545,0
83,111,2951,586,910,2380,0
83,112,2951,586,1661,2195,0
83,113,2951,586,2991,2168,0
83,114,2951,586,546,1098,0
83,115,2951,586,1623,2891,0
83,116,2951,586,869,1014,0
83,117,2951,586,2629,835,0
83,118,2951,586,451,822,0
83,119,2951,586,1715,636,0
83,120,2951,586,1598,516,0
83,121,2951,586,611,1374,0
83,122,2951,586,573,26,0
83,123,2951,586,2071,2923,0
83,124,2951,586,51,271,0
83,125,2951,586,875,769,0
83,126,2951,586,152,2740,0
83,127,2951,586,1986,213,0
83,128,2951,586,1386,1070,0
83,129,2951,586,2517,1148,0
83,130,2951,586,1211,24,0
83,131,2951,586,2910,1043,0
83,132,2951,586,2000,1243,0
84,0,972,630,1768,2264,0
84,1,972,630,2913,2734,0
84,2,972,630,1215,1942,0
84,3,972,630,2051,1971,0
84,4,972,630,160,1001,0
84,5,972,630,593,821,0
84,6,972,630,2145,2101,0
84,7,972,630,278,1608,0
84,8,972,630,1945,1818,0
84,9,972,630,1634,1385,0
84,10,972,630,1218,2354,0
84,11,972,630,1358,761,0
84,12,972,630,2639,274,0
84,13,972,630,941,2731,0
84,14,972,630,720,403,0
84,15,972,630,1392,2291,0
84,16,972,630,1876,1945,0
84,17,972,630,1569,812,0
84,18,972,630,2424,1961,0
84,19,972,630,608,1259,0
84,20,972,630,192,2342,0
84,21,972,630,2422,1595,0
84,22,972,630,2722,1804,0
84,23,972,630,758,652,0
84,24,972,630,2169,2647,0
84,25,972,630,48,2991,0
84,26,972,630,1766,2358,0
84,27,972,630,1735,1517,0
84,28,972,630,2661,1773,0
84,29,972,630,1563,1335,0
84,30,972,630,2769,1586,0
84,31,972,630,1591,376,0
84,32,972,630,635,1666,0
84,33,972,630,2292,1709,0
84,34,972,630,1578,1883,0
84,35,972,630,2704,1270,0
84,36,972,630,828,1169,0
84,37,972,630,1910,637,0
84,38,972,630,652,2960,0
84,39,972,630,1942,2679,0
84,40,972,630,1988,920,0
84,41,972,630,965,1686,0
84,42,972,630,1232,1238,0
84,43,972,630,1594,2306,0
84,44,972,630,1777,694,0
84,45,972,630,2160,1907,0
84,46,972,630,2318,2824,0
84,47,972,630,155,1778,0
84,48,972,630,2364,509,0
84,49,972,630,2385,1990,0
84,50,972,630,907,2812,0
84,51,972,630,645,1169,0
84,52,972,630,1928,970,0
84,53,972,630,976,2073,0
84,54,972,630,2932,2921,0
84,55,972,630,2813,381,0
84,56,972,630,710,2734,0
84,57,972,630,691,1856,0
84,58,972,630,1104,657,1
84,59,972,630,326,295,0
84,60,972,630,2355,1634,0
84,61,972,630,981,1913,0
84,62,972,630,1569,1249,0
84,63,972,630,526,2411,0
84,64,972,630,234,659,0
84,65,972,630,282,145,0
84,66,972,630,2277,2466,0
84,67,972,630,869,213,0
84,68,972,630,382,2709,0
84,69,972,630,370,2819,0
84,70,972,630,1897,1399,0
84,71,972,630,2867,2702,0
84,72,972,630,2660,1168,0
84,73,972,630,51,572,0
84,74,972,630,2959,2364,0
84,75,972,630,220,1332,0
84,76,972,630,1764,2646,0
84,77,972,630,2399,2358,0
84,78,972,630,628,898,0
84,79,972,630,1998,2018,0
84,80,972,630,485,796,0
84,81,972,630,11,2314,0
84,82,972,630,55,2348,0
84,83,972,630,2951,586,0
84,85,972,630,2272,663,0
84,86,972,630,2187,1884,0
84,87,972,630,835,2771,0
84,88,972,630,1205,1326,0
84,89,972,630,1932,616,0
84,90,972,630,1276,50,0
84,91,972,630,1968,2093,0
84,92,972,630,834,1683,0
84,93,972,630,1092,318,0
84,94,972,630,1408,102,0
84,95,972,630,1162,1463,0
84,96,972,630,2454,81,0
84,97,972,630,1027,1503,0
84,98,972,630,328,2685,0
84,99,972,630,1047,1127,0
84,100,972,630,2376,2097,0
84,101,972,630,1507,2064,0
84,102,972,630,1735,1517,0
84,103,972,630,2111,103,0
84,104,972,630,21,329,0
84,105,972,630,2868,849,0
84,106,972,630,1471,167,0
84,107,972,630,2373,783,0
84,108,972,630,2621,1680,0
84,109,972,630,170,2120,0
84,110,972,630,2377,1545,0
84,111,972,630,910,2380,0
84,112,972,630,1661,2195,0
84,113,972,630,2991,2168,0
84,114,972,630,546,1098,0
84,115,972,630,1623,2891,0
84,116,972,630,869,1014,0
84,117,972,630,2629,835,0
84,118,972,630,451,822,0
84,119,972,630,1715,636,0
84,120,972,630,1598,516,0
84,121,972,630,611,1374,0
84,122,972,630,573,26,0
84,123,972,630,2071,2923,0
84,124,972,630,51,271,0
84,125,972,630,875,769,0
84,126,972,630,152,2740,0
84,127,972,630,1986,213,0
84,128,972,630,1386,1070,0
84,129,972,630,2517,1148,0
84,130,972,630,1211,24,0
84,131,972,630,2910,1043,0
84,132,972,630,2000,1243,0
85,0,2272,663,1768,2264,0
85,1,2272,663,2913,2734,0
85,2,2272,663,1215,1942,0
85,3,2272,663,2051,1971,0
85,4,2272,663,160,1001,0
85,5,2272,663,593,821,0
85,6,2272,663,2145,2101,0
85,7,2272,663,278,1608,0
85,8,2272,663,1945,1818,0
85,9,2272,663,1634,1385,0
85,10,2272,663,1218,2354,0
85,11,2272,663,1358,761,0
85,12,2272,663,2639,274,0
85,13,2272,663,941,2731,0
85,14,2272,663,720,403,0
85,15,2272,663,1392,2291,0
85,16,2272,663,1876,1945,0
85,17,2272,663,1569,812,0
85,18,2272,663,2424,1961,0
85,19,2272,663,608,1259,0
85,20,2272,663,192,2342,0
85,21,2272,663,2422,1595,0
85,22,2272,663,2722,1804,0
85,23,2272,663,758,652,0
85,24,2272,663,2169,2647,0
85,25,2272,663,48,2991,0
85,26,2272,663,1766,2358,0
85,27,2272,663,1735,1517,0
85,28,2272,663,2661,1773,0
85,29,2272,663,1563,1335,0
85,30,2272,663,2769,1586,0
85,31,2272,663,1591,376,0
85,32,2272,663,635,1666,0
85,33,2272,663,2292,1709,0
85,34,2272,663,1578,1883,0
85,35,2272,663,2704,1270,0
85,36,2272,663,828,1169,0
85,37,2272,663,1910,637,0
85,38,2272,663,652,2960,0
85,39,2272,663,1942,2679,0
85,40,2272,663,1988,920,0
85,41,2272,663,965,1686,0
85,42,2272,663,1232,1238,0
85,43,2272,663,1594,2306,0
85,44,2272,663,1777,694,0
85,45,2272,663,2160,1907,0
85,46,2272,663,2318,2824,0
85,47,2272,663,155,1778,0
85,48,2272,663,2364,509,1
85,49,2272,663,2385,1990,0
85,50,2272,663,907,2812,0
85,51,2272,663,645,1169,0
85,52,2272,663,1928,970,0
85,53,2272,663,976,2073,0
85,54,2272,663,2932,2921,0
85,55,2272,663,2813,381,0
85,56,2272,663,710,2734,0
85,57,2272,663,691,1856,0
85,58,2272,663,1104,657,0
85,59,2272,663,326,295,0
85,60,2272,663,2355,1634,0
85,61,2272,663,981,1913,0
85,62,2272,663,1569,1249,0
85,63,2272,663,526,2411,0
85,64,2272,663,234,659,0
85,65,2272,663,282,145,0
85,66,2272,663,2277,2466,0
85,67,2272,663,869,213,0
85,68,2272,663,382,2709,0
85,69,2272,663,370,2819,0
85,70,2272,663,1897,1399,0
85,71,2272,663,2867,2702,0
85,72,2272,663,2660,1168,0
85,73,2272,663,51,572,0
85,74,2272,663,2959,2364,0
85,75,2272,663,220,1332,0
85,76,2272,663,1764,2646,0
85,77,2272,663,2399,2358,0
85,78,2272,663,628,898,0
85,79,2272,663,1998,2018,0
85,80,2272,663,485,796,0
85,81,2272,663,11,2314,0
85,82,2272,663,55,2348,0
85,83,2272,663,2951,586,0
85,84,2272,663,972,630,0
85,86,2272,663,2187,1884,0
85,87,2272,663,835,2771,0
85,88,2272,663,1205,1326,0
85,89,2272,663,1932,616,0
85,90,2272,663,1276,50,0
85,91,2272,663,1968,2093,0
85,92,2272,663,834,1683,0
85,93,2272,663,1092,318,0
85,94,2272,663,1408,102,0
85,95,2272,663,1162,1463,0
85,96,2272,663,2454,81,0
85,97,2272,663,1027,1503,0
85,98,2272,663,328,2685,0
85,99,2272,663,1047,1127,0
85,100,2272,663,2376,2097,0
85,101,2272,663,1507,2064,0
85,102,2272,663,1735,1517,0
85,103,2272,663,2111,103,0
85,104,2272,663,21,329,0
85,105,2272,663,2868,849,0
85,106,2272,663,1471,167,0
85,107,2272,663,2373,783,0
85,108,2272,663,2621,1680,0
85,109,2272,663,170,2120,0
85,110,2272,663,2377,1545,0
85,111,2272,663,910,2380,0
85,112,2272,663,1661,2195,0
85,113,2272,663,2991,2168,0
85,114,2272,663,546,1098,0
85,115,2272,663,1623,2891,0
85,116,2272,663,869,1014,0
85,117,2272,663,2629,835,0
85,118,2272,663,451,822,0
85,119,2272,663,1715,636,0
85,120,2272,663,1598,516,0
85,121,2272,663,611,1374,0
85,122,2272,663,573,26,0
85,123,2272,663,2071,2923,0
85,124,2272,663,51,271,0
85,125,2272,663,875,769,0
85,126,2272,663,152,2740,0
85,127,2272,663,1986,213,0
85,128,2272,663,1386,1070,0
85,129,2272,663,2517,1148,0
85,130,2272,663,1211,24,0
85,131,2272,663,2910,1043,0
85,132,2272,663,2000,1243,0
86,0,2187,1884,1768,2264,0
86,1,2187,1884,2913,2734,0
86,2,2187,1884,1215,1942,0
86,3,2187,1884,2051,1971,0
86,4,2187,1884,160,1001,0
86,5,2187,1884,593,821,0
86,6,2187,1884,2145,2101,0
86,7,2187,1884,278,1608,0
86,8,2187,1884,1945,1818,0
86,9,2187,1884,1634,1385,0
86,10,2187,1884,1218,2354,0
86,11,2187,1884,1358,761,0
86,12,2187,1884,2639,274,0
86,13,2187,1884,941,2731,0
86,14,2187,1884,720,403,0
86,15,2187,1884,1392,2291,0
86,16,2187,1884,1876,1945,0
86,17,2187,1884,1569,812,0
86,18,2187,1884,2424,1961,0
86,19,2187,1884,608,1259,0
86,20,2187,1884,192,2342,0
86,21,2187,1884,2422,1595,0
86,22,2187,1884,2722,1804,0
86,23,2187,1884,758,652,0
86,24,2187,1884,2169,2647,0
86,25,2187,1884,48,2991,0
86,26,2187,1884,1766,2358,0
86,27,2187,1884,1735,1517,0
86,28,2187,1884,2661,1773,0
86,29,2187,1884,1563,1335,0
86,30,2187,1884,2769,1586,0
86,31,2187,1884,1591,376,0
86,32,2187,1884,635,1666,0
86,33,2187,1884,2292,1709,0
86,34,2187,1884,1578,1883,0
86,35,2187,1884,2704,1270,0
86,36,2187,1884,828,1169,0
86,37,2187,1884,1910,637,0
86,38,2187,1884,652,2960,0
86,39,2187,1884,1942,2679,0
86,40,2187,1884,1988,920,0
86,41,2187,1884,965,1686,0
86,42,2187,1884,1232,1238,0
86,43,2187,1884,1594,2306,0
86,44,2187,1884,1777,694,0
86,45,2187,1884,2160,1907,1
86,46,2187,1884,2318,2824,0
86,47,2187,1884,155,1778,0
86,48,2187,1884,2364,509,0
86,49,2187,1884,2385,1990,0
86,50,2187,1884,907,2812,0
86,51,2187,1884,645,1169,0
86,52,2187,1884,1928,970,0
86,53,2187,1884,976,2073,0
86,54,2187,1884,2932,2921,0
86,55,2187,1884,2813,381,0
86,56,2187,1884,710,2734,0
86,57,2187,1884,691,1856,0
86,58,2187,1884,1104,657,0
86,59,2187,1884,326,295,0
86,60,2187,1884,2355,1634,0
86,61,2187,1884,981,1913,0
86,62,2187,1884,1569,1249,0
86,63,2187,1884,526,2411,0
86,64,2187,1884,234,659,0
86,65,2187,1884,282,145,0
86,66,2187,1884,2277,2466,0
86,67,2187,1884,869,213,0
86,68,2187,1884,382,2709,0
86,69,2187,1884,370,2819,0
86,70,2187,1884,1897,1399,0
86,71,2187,1884,2867,2702,0
86,72,2187,1884,2660,1168,0
86,73,2187,1884,51,572,0
86,74,2187,1884,2959,2364,0
86,75,2187,1884,220,1332,0
86,76,2187,1884,1764,2646,0
86,77,2187,1884,2399,2358,0
86,78,2187,1884,628,898,0
86,79,2187,1884,1998,2018,0
86,80,2187,1884,485,796,0
86,81,2187,1884,11,2314,0
86,82,2187,1884,55,2348,0
86,83,2187,1884,2951,586,0
86,84,2187,1884,972,630,0
86,85,2187,1884,2272,663,0
86,87,2187,1884,835,2771,0
86,88,2187,1884,1205,1326,0
86,89,2187,1884,1932,616,0
86,90,2187,1884,1276,50,0
86,91,2187,1884,1968,2093,0
86,92,2187,1884,834,1683,0
86,93,2187,1884,1092,318,0
86,94,2187,1884,1408,102,0
86,95,2187,1884,1162,1463,0
86,96,2187,1884,2454,81,0
86,97,2187,1884,1027,1503,0
86,98,2187,1884,328,2685,0
86,99,2187,1884,1047,1127,0
86,100,2187,1884,2376,2097,0
86,101,2187,1884,1507,2064,0
86,102,2187,1884,1735,1517,0
86,103,2187,1884,2111,103,0
86,104,2187,1884,21,329,0
86,105,2187,1884,2868,849,0
86,106,2187,1884,1471,167,0
86,107,2187,1884,2373,783,0
86,108,2187,1884,2621,1680,0
86,109,2187,1884,170,2120,0
86,110,2187,1884,2377,1545,0
86,111,2187,1884,910,2380,0
86,112,2187,1884,1661,2195,0
86,113,2187,1884,2991,2168,0
86,114,2187,1884,546,1098,0
86,115,2187,1884,1623,2891,0
86,116,2187,1884,869,1014,0
86,117,2187,1884,2629,835,0
86,118,2187,1884,451,822,0
86,119,2187,1884,1715,636,0
86,120,2187,1884,1598,516,0
86,121,2187,1884,611,1374,0
86,122,2187,1884,573,26,0
86,123,2187,1884,2071,2923,0
86,124,2187,1884,51,271,0
86,125,2187,1884,875,769,0
86,126,2187,1884,152,2740,0
86,127,2187,1884,1986,213,0
86,128,2187,1884,1386,1070,0
86,129,2187,1884,2517,1148,0
86,130,2187,1884,1211,24,0
86,131,2187,1884,2910,1043,0
86,132,2187,1884,2000,1243,0
87,0,835,2771,1768,2264,0
87,1,835,2771,2913,2734,0
87,2,835,2771,1215,1942,0
87,3,835,2771,2051,1971,0
87,4,835,2771,160,1001,0
87,5,835,2771,593,821,0
87,6,835,2771,2145,2101,0
87,7,835,2771,278,1608,0
87,8,835,2771,1945,1818,0
87,9,835,2771,1634,1385,0
87,10,835,2771,1218,2354,0
87,11,835,2771,1358,761,0
87,12,835,2771,2639,274,0
87,13,835,2771,941,2731,0
87,14,835,2771,720,403,0
87,15,835,2771,1392,2291,0
87,16,835,2771,1876,1945,0
87,17,835,2771,1569,812,0
87,18,835,2771,2424,1961,0
87,19,835,2771,608,1259,0
87,20,835,2771,192,2342,0
87,21,835,2771,2422,1595,0
87,22,835,2771,2722,1804,0
87,23,835,2771,758,652,0
87,24,835,2771,2169,2647,0
87,25,835,2771,48,2991,0
87,26,835,2771,1766,2358,0
87,27,835,2771,1735,1517,0
87,28,835,2771,2661,1773,0
87,29,835,2771,1563,1335,0
87,30,835,2771,2769,1586,0
87,31,835,2771,1591,376,0
87,32,835,2771,635,1666,0
87,33,835,2771,2292,1709,0
87,34,835,2771,1578,1883,0
87,35,835,2771,2704,1270,0
87,36,835,2771,828,1169,0
87,37,835,2771,1910,637,0
87,38,835,2771,652,2960,0
87,39,835,2771,1942,2679,0
87,40,835,2771,1988,920,0
87,41,835,2771,965,1686,0
87,42,835,2771,1232,1238,0
87,43,835,2771,1594,2306,0
87,44,835,2771,1777,694,0
87,45,835,2771,2160,1907,0
87,46,835,2771,2318,2824,0
87,47,835,2771,155,1778,0
87,48,835,2771,2364,509,0
87,49,835,2771,2385,1990,0
87,50,835,2771,907,2812,1
87,51,835,2771,645,1169,0
87,52,835,2771,1928,970,0
87,53,835,2771,976,2073,0
87,54,835,2771,2932,2921,0
87,55,835,2771,2813,381,0
87,56,835,2771,710,2734,0
87,57,835,2771,691,1856,0
87,58,835,2771,1104,657,0
87,59,835,2771,326,295,0
87,60,835,2771,2355,1634,0
87,61,835,2771,981,1913,0
87,62,835,2771,1569,1249,0
87,63,835,2771,526,2411,0
87,64,835,2771,234,659,0
87,65,835,2771,282,145,0
87,66,835,2771,2277,2466,0
87,67,835,2771,869,213,0
87,68,835,2771,382,2709,0
87,69,835,2771,370,2819,0
87,70,835,2771,1897,1399,0
87,71,835,2771,2867,2702,0
87,72,835,2771,2660,1168,0
87,73,835,2771,51,572,0
87,74,835,2771,2959,2364,0
87,75,835,2771,220,1332,0
87,76,835,2771,1764,2646,0
87,77,835,2771,2399,2358,0
87,78,835,2771,628,898,0
87,79,835,2771,1998,2018,0
87,80,835,2771,485,796,0
87,81,835,2771,11,2314,0
87,82,835,2771,55,2348,0
87,83,835,2771,2951,586,0
87,84,835,2771,972,630,0
87,85,835,2771,2272,663,0
87,86,835,2771,2187,1884,0
87,88,835,2771,1205,1326,0
87,89,835,2771,1932,616,0
87,90,835,2771,1276,50,0
87,91,835,2771,1968,2093,0
87,92,835,2771,834,1683,0
87,93,835,2771,1092,318,0
87,94,835,2771,1408,102,0
87,95,835,2771,1162,1463,0
87,96,835,2771,2454,81,0
87,97,835,2771,1027,1503,0
87,98,835,2771,328,2685,0
87,99,835,2771,1047,1127,0
87,100,835,2771,2376,2097,0
87,101,835,2771,1507,2064,0
87,102,835,2771,1735,1517,0
87,103,835,2771,2111,103,0
87,104,835,2771,21,329,0
87,105,835,2771,2868,849,0
87,106,835,2771,1471,167,0
87,107,835,2771,2373,783,0
87,108,835,2771,2621,1680,0
87,109,835,2771,170,2120,0
87,110,835,2771,2377,1545,0
87,111,835,2771,910,2380,0
87,112,835,2771,1661,2195,0
87,113,835,2771,2991,2168,0
87,114,835,2771,546,1098,0
87,115,835,2771,1623,2891,0
87,116,835,2771,869,1014,0
87,117,835,2771,2629,835,0
87,118,835,2771,451,822,0
87,119,835,2771,1715,636,0
87,120,835,2771,1598,516,0
87,121,835,2771,611,1374,0
87,122,835,2771,573,26,0
87,123,835,2771,2071,2923,0
87,124,835,2771,51,271,0
87,125,835,2771,875,769,0
87,126,835,2771,152,2740,0
87,127,835,2771,1986,213,0
87,128,835,2771,1386,1070,0
87,129,835,2771,2517,1148,0
87,130,835,2771,1211,24,0
87,131,835,2771,2910,1043,0
87,132,835,2771,2000,1243,0
88,0,1205,1326,1768,2264,0
88,1,1205,1326,2913,2734,0
88,2,1205,1326,1215,1942,0
88,3,1205,1326,2051,1971,0
88,4,1205,1326,160,1001,0
88,5,1205,1326,593,821,0
88,6,1205,1326,2145,2101,0
88,7,1205,1326,278,1608,0
88,8,1205,1326,1945,1818,0
88,9,1205,1326,1634,1385,0
88,10,1205,1326,1218,2354,0
88,11,1205,1326,1358,761,0
88,12,1205,1326,2639,274,0
88,13,1205,1326,941,2731,0
88,14,1205,1326,720,403,0
88,15,1205,1326,1392,2291,0
88,16,1205,1326,1876,1945,0
88,17,1205,1326,1569,812,0
88,18,1205,1326,2424,1961,0
88,19,1205,1326,608,1259,0
88,20,1205,1326,192,2342,0
88,21,1205,1326,2422,1595,0
88,22,1205,1326,2722,1804,0
88,23,1205,1326,758,652,0
88,24,1205,1326,2169,2647,0
88,25,1205,1326,48,2991,0
88,26,1205,1326,1766,2358,0
88,27,1205,1326,1735,1517,0
88,28,1205,1326,2661,1773,0
88,29,1205,1326,1563,1335,0
88,30,1205,1326,2769,1586,0
88,31,1205,1326,1591,376,0
88,32,1205,1326,635,1666,0
88,33,1205,1326,2292,1709,0
88,34,1205,1326,1578,1883,0
88,35,1205,1326,2704,1270,0
88,36,1205,1326,828,1169,0
88,37,1205,1326,1910,637,0
88,38,1205,1326,652,2960,0
88,39,1205,1326,1942,2679,0
88,40,1205,1326,1988,920,0
88,41,1205,1326,965,1686,0
88,42,1205,1326,1232,1238,1
88,43,1205,1326,1594,2306,0
88,44,1205,1326,1777,694,0
88,45,1205,1326,2160,1907,0
88,46,1205,1326,2318,2824,0
88,47,1205,1326,155,1778,0
88,48,1205,1326,2364,509,0
88,49,1205,1326,2385,1990,0
88,50,1205,1326,907,2812,0
88,51,1205,1326,645,1169,0
88,52,1205,1326,1928,970,0
88,53,1205,1326,976,2073,0
88,54,1205,1326,2932,2921,0
88,55,1205,1326,2813,381,0
88,56,1205,1326,710,2734,0
88,57,1205,1326,691,1856,0
88,58,1205,1326,1104,657,0
88,59,1205,1326,326,295,0
88,60,1205,1326,2355,1634,0
88,61,1205,1326,981,1913,0
88,62,1205,1326,1569,1249,0
88,63,1205,1326,526,2411,0
88,64,1205,1326,234,659,0
88,65,1205,1326,282,145,0
88,66,1205,1326,2277,2466,0
88,67,1205,1326,869,213,0
88,68,1205,1326,382,2709,0
88,69,1205,1326,370,2819,0
88,70,1205,1326,1897,1399,0
88,71,1205,1326,2867,2702,0
88,72,1205,1326,2660,1168,0
88,73,1205,1326,51,572,0
88,74,1205,1326,2959,2364,0
88,75,1205,1326,220,1332,0
88,76,1205,1326,1764,2646,0
88,77,1205,1326,2399,2358,0
88,78,1205,1326,628,898,0
88,79,1205,1326,1998,2018,0
88,80,1205,1326,485,796,0
88,81,1205,1326,11,2314,0
88,82,1205,1326,55,2348,0
88,83,1205,1326,2951,586,0
88,84,1205,1326,972,630,0
88,85,1205,1326,2272,663,0
88,86,1205,1326,2187,1884,0
88,87,1205,1326,835,2771,0
88,89,1205,1326,1932,616,0
88,90,1205,1326,1276,50,0
88,91,1205,1326,1968,2093,0
88,92,1205,1326,834,1683,0
88,93,1205,1326,1092,318,0
88,94,1205,1326,1408,102,0
88,95,1205,1326,1162,1463,0
88,96,1205,1326,2454,81,0
88,97,1205,1326,1027,1503,0
88,98,1205,1326,328,2685,0
88,99,1205,1326,1047,1127,0
88,100,1205,1326,2376,2097,0
88,101,1205,1326,1507,2064,0
88,102,1205,1326,1735,1517,0
88,103,1205,1326,2111,103,0
88,104,1205,1326,21,329,0
88,105,1205,1326,2868,849,0
88,106,1205,1326,1471,167,0
88,107,1205,1326,2373,783,0
88,108,1205,1326,2621,1680,0
88,109,1205,1326,170,2120,0
88,110,1205,1326,2377,1545,0
88,111,1205,1326,910,2380,0
88,112,1205,1326,1661,2195,0
88,113,1205,1326,2991,2168,0
88,114,1205,1326,546,1098,0
88,115,1205,1326,1623,2891,0
88,116,1205,1326,869,1014,0
88,117,1205,1326,2629,835,0
88,118,1205,1326,451,822,0
88,119,1205,1326,1715,636,0
88,120,1205,1326,1598,516,0
88,121,1205,1326,611,1374,0
88,122,1205,1326,573,26,0
88,123,1205,1326,2071,2923,0
88,124,1205,1326,51,271,0
88,125,1205,1326,875,769,0
88,126,1205,1326,152,2740,0
88,127,1205,1326,1986,213,0
88,128,1205,1326,1386,1070,0
88,129,1205,1326,2517,1148,0
88,130,1205,1326,1211,24,0
88,131,1205,1326,2910,1043,0
88,132,1205,1326,2000,1243,0
89,0,1932,616,1768,2264,0
89,1,1932,616,2913,2734,0
89,2,1932,616,1215,1942,0
89,3,1932,616,2051,1971,0
89,4,1932,616,160,1001,0
89,5,1932,616,593,821,0
89,6,1932,616,2145,2101,0
89,7,1932,616,278,1608,0
89,8,1932,616,1945,1818,0
89,9,1932,616,1634,1385,0
89,10,1932,616,1218,2354,0
89,11,1932,616,1358,761,0
89,12,1932,616,2639,274,0
89,13,1932,616,941,2731,0
89,14,1932,616,720,403,0
89,15,1932,616,1392,2291,0
89,16,1932,616,1876,1945,0
89,17,1932,616,1569,812,0
89,18,1932,616,2424,1961,0
89,19,1932,616,608,1259,0
89,20,1932,616,192,2342,0
89,21,1932,616,2422,1595,0
89,22,1932,616,2722,1804,0
89,23,1932,616,758,652,0
89,24,1932,616,2169,2647,0
89,25,1932,616,48,2991,0
89,26,1932,616,1766,2358,0
89,27,1932,616,1735,1517,0
89,28,1932,616,2661,1773,0
89,29,1932,616,1563,1335,0
89,30,1932,616,2769,1586,0
89,31,1932,616,1591,376,0
89,32,1932,616,635,1666,0
89,33,1932,616,2292,1709,0
89,34,1932,616,1578,1883,0
89,35,1932,616,2704,1270,0
89,36,1932,616,828,1169,0
89,37,1932,616,1910,637,1
89,38,1932,616,652,2960,0
89,39,1932,616,1942,2679,0
89,40,1932,616,1988,920,0
89,41,1932,616,965,1686,0
89,42,1932,616,1232,1238,0
89,43,1932,616,1594,2306,0
89,44,1932,616,1777,694,0
89,45,1932,616,2160,1907,0
89,46,1932,616,2318,2824,0
89,47,1932,616,155,1778,0
89,48,1932,616,2364,509,0
89,49,1932,616,2385,1990,0
89,50,1932,616,907,2812,0
89,51,1932,616,645,1169,0
89,52,1932,616,1928,970,0
89,53,1932,616,976,2073,0
89,54,1932,616,2932,2921,0
89,55,1932,616,2813,381,0
89,56,1932,616,710,2734,0
89,57,1932,616,691,1856,0
89,58,1932,616,1104,657,0
89,59,1932,616,326,295,0
89,60,1932,616,2355,1634,0
89,61,1932,616,981,1913,0
89,62,1932,616,1569,1249,0
89,63,1932,616,526,2411,0
89,64,1932,616,234,659,0
89,65,1932,616,282,145,0
89,66,1932,616,2277,2466,0
89,67,1932,616,869,213,0
89,68,1932,616,382,2709,0
89,69,1932,616,370,2819,0
89,70,1932,616,1897,1399,0
89,71,1932,616,2867,2702,0
89,72,1932,616,2660,1168,0
89,73,1932,616,51,572,0
89,74,1932,616,2959,2364,0
89,75,1932,616,220,1332,0
89,76,1932,616,1764,2646,0
89,77,1932,616,2399,2358,0
89,78,1932,616,628,898,0
89,79,1932,616,1998,2018,0
89,80,1932,616,485,796,0
89,81,1932,616,11,2314,0
89,82,1932,616,55,2348,0
89,83,1932,616,2951,586,0
89,84,1932,616,972,630,0
89,85,1932,616,2272,663,0
89,86,1932,616,2187,1884,0
89,87,1932,616,835,2771,0
89,88,1932,616,1205,1326,0
89,90,1932,616,1276,50,0
89,91,1932,616,1968,2093,0
89,92,1932,616,834,1683,0
89,93,1932,616,1092,318,0
89,94,1932,616,1408,102,0
89,95,1932,616,1162,1463,0
89,96,1932,616,2454,81,0
89,97,1932,616,1027,1503,0
89,98,1932,616,328,2685,0
89,99,1932,616,1047,1127,0
89,100,1932,616,2376,2097,0
89,101,1932,616,1507,2064,0
89,102,1932,616,1735,1517,0
89,103,1932,616,2111,103,0
89,104,1932,616,21,329,0
89,105,1932,616,2868,849,0
89,106,1932,616,1471,167,0
89,107,1932,616,2373,783,0
89,108,1932,616,2621,1680,0
89,109,1932,616,170,2120,0
89,110,1932,616,2377,1545,0
89,111,1932,616,910,2380,0
89,112,1932,616,1661,2195,0
89,113,1932,616,2991,2168,0
89,114,1932,616,546,1098,0
89,115,1932,616,1623,2891,0
89,116,1932,616,869,1014,0
89,117,1932,616,2629,835,0
89,118,1932,616,451,822,0
89,119,1932,616,1715,636,0
89,120,1932,616,1598,516,0
89,121,1932,616,611,1374,0
89,122,1932,616,573,26,0
89,123,1932,616,2071,2923,0
89,124,1932,616,51,271,0
89,125,1932,616,875,769,0
89,126,1932,616,152,2740,0
89,127,1932,616,1986,213,0
89,128,1932,616,1386,1070,0
89,129,1932,616,2517,1148,0
89,130,1932,616,1211,24,0
89,131,1932,616,2910,1043,0
89,132,1932,616,2000,1243,0
90,0,1276,50,1768,2264,0
90,1,1276,50,2913,2734,0
90,2,1276,50,1215,1942,0
90,3,1276,50,2051,1971,0
90,4,1276,50,160,1001,0
90,5,1276,50,593,821,0
90,6,1276,50,2145,2101,0
90,7,1276,50,278,1608,0
90,8,1276,50,1945,1818,0
90,9,1276,50,1634,1385,0
90,10,1276,50,1218,2354,0
90,11,1276,50,1358,761,0
90,12,1276,50,2639,274,0
90,13,1276,50,941,2731,0
90,14,1276,50,720,403,0
90,15,1276,50,1392,2291,0
90,16,1276,50,1876,1945,0
90,17,1276,50,1569,812,0
90,18,1276,50,2424,1961,0
90,19,1276,50,608,1259,0
90,20,1276,50,192,2342,0
90,21,1276,50,2422,1595,0
90,22,1276,50,2722,1804,0
90,23,1276,50,758,652,0
90,24,1276,50,2169,2647,0
90,25,1276,50,48,2991,0
90,26,1276,50,1766,2358,0
90,27,1276,50,1735,1517,0
90,28,1276,50,2661,1773,0
90,29,1276,50,1563,1335,0
90,30,1276,50,2769,1586,0
90,31,1276,50,1591,376,0
90,32,1276,50,635,1666,0
90,33,1276,50,2292,1709,0
90,34,1276,50,1578,1883,0
90,35,1276,50,2704,1270,0
90,36,1276,50,828,1169,0
90,37,1276,50,1910,637,0
90,38,1276,50,652,2960,0
90,39,1276,50,1942,2679,0
90,40,1276,50,1988,920,0
90,41,1276,50,965,1686,0
90,42,1276,50,1232,1238,0
90,43,1276,50,1594,2306,0
90,44,1276,50,1777,694,0
90,45,1276,50,2160,1907,0
90,46,1276,50,2318,2824,0
90,47,1276,50,155,1778,0
90,48,1276,50,2364,509,0
90,49,1276,50,2385,1990,0
90,50,1276,50,907,2812,0
90,51,1276,50,645,1169,0
90,52,1276,50,1928,970,0
90,53,1276,50,976,2073,0
90,54,1276,50,2932,2921,0
90,55,1276,50,2813,381,0
90,56,1276,50,710,2734,0
90,57,1276,50,691,1856,0
90,58,1276,50,1104,657,0
90,59,1276,50,326,295,0
90,60,1276,50,2355,1634,0
90,61,1276,50,981,1913,0
90,62,1276,50,1569,1249,0
90,63,1276,50,526,2411,0
90,64,1276,50,234,659,0
90,65,1276,50,282,145,0
90,66,1276,50,2277,2466,0
90,67,1276,50,869,213,0
90,68,1276,50,382,2709,0
90,69,1276,50,370,2819,0
90,70,1276,50,1897,1399,0
90,71,1276,50,2867,2702,0
90,72,1276,50,2660,1168,0
90,73,1276,50,51,572,0
90,74,1276,50,2959,2364,0
90,75,1276,50,220,1332,0
90,76,1276,50,1764,2646,0
90,77,1276,50,2399,2358,0
90,78,1276,50,628,898,0
90,79,1276,50,1998,2018,0
90,80,1276,50,485,796,0
90,81,1276,50,11,2314,0
90,82,1276,50,55,2348,0
90,83,1276,50,2951,586,0
90,84,1276,50,972,630,0
90,85,1276,50,2272,663,0
90,86,1276,50,2187,1884,0
90,87,1276,50,835,2771,0
90,88,1276,50,1205,1326,0
90,89,1276,50,1932,616,0
90,91,1276,50,1968,2093,0
90,92,1276,50,834,1683,0
90,93,1276,50,1092,318,0
90,94,1276,50,1408,102,0
90,95,1276,50,1162,1463,0
90,96,1276,50,2454,81,0
90,97,1276,50,1027,1503,0
90,98,1276,50,328,2685,0
90,99,1276,50,1047,1127,0
90,100,1276,50,2376,2097,0
90,101,1276,50,1507,2064,0
90,102,1276,50,1735,1517,0
90,103,1276,50,2111,103,0
90,104,1276,50,21,329,0
90,105,1276,50,2868,849,0
90,106,1276,50,1471,167,0
90,107,1276,50,2373,783,0
90,108,1276,50,2621,1680,0
90,109,1276,50,170,2120,0
90,110,1276,50,2377,1545,0
90,111,1276,50,910,2380,0
90,112,1276,50,1661,2195,0
90,113,1276,50,2991,2168,0
90,114,1276,50,546,1098,0
90,115,1276,50,1623,2891,0
90,116,1276,50,869,1014,0
90,117,1276,50,2629,835,0
90,118,1276,50,451,822,0
90,119,1276,50,1715,636,0
90,120,1276,50,1598,516,0
90,121,1276,50,611,1374,0
90,122,1276,50,573,26,0
90,123,1276,50,2071,2923,0
90,124,1276,50,51,271,0
90,125,1276,50,875,769,0
90,126,1276,50,152,2740,0
90,127,1276,50,1986,213,0
90,128,1276,50,1386,1070,0
90,129,1276,50,2517,1148,0
90,130,1276,50,1211,24,1
90,131,1276,50,2910,1043,0
90,132,1276,50,2000,1243,0
91,0,1968,2093,1768,2264,0
91,1,1968,2093,2913,2734,0
91,2,1968,2093,1215,1942,0
91,3,1968,2093,2051,1971,0
91,4,1968,2093,160,1001,0
91,5,1968,2093,593,821,0
91,6,1968,2093,2145,2101,0
91,7,1968,2093,278,1608,0
91,8,1968,2093,1945,1818,0
91,9,1968,2093,1634,1385,0
91,10,1968,2093,1218,2354,0
91,11,1968,2093,1358,761,0
91,12,1968,2093,2639,274,0
91,13,1968,2093,941,2731,0
91,14,1968,2093,720,403,0
91,15,1968,2093,1392,2291,0
91,16,1968,2093,1876,1945,0
91,17,1968,2093,1569,812,0
91,18,1968,2093,2424,1961,0
91,19,1968,2093,608,1259,0
91,20,1968,2093,192,2342,0
91,21,1968,2093,2422,1595,0
91,22,1968,2093,2722,1804,0
91,23,1968,2093,758,652,0
91,24,1968,2093,2169,2647,0
91,25,1968,2093,48,2991,0
91,26,1968,2093,1766,2358,0
91,27,1968,2093,1735,1517,0
91,28,1968,2093,2661,1773,0
91,29,1968,2093,1563,1335,0
91,30,1968,2093,2769,1586,0
91,31,1968,2093,1591,376,0
91,32,1968,2093,635,1666,0
91,33,1968,2093,2292,1709,0
91,34,1968,2093,1578,1883,0
91,35,1968,2093,2704,1270,0
91,36,1968,2093,828,1169,0
91,37,1968,2093,1910,637,0
91,38,1968,2093,652,2960,0
91,39,1968,2093,1942,2679,0
91,40,1968,2093,1988,920,0
91,41,1968,2093,965,1686,0
91,42,1968,2093,1232,1238,0
91,43,1968,2093,1594,2306,0
91,44,1968,2093,1777,694,0
91,45,1968,2093,2160,1907,0
91,46,1968,2093,2318,2824,0
91,47,1968,2093,155,1778,0
91,48,1968,2093,2364,509,0
91,49,1968,2093,2385,1990,0
91,50,1968,2093,907,2812,0
91,51,1968,2093,645,1169,0
91,52,1968,2093,1928,970,0
91,53,1968,2093,976,2073,0
91,54,1968,2093,2932,2921,0
91,55,1968,2093,2813,381,0
91,56,1968,2093,710,2734,0
91,57,1968,2093,691,1856,0
91,58,1968,2093,1104,657,0
91,59,1968,2093,326,295,0
91,60,1968,2093,2355,1634,0
91,61,1968,2093,981,1913,0
91,62,1968,2093,1569,1249,0
91,63,1968,2093,526,2411,0
91,64,1968,2093,234,659,0
91,65,1968,2093,282,145,0
91,66,1968,2093,2277,2466,0
91,67,1968,2093,869,213,0
91,68,1968,2093,382,2709,0
91,69,1968,2093,370,2819,0
91,70,1968,2093,1897,1399,0
91,71,1968,2093,2867,2702,0
91,72,1968,2093,2660,1168,0
91,73,1968,2093,51,572,0
91,74,1968,2093,2959,2364,0
91,75,1968,2093,220,1332,0
91,76,1968,2093,1764,2646,0
91,77,1968,2093,2399,2358,0
91,78,1968,2093,628,898,0
91,79,1968,2093,1998,2018,1
91,80,1968,2093,485,796,0
91,81,1968,2093,11,2314,0
91,82,1968,2093,55,2348,0
91,83,1968,2093,2951,586,0
91,84,1968,2093,972,630,0
91,85,1968,2093,2272,663,0
91,86,1968,2093,2187,1884,0
91,87,1968,2093,835,2771,0
91,88,1968,2093,1205,1326,0
91,89,1968,2093,1932,616,0
91,90,1968,2093,1276,50,0
91,92,1968,2093,834,1683,0
91,93,1968,2093,1092,318,0
91,94,1968,2093,1408,102,0
91,95,1968,2093,1162,1463,0
91,96,1968,2093,2454,81,0
91,97,1968,2093,1027,1503,0
91,98,1968,2093,328,2685,0
91,99,1968,2093,1047,1127,0
91,100,1968,2093,2376,2097,0
91,101,1968,2093,1507,2064,0
91,102,1968,2093,1735,1517,0
91,103,1968,2093,2111,103,0
91,104,1968,2093,21,329,0
91,105,1968,2093,2868,849,0
91,106,1968,2093,1471,167,0
91,107,1968,2093,2373,783,0
91,108,1968,2093,2621,1680,0
91,109,1968,2093,170,2120,0
91,110,1968,2093,2377,1545,0
91,111,1968,2093,910,2380,0
91,112,1968,2093,1661,2195,0
91,113,1968,2093,2991,2168,0
91,114,1968,2093,546,1098,0
91,115,1968,2093,1623,2891,0
91,116,1968,2093,869,1014,0
91,117,1968,2093,2629,835,0
91,118,1968,2093,451,822,0
91,119,1968,2093,1715,636,0
91,120,1968,2093,1598,516,0
91,121,1968,2093,611,1374,0
91,122,1968,2093,573,26,0
91,123,1968,2093,2071,2923,0
91,124,1968,2093,51,271,0
91,125,1968,2093,875,769,0
91,126,1968,2093,152,2740,0
91,127,1968,2093,1986,213,0
91,128,1968,2093,1386,1070,0
91,129,1968,2093,2517,1148,0
91,130,1968,2093,1211,24,0
91,131,1968,2093,2910,1043,0
91,132,1968,2093,2000,1243,0
92,0,834,1683,1768,2264,0
92,1,834,1683,2913,2734,0
92,2,834,1683,1215,1942,0
92,3,834,1683,2051,1971,0
92,4,834,1683,160,1001,0
92,5,834,1683,593,821,0
92,6,834,1683,2145,2101,0
92,7,834,1683,278,1608,0
92,8,834,1683,1945,1818,0
92,9,834,1683,1634,1385,0
92,10,834,1683,1218,2354,0
92,11,834,1683,1358,761,0
92,12,834,1683,2639,274,0
92,13,834,1683,941,2731,0
92,14,834,1683,720,403,0
92,15,834,1683,1392,2291,0
92,16,834,1683,1876,1945,0
92,17,834,1683,1569,812,0
92,18,834,1683,2424,1961,0
92,19,834,1683,608,1259,0
92,20,834,1683,192,2342,0
92,21,834,1683,2422,1595,0
92,22,834,1683,2722,1804,0
92,23,834,1683,758,652,0
92,24,834,1683,2169,2647,0
92,25,834,1683,48,2991,0
92,26,834,1683,1766,2358,0
92,27,834,1683,1735,1517,0
92,28,834,1683,2661,1773,0
92,29,834,1683,1563,1335,0
92,30,834,1683,2769,1586,0
92,31,834,1683,1591,376,0
92,32,834,1683,635,1666,0
92,33,834,1683,2292,1709,0
92,34,834,1683,1578,1883,0
92,35,834,1683,2704,1270,0
92,36,834,1683,828,1169,0
92,37,834,1683,1910,637,0
92,38,834,1683,652,2960,0
92,39,834,1683,1942,2679,0
92,40,834,1683,1988,920,0
92,41,834,1683,965,1686,1
92,42,834,1683,1232,1238,0
92,43,834,1683,1594,2306,0
92,44,834,1683,1777,694,0
92,45,834,1683,2160,1907,0
92,46,834,1683,2318,2824,0
92,47,834,1683,155,1778,0
92,48,834,1683,2364,509,0
92,49,834,1683,2385,1990,0
92,50,834,1683,907,2812,0
92,51,834,1683,645,1169,0
92,52,834,1683,1928,970,0
92,53,834,1683,976,2073,0
92,54,834,1683,2932,2921,0
92,55,834,1683,2813,381,0
92,56,834,1683,710,2734,0
92,57,834,1683,691,1856,0
92,58,834,1683,1104,657,0
92,59,834,1683,326,295,0
92,60,834,1683,2355,1634,0
92,61,834,1683,981,1913,0
92,62,834,1683,1569,1249,0
92,63,834,1683,526,2411,0
92,64,834,1683,234,659,0
92,65,834,1683,282,145,0
92,66,834,1683,2277,2466,0
92,67,834,1683,869,213,0
92,68,834,1683,382,2709,0
92,69,834,1683,370,2819,0
92,70,834,1683,1897,1399,0
92,71,834,1683,2867,2702,0
92,72,834,1683,2660,1168,0
92,73,834,1683,51,572,0
92,74,834,1683,2959,2364,0
92,75,834,1683,220,1332,0
92,76,834,1683,1764,2646,0
92,77,834,1683,2399,2358,0
92,78,834,1683,628,898,0
92,79,834,1683,1998,2018,0
92,80,834,1683,485,796,0
92,81,834,1683,11,2314,0
92,82,834,1683,55,2348,0
92,83,834,1683,2951,586,0
92,84,834,1683,972,630,0
92,85,834,1683,2272,663,0
92,86,834,1683,2187,1884,0
92,87,834,1683,835,2771,0
92,88,834,1683,1205,1326,0
92,89,834,1683,1932,616,0
92,90,834,1683,1276,50,0
92,91,834,1683,1968,2093,0
92,93,834,1683,1092,318,0
92,94,834,1683,1408,102,0
92,95,834,1683,1162,1463,0
92,96,834,1683,2454,81,0
92,97,834,1683,1027,1503,0
92,98,834,1683,328,2685,0
92,99,834,1683,1047,1127,0
92,100,834,1683,2376,2097,0
92,101,834,1683,1507,2064,0
92,102,834,1683,1735,1517,0
92,103,834,1683,2111,103,0
92,104,834,1683,21,329,0
92,105,834,1683,2868,849,0
92,106,834,1683,1471,167,0
92,107,834,1683,2373,783,0
92,108,834,1683,2621,1680,0
92,109,834,1683,170,2120,0
92,110,834,1683,2377,1545,0
92,111,834,1683,910,2380,0
92,112,834,1683,1661,2195,0
92,113,834,1683,2991,2168,0
92,114,834,1683,546,1098,0
92,115,834,1683,1623,2891,0
92,116,834,1683,869,1014,0
92,117,834,1683,2629,835,0
92,118,834,1683,451,822,0
92,119,834,1683,1715,636,0
92,120,834,1683,1598,516,0
92,121,834,1683,611,1374,0
92,122,834,1683,573,26,0
92,123,834,1683,2071,2923,0
92,124,834,1683,51,271,0
92,125,834,1683,875,769,0
92,126,834,1683,152,2740,0
92,127,834,1683,1986,213,0
92,128,834,1683,1386,1070,0
92,129,834,1683,2517,1148,0
92,130,834,1683,1211,24,0
92,131,834,1683,2910,1043,0
92,132,834,1683,2000,1243,0
93,0,1092,318,1768,2264,0
93,1,1092,318,2913,2734,0
93,2,1092,318,1215,1942,0
93,3,1092,318,2051,1971,0
93,4,1092,318,160,1001,0
93,5,1092,318,593,821,0
93,6,1092,318,2145,2101,0
93,7,1092,318,278,1608,0
93,8,1092,318,1945,1818,0
93,9,1092,318,1634,1385,0
93,10,1092,318,1218,2354,0
93,11,1092,318,1358,761,0
93,12,1092,318,2639,274,0
93,13,1092,318,941,2731,0
93,14,1092,318,720,403,0
93,15,1092,318,1392,2291,0
93,16,1092,318,1876,1945,0
93,17,1092,318,1569,812,0
93,18,1092,318,2424,1961,0
93,19,1092,318,608,1259,0
93,20,1092,318,192,2342,0
93,21,1092,318,2422,1595,0
93,22,1092,318,2722,1804,0
93,23,1092,318,758,652,0
93,24,1092,318,2169,2647,0
93,25,1092,318,48,2991,0
93,26,1092,318,1766,2358,0
93,27,1092,318,1735,1517,0
93,28,1092,318,2661,1773,0
93,29,1092,318,1563,1335,0
93,30,1092,318,2769,1586,0
93,31,1092,318,1591,376,0
93,32,1092,318,635,1666,0
93,33,1092,318,2292,1709,0
93,34,1092,318,1578,1883,0
93,35,1092,318,2704,1270,0
93,36,1092,318,828,1169,0
93,37,1092,318,1910,637,0
93,38,1092,318,652,2960,0
93,39,1092,318,1942,2679,0
93,40,1092,318,1988,920,0
93,41,1092,318,965,1686,0
93,42,1092,318,1232,1238,0
93,43,1092,318,1594,2306,0
93,44,1092,318,1777,694,0
93,45,1092,318,2160,1907,0
93,46,1092,318,2318,2824,0
93,47,1092,318,155,1778,0
93,48,1092,318,2364,509,0
93,49,1092,318,2385,1990,0
93,50,1092,318,907,2812,0
93,51,1092,318,645,1169,0
93,52,1092,318,1928,970,0
93,53,1092,318,976,2073,0
93,54,1092,318,2932,2921,0
93,55,1092,318,2813,381,0
93,56,1092,318,710,2734,0
93,57,1092,318,691,1856,0
93,58,1092,318,1104,657,0
93,59,1092,318,326,295,0
93,60,1092,318,2355,1634,0
93,61,1092,318,981,1913,0
93,62,1092,318,1569,1249,0
93,63,1092,318,526,2411,0
93,64,1092,318,234,659,0
93,65,1092,318,282,145,0
93,66,1092,318,2277,2466,0
93,67,1092,318,869,213,1
93,68,1092,318,382,2709,0
93,69,1092,318,370,2819,0
93,70,1092,318,1897,1399,0
93,71,1092,318,2867,2702,0
93,72,1092,318,2660,1168,0
93,73,1092,318,51,572,0
93,74,1092,318,2959,2364,0
93,75,1092,318,220,1332,0
93,76,1092,318,1764,2646,0
93,77,1092,318,2399,2358,0
93,78,1092,318,628,898,0
93,79,1092,318,1998,2018,0
93,80,1092,318,485,796,0
93,81,1092,318,11,2314,0
93,82,1092,318,55,2348,0
93,83,1092,318,2951,586,0
93,84,1092,318,972,630,0
93,85,1092,318,2272,663,0
93,86,1092,318,2187,1884,0
93,87,1092,318,835,2771,0
93,88,1092,318,1205,1326,0
93,89,1092,318,1932,616,0
93,90,1092,318,1276,50,0
93,91,1092,318,1968,2093,0
93,92,1092,318,834,1683,0
93,94,1092,318,1408,102,0
93,95,1092,318,1162,1463,0
93,96,1092,318,2454,81,0
93,97,1092,318,1027,1503,0
93,98,1092,318,328,2685,0
93,99,1092,318,1047,1127,0
93,100,1092,318,2376,2097,0
93,101,1092,318,1507,2064,0
93,102,1092,318,1735,1517,0
93,103,1092,318,2111,103,0
93,104,1092,318,21,329,0
93,105,1092,318,2868,849,0
93,106,1092,318,1471,167,0
93,107,1092,318,2373,783,0
93,108,1092,318,2621,1680,0
93,109,1092,318,170,2120,0
93,110,1092,318,2377,1545,0
93,111,1092,318,910,2380,0
93,112,1092,318,1661,2195,0
93,113,1092,318,2991,2168,0
93,114,1092,318,546,1098,0
93,115,1092,318,1623,2891,0
93,116,1092,318,869,1014,0
93,117,1092,318,2629,835,0
93,118,1092,318,451,822,0
93,119,1092,318,1715,636,0
93,120,1092,318,1598,516,0
93,121,1092,318,611,1374,0
93,122,1092,318,573,26,0
93,123,1092,318,2071,2923,0
93,124,1092,318,51,271,0
93,125,1092,318,875,769,0
93,126,1092,318,152,2740,0
93,127,1092,318,1986,213,0
93,128,1092,318,1386,1070,0
93,129,1092,318,2517,1148,0
93,130,1092,318,1211,24,0
93,131,1092,318,2910,1043,0
93,132,1092,318,2000,1243,0
94,0,1408,102,1768,2264,0
94,1,1408,102,2913,2734,0
94,2,1408,102,1215,1942,0
94,3,1408,102,2051,1971,0
94,4,1408,102,160,1001,0
94,5,1408,102,593,821,0
94,6,1408,102,2145,2101,0
94,7,1408,102,278,1608,0
94,8,1408,102,1945,1818,0
94,9,1408,102,1634,1385,0
94,10,1408,102,1218,2354,0
94,11,1408,102,1358,761,0
94,12,1408,102,2639,274,0
94,13,1408,102,941,2731,0
94,14,1408,102,720,403,0
94,15,1408,102,1392,2291,0
94,16,1408,102,1876,1945,0
94,17,1408,102,1569,812,0
94,18,1408,102,2424,1961,0
94,19,1408,102,608,1259,0
94,20,1408,102,192,2342,0
94,21,1408,102,2422,1595,0
94,22,1408,102,2722,1804,0
94,23,1408,102,758,652,0
94,24,1408,102,2169,2647,0
94,25,1408,102,48,2991,0
94,26,1408,102,1766,2358,0
94,27,1408,102,1735,1517,0
94,28,1408,102,2661,1773,0
94,29,1408,102,1563,1335,0
94,30,1408,102,2769,1586,0
94,31,1408,102,1591,376,0
94,32,1408,102,635,1666,0
94,33,1408,102,2292,1709,0
94,34,1408,102,1578,1883,0
94,35,1408,102,2704,1270,0
94,36,1408,102,828,1169,0
94,37,1408,102,1910,637,0
94,38,1408,102,652,2960,0
94,39,1408,102,1942,2679,0
94,40,1408,102,1988,920,0
94,41,1408,102,965,1686,0
94,42,1408,102,1232,1238,0
94,43,1408,102,1594,2306,0
94,44,1408,102,1777,694,0
94,45,1408,102,2160,1907,0
94,46,1408,102,2318,2824,0
94,47,1408,102,155,1778,0
94,48,1408,102,2364,509,0
94,49,1408,102,2385,1990,0
94,50,1408,102,907,2812,0
94,51,1408,102,645,1169,0
94,52,1408,102,1928,970,0
94,53,1408,102,976,2073,0
94,54,1408,102,2932,2921,0
94,55,1408,102,2813,381,0
94,56,1408,102,710,2734,0
94,57,1408,102,691,1856,0
94,58,1408,102,1104,657,0
94,59,1408,102,326,295,0
94,60,1408,102,2355,1634,0
94,61,1408,102,981,1913,0
94,62,1408,102,1569,1249,0
94,63,1408,102,526,2411,0
94,64,1408,102,234,659,0
94,65,1408,102,282,145,0
94,66,1408,102,2277,2466,0
94,67,1408,102,869,213,0
94,68,1408,102,382,2709,0
94,69,1408,102,370,2819,0
94,70,1408,102,1897,1399,0
94,71,1408,102,2867,2702,0
94,72,1408,102,2660,1168,0
94,73,1408,102,51,572,0
94,74,1408,102,2959,2364,0
94,75,1408,102,220,1332,0
94,76,1408,102,1764,2646,0
94,77,1408,102,2399,2358,0
94,78,1408,102,628,898,0
94,79,1408,102,1998,2018,0
94,80,1408,102,485,796,0
94,81,1408,102,11,2314,0
94,82,1408,102,55,2348,0
94,83,1408,102,2951,586,0
94,84,1408,102,972,630,0
94,85,1408,102,2272,663,0
94,86,1408,102,2187,1884,0
94,87,1408,102,835,2771,0
94,88,1408,102,1205,1326,0
94,89,1408,102,1932,616,0
94,90,1408,102,1276,50,1
94,91,1408,102,1968,2093,0
94,92,1408,102,834,1683,0
94,93,1408,102,1092,318,0
94,95,1408,102,1162,1463,0
94,96,1408,102,2454,81,0
94,97,1408,102,1027,1503,0
94,98,1408,102,328,2685,0
94,99,1408,102,1047,1127,0
94,100,1408,102,2376,2097,0
94,101,1408,102,1507,2064,0
94,102,1408,102,1735,1517,0
94,103,1408,102,2111,103,0
94,104,1408,102,21,329,0
94,105,1408,102,2868,849,0
94,106,1408,102,1471,167,0
94,107,1408,102,2373,783,0
94,108,1408,102,2621,1680,0
94,109,1408,102,170,2120,0
94,110,1408,102,2377,1545,0
94,111,1408,102,910,2380,0
94,112,1408,102,1661,2195,0
94,113,1408,102,2991,2168,0
94,114,1408,102,546,1098,0
94,115,1408,102,1623,2891,0
94,116,1408,102,869,1014,0
94,117,1408,102,2629,835,0
94,118,1408,102,451,822,0
94,119,1408,102,1715,636,0
94,120,1408,102,1598,516,0
94,121,1408,102,611,1374,0
94,122,1408,102,573,26,0
94,123,1408,102,2071,2923,0
94,124,1408,102,51,271,0
94,125,1408,102,875,769,0
94,126,1408,102,152,2740,0
94,127,1408,102,1986,213,0
94,128,1408,102,1386,1070,0
94,129,1408,102,2517,1148,0
94,130,1408,102,1211,24,0
94,131,1408,102,2910,1043,0
94,132,1408,102,2000,1243,0
95,0,1162,1463,1768,2264,0
95,1,1162,1463,2913,2734,0
95,2,1162,1463,1215,1942,0
95,3,1162,1463,2051,1971,0
95,4,1162,1463,160,1001,0
95,5,1162,1463,593,821,0
95,6,1162,1463,2145,2101,0
95,7,1162,1463,278,1608,0
95,8,1162,1463,1945,1818,0
95,9,1162,1463,1634,1385,0
95,10,1162,1463,1218,2354,0
95,11,1162,1463,1358,761,0
95,12,1162,1463,2639,274,0
95,13,1162,1463,941,2731,0
95,14,1162,1463,720,403,0
95,15,1162,1463,1392,2291,0
95,16,1162,1463,1876,1945,0
95,17,1162,1463,1569,812,0
95,18,1162,1463,2424,1961,0
95,19,1162,1463,608,1259,0
95,20,1162,1463,192,2342,0
95,21,1162,1463,2422,1595,0
95,22,1162,1463,2722,1804,0
95,23,1162,1463,758,652,0
95,24,1162,1463,2169,2647,0
95,25,1162,1463,48,2991,0
95,26,1162,1463,1766,2358,0
95,27,1162,1463,1735,1517,0
95,28,1162,1463,2661,1773,0
95,29,1162,1463,1563,1335,0
95,30,1162,1463,2769,1586,0
95,31,1162,1463,1591,376,0
95,32,1162,1463,635,1666,0
95,33,1162,1463,2292,1709,0
95,34,1162,1463,1578,1883,0
95,35,1162,1463,2704,1270,0
95,36,1162,1463,828,1169,0
95,37,1162,1463,1910,637,0
95,38,1162,1463,652,2960,0
95,39,1162,1463,1942,2679,0
95,40,1162,1463,1988,920,0
95,41,1162,1463,965,1686,0
95,42,1162,1463,1232,1238,0
95,43,1162,1463,1594,2306,0
95,44,1162,1463,1777,694,0
95,45,1162,1463,2160,1907,0
95,46,1162,1463,2318,2824,0
95,47,1162,1463,155,1778,0
95,48,1162,1463,2364,509,0
95,49,1162,1463,2385,1990,0
95,50,1162,1463,907,2812,0
95,51,1162,1463,645,1169,0
95,52,1162,1463,1928,970,0
95,53,1162,1463,976,2073,0
95,54,1162,1463,2932,2921,0
95,55,1162,1463,2813,381,0
95,56,1162,1463,710,2734,0
95,57,1162,1463,691,1856,0
95,58,1162,1463,1104,657,0
95,59,1162,1463,326,295,0
95,60,1162,1463,2355,1634,0
95,61,1162,1463,981,1913,0
95,62,1162,1463,1569,1249,0
95,63,1162,1463,526,2411,0
95,64,1162,1463,234,659,0
95,65,1162,1463,282,145,0
95,66,1162,1463,2277,2466,0
95,67,1162,1463,869,213,0
95,68,1162,1463,382,2709,0
95,69,1162,1463,370,2819,0
95,70,1162,1463,1897,1399,0
95,71,1162,1463,2867,2702,0
95,72,1162,1463,2660,1168,0
95,73,1162,1463,51,572,0
95,74,1162,1463,2959,2364,0
95,75,1162,1463,220,1332,0
95,76,1162,1463,1764,2646,0
95,77,1162,1463,2399,2358,0
95,78,1162,1463,628,898,0
95,79,1162,1463,1998,2018,0
95,80,1162,1463,485,796,0
95,81,1162,1463,11,2314,0
95,82,1162,1463,55,2348,0
95,83,1162,1463,2951,586,0
95,84,1162,1463,972,630,0
95,85,1162,1463,2272,663,0
95,86,1162,1463,2187,1884,0
95,87,1162,1463,835,2771,0
95,88,1162,1463,1205,1326,1
95,89,1162,1463,1932,616,0
95,90,1162,1463,1276,50,0
95,91,1162,1463,1968,2093,0
95,92,1162,1463,834,1683,0
95,93,1162,1463,1092,318,0
95,94,1162,1463,1408,102,0
95,96,1162,1463,2454,81,0
95,97,1162,1463,1027,1503,0
95,98,1162,1463,328,2685,0
95,99,1162,1463,1047,1127,0
95,100,1162,1463,2376,2097,0
95,101,1162,1463,1507,2064,0
95,102,1162,1463,1735,1517,0
95,103,1162,1463,2111,103,0
95,104,1162,1463,21,329,0
95,105,1162,1463,2868,849,0
95,106,1162,1463,1471,167,0
95,107,1162,1463,2373,783,0
95,108,1162,1463,2621,1680,0
95,109,1162,1463,170,2120,0
95,110,1162,1463,2377,1545,0
95,111,1162,1463,910,2380,0
95,112,1162,1463,1661,2195,0
95,113,1162,1463,2991,2168,0
95,114,1162,1463,546,1098,0
95,115,1162,1463,1623,2891,0
95,116,1162,1463,869,1014,0
95,117,1162,1463,2629,835,0
95,118,1162,1463,451,822,0
95,119,1162,1463,1715,636,0
95,120,1162,1463,1598,516,0
95,121,1162,1463,611,1374,0
95,122,1162,1463,573,26,0
95,123,1162,1463,2071,2923,0
95,124,1162,1463,51,271,0
95,125,1162,1463,875,769,0
95,126,1162,1463,152,2740,0
95,127,1162,1463,1986,213,0
95,128,1162,1463,1386,1070,0
95,129,1162,1463,2517,1148,0
95,130,1162,1463,1211,24,0
95,131,1162,1463,2910,1043,0
95,132,1162,1463,2000,1243,0
96,0,2454,81,1768,2264,0
96,1,2454,81,2913,2734,0
96,2,2454,81,1215,1942,0
96,3,2454,81,2051,1971,0
96,4,2454,81,160,1001,0
96,5,2454,81,593,821,0
96,6,2454,81,2145,2101,0
96,7,2454,81,278,1608,0
96,8,2454,81,1945,1818,0
96,9,2454,81,1634,1385,0
96,10,2454,81,1218,2354,0
96,11,2454,81,1358,761,0
96,12,2454,81,2639,274,0
96,13,2454,81,941,2731,0
96,14,2454,81,720,403,0
96,15,2454,81,1392,2291,0
96,16,2454,81,1876,1945,0
96,17,2454,81,1569,812,0
96,18,2454,81,2424,1961,0
96,19,2454,81,608,1259,0
96,20,2454,81,192,2342,0
96,21,2454,81,2422,1595,0
96,22,2454,81,2722,1804,0
96,23,2454,81,758,652,0
96,24,2454,81,2169,2647,0
96,25,2454,81,48,2991,0
96,26,2454,81,1766,2358,0
96,27,2454,81,1735,1517,0
96,28,2454,81,2661,1773,0
96,29,2454,81,1563,1335,0
96,30,2454,81,2769,1586,0
96,31,2454,81,1591,376,0
96,32,2454,81,635,1666,0
96,33,2454,81,2292,1709,0
96,34,2454,81,1578,1883,0
96,35,2454,81,2704,1270,0
96,36,2454,81,828,1169,0
96,37,2454,81,1910,637,0
96,38,2454,81,652,2960,0
96,39,2454,81,1942,2679,0
96,40,2454,81,1988,920,0
96,41,2454,81,965,1686,0
96,42,2454,81,1232,1238,0
96,43,2454,81,1594,2306,0
96,44,2454,81,1777,694,0
96,45,2454,81,2160,1907,0
96,46,2454,81,2318,2824,0
96,47,2454,81,155,1778,0
96,48,2454,81,2364,509,0
96,49,2454,81,2385,1990,0
96,50,2454,81,907,2812,0
96,51,2454,81,645,1169,0
96,52,2454,81,1928,970,0
96,53,2454,81,976,2073,0
96,54,2454,81,2932,2921,0
96,55,2454,81,2813,381,0
96,56,2454,81,710,2734,0
96,57,2454,81,691,1856,0
96,58,2454,81,1104,657,0
96,59,2454,81,326,295,0
96,60,2454,81,2355,1634,0
96,61,2454,81,981,1913,0
96,62,2454,81,1569,1249,0
96,63,2454,81,526,2411,0
96,64,2454,81,234,659,0
96,65,2454,81,282,145,0
96,66,2454,81,2277,2466,0
96,67,2454,81,869,213,0
96,68,2454,81,382,2709,0
96,69,2454,81,370,2819,0
96,70,2454,81,1897,1399,0
96,71,2454,81,2867,2702,0
96,72,2454,81,2660,1168,0
96,73,2454,81,51,572,0
96,74,2454,81,2959,2364,0
96,75,2454,81,220,1332,0
96,76,2454,81,1764,2646,0
96,77,2454,81,2399,2358,0
96,78,2454,81,628,898,0
96,79,2454,81,1998,2018,0
96,80,2454,81,485,796,0
96,81,2454,81,11,2314,0
96,82,2454,81,55,2348,0
96,83,2454,81,2951,586,0
96,84,2454,81,972,630,0
96,85,2454,81,2272,663,0
96,86,2454,81,2187,1884,0
96,87,2454,81,835,2771,0
96,88,2454,81,1205,1326,0
96,89,2454,81,1932,616,0
96,90,2454,81,1276,50,0
96,91,2454,81,1968,2093,0
96,92,2454,81,834,1683,0
96,93,2454,81,1092,318,0
96,94,2454,81,1408,102,0
96,95,2454,81,1162,1463,0
96,97,2454,81,1027,1503,0
96,98,2454,81,328,2685,0
96,99,2454,81,1047,1127,0
96,100,2454,81,2376,2097,0
96,101,2454,81,1507,2064,0
96,102,2454,81,1735,1517,0
96,103,2454,81,2111,103,1
96,104,2454,81,21,329,0
96,105,2454,81,2868,849,0
96,106,2454,81,1471,167,0
96,107,2454,81,2373,783,0
96,108,2454,81,2621,1680,0
96,109,2454,81,170,2120,0
96,110,2454,81,2377,1545,0
96,111,2454,81,910,2380,0
96,112,2454,81,1661,2195,0
96,113,2454,81,2991,2168,0
96,114,2454,81,546,1098,0
96,115,2454,81,1623,2891,0
96,116,2454,81,869,1014,0
96,117,2454,81,2629,835,0
96,118,2454,81,451,822,0
96,119,2454,81,1715,636,0
96,120,2454,81,1598,516,0
96,121,2454,81,611,1374,0
96,122,2454,81,573,26,0
96,123,2454,81,2071,2923,0
96,124,2454,81,51,271,0
96,125,2454,81,875,769,0
96,126,2454,81,152,2740,0
96,127,2454,81,1986,213,0
96,128,2454,81,1386,1070,0
96,129,2454,81,2517,1148,0
96,130,2454,81,1211,24,0
96,131,2454,81,2910,1043,0
96,132,2454,81,2000,1243,0
97,0,1027,1503,1768,2264,0
97,1,1027,1503,2913,2734,0
97,2,1027,1503,1215,1942,0
97,3,1027,1503,2051,1971,0
97,4,1027,1503,160,1001,0
97,5,1027,1503,593,821,0
97,6,1027,1503,2145,2101,0
97,7,1027,1503,278,1608,0
97,8,1027,1503,1945,1818,0
97,9,1027,1503,1634,1385,0
97,10,1027,1503,1218,2354,0
97,11,1027,1503,1358,761,0
97,12,1027,1503,2639,274,0
97,13,1027,1503,941,2731,0
97,14,1027,1503,720,403,0
97,15,1027,1503,1392,2291,0
97,16,1027,1503,1876,1945,0
97,17,1027,1503,1569,812,0
97,18,1027,1503,2424,1961,0
97,19,1027,1503,608,1259,0
97,20,1027,1503,192,2342,0
97,21,1027,1503,2422,1595,0
97,22,1027,1503,2722,1804,0
97,23,1027,1503,758,652,0
97,24,1027,1503,2169,2647,0
97,25,1027,1503,48,2991,0
97,26,1027,1503,1766,2358,0
97,27,1027,1503,1735,1517,0
97,28,1027,1503,2661,1773,0
97,29,1027,1503,1563,1335,0
97,30,1027,1503,2769,1586,0
97,31,1027,1503,1591,376,0
97,32,1027,1503,635,1666,0
97,33,1027,1503,2292,1709,0
97,34,1027,1503,1578,1883,0
97,35,1027,1503,2704,1270,0
97,36,1027,1503,828,1169,0
97,37,1027,1503,1910,637,0
97,38,1027,1503,652,2960,0
97,39,1027,1503,1942,2679,0
97,40,1027,1503,1988,920,0
97,41,1027,1503,965,1686,0
97,42,1027,1503,1232,1238,0
97,43,1027,1503,1594,2306,0
97,44,1027,1503,1777,694,0
97,45,1027,1503,2160,1907,0
97,46,1027,1503,2318,2824,0
97,47,1027,1503,155,1778,0
97,48,1027,1503,2364,509,0
97,49,1027,1503,2385,1990,0
97,50,1027,1503,907,2812,0
97,51,1027,1503,645,1169,0
97,52,1027,1503,1928,970,0
97,53,1027,1503,976,2073,0
97,54,1027,1503,2932,2921,0
97,55,1027,1503,2813,381,0
97,56,1027,1503,710,2734,0
97,57,1027,1503,691,1856,0
97,58,1027,1503,1104,657,0
97,59,1027,1503,326,295,0
97,60,1027,1503,2355,1634,0
97,61,1027,1503,981,1913,0
97,62,1027,1503,1569,1249,0
97,63,1027,1503,526,2411,0
97,64,1027,1503,234,659,0
97,65,1027,1503,282,145,0
97,66,1027,1503,2277,2466,0
97,67,1027,1503,869,213,0
97,68,1027,1503,382,2709,0
97,69,1027,1503,370,2819,0
97,70,1027,1503,1897,1399,0
97,71,1027,1503,2867,2702,0
97,72,1027,1503,2660,1168,0
97,73,1027,1503,51,572,0
97,74,1027,1503,2959,2364,0
97,75,1027,1503,220,1332,0
97,76,1027,1503,1764,2646,0
97,77,1027,1503,2399,2358,0
97,78,1027,1503,628,898,0
97,79,1027,1503,1998,2018,0
97,80,1027,1503,485,796,0
97,81,1027,1503,11,2314,0
97,82,1027,1503,55,2348,0
97,83,1027,1503,2951,586,0
97,84,1027,1503,972,630,0
97,85,1027,1503,2272,663,0
97,86,1027,1503,2187,1884,0
97,87,1027,1503,835,2771,0
97,88,1027,1503,1205,1326,0
97,89,1027,1503,1932,616,0
97,90,1027,1503,1276,50,0
97,91,1027,1503,1968,2093,0
97,92,1027,1503,834,1683,0
97,93,1027,1503,1092,318,0
97,94,1027,1503,1408,102,0
97,95,1027,1503,1162,1463,1
97,96,1027,1503,2454,81,0
97,98,1027,1503,328,2685,0
97,99,1027,1503,1047,1127,0
97,100,1027,1503,2376,2097,0
97,101,1027,1503,1507,2064,0
97,102,1027,1503,1735,1517,0
97,103,1027,1503,2111,103,0
97,104,1027,1503,21,329,0
97,105,1027,1503,2868,849,0
97,106,1027,1503,1471,167,0
97,107,1027,1503,2373,783,0
97,108,1027,1503,2621,1680,0
97,109,1027,1503,170,2120,0
97,110,1027,1503,2377,1545,0
97,111,1027,1503,910,2380,0
97,112,1027,1503,1661,2195,0
97,113,1027,1503,2991,2168,0
97,114,1027,1503,546,1098,0
97,115,1027,1503,1623,2891,0
97,116,1027,1503,869,1014,0
97,117,1027,1503,2629,835,0
97,118,1027,1503,451,822,0
97,119,1027,1503,1715,636,0
97,120,1027,1503,1598,516,0
97,121,1027,1503,611,1374,0
97,122,1027,1503,573,26,0
97,123,1027,1503,2071,2923,0
97,124,1027,1503,51,271,0
97,125,1027,1503,875,769,0
97,126,1027,1503,152,2740,0
97,127,1027,1503,1986,213,0
97,128,1027,1503,1386,1070,0
97,129,1027,1503,2517,1148,0
97,130,1027,1503,1211,24,0
97,131,1027,1503,2910,1043,0
97,132,1027,1503,2000,1243,0
98,0,328,2685,1768,2264,0
98,1,328,2685,2913,2734,0
98,2,328,2685,1215,1942,0
98,3,328,2685,2051,1971,0
98,4,328,2685,160,1001,0
98,5,328,2685,593,821,0
98,6,328,2685,2145,2101,0
98,7,328,2685,278,1608,0
98,8,328,2685,1945,1818,0
98,9,328,2685,1634,1385,0
98,10,328,2685,1218,2354,0
98,11,328,2685,1358,761,0
98,12,328,2685,2639,274,0
98,13,328,2685,941,2731,0
98,14,328,2685,720,403,0
98,15,328,2685,1392,2291,0
98,16,328,2685,1876,1945,0
98,17,328,2685,1569,812,0
98,18,328,2685,2424,1961,0
98,19,328,2685,608,1259,0
98,20,328,2685,192,2342,0
98,21,328,2685,2422,1595,0
98,22,328,2685,2722,1804,0
98,23,328,2685,758,652,0
98,24,328,2685,2169,2647,0
98,25,328,2685,48,2991,0
98,26,328,2685,1766,2358,0
98,27,328,2685,1735,1517,0
98,28,328,2685,2661,1773,0
98,29,328,2685,1563,1335,0
98,30,328,2685,2769,1586,0
98,31,328,2685,1591,376,0
98,32,328,2685,635,1666,0
98,33,328,2685,2292,1709,0
98,34,328,2685,1578,1883,0
98,35,328,2685,2704,1270,0
98,36,328,2685,828,1169,0
98,37,328,2685,1910,637,0
98,38,328,2685,652,2960,0
98,39,328,2685,1942,2679,0
98,40,328,2685,1988,920,0
98,41,328,2685,965,1686,0
98,42,328,2685,1232,1238,0
98,43,328,2685,1594,2306,0
98,44,328,2685,1777,694,0
98,45,328,2685,2160,1907,0
98,46,328,2685,2318,2824,0
98,47,328,2685,155,1778,0
98,48,328,2685,2364,509,0
98,49,328,2685,2385,1990,0
98,50,328,2685,907,2812,0
98,51,328,2685,645,1169,0
98,52,328,2685,1928,970,0
98,53,328,2685,976,2073,0
98,54,328,2685,2932,2921,0
98,55,328,2685,2813,381,0
98,56,328,2685,710,2734,0
98,57,328,2685,691,1856,0
98,58,328,2685,1104,657,0
98,59,328,2685,326,295,0
98,60,328,2685,2355,1634,0
98,61,328,2685,981,1913,0
98,62,328,2685,1569,1249,0
98,63,328,2685,526,2411,0
98,64,328,2685,234,659,0
98,65,328,2685,282,145,0
98,66,328,2685,2277,2466,0
98,67,328,2685,869,213,0
98,68,328,2685,382,2709,0
98,69,328,2685,370,2819,0
98,70,328,2685,1897,1399,0
98,71,328,2685,2867,2702,0
98,72,328,2685,2660,1168,0
98,73,328,2685,51,572,0
98,74,328,2685,2959,2364,0
98,75,328,2685,220,1332,0
98,76,328,2685,1764,2646,0
98,77,328,2685,2399,2358,0
98,78,328,2685,628,898,0
98,79,328,2685,1998,2018,0
98,80,328,2685,485,796,0
98,81,328,2685,11,2314,0
98,82,328,2685,55,2348,0
98,83,328,2685,2951,586,0
98,84,328,2685,972,630,0
98,85,328,2685,2272,663,0
98,86,328,2685,2187,1884,0
98,87,328,2685,835,2771,0
98,88,328,2685,1205,1326,0
98,89,328,2685,1932,616,0
98,90,328,2685,1276,50,0
98,91,328,2685,1968,2093,0
98,92,328,2685,834,1683,0
98,93,328,2685,1092,318,0
98,94,328,2685,1408,102,0
98,95,328,2685,1162,1463,0
98,96,328,2685,2454,81,0
98,97,328,2685,1027,1503,0
98,99,328,2685,1047,1127,0
98,100,328,2685,2376,2097,0
98,101,328,2685,1507,2064,0
98,102,328,2685,1735,1517,0
98,103,328,2685,2111,103,0
98,104,328,2685,21,329,0
98,105,328,2685,2868,849,0
98,106,328,2685,1471,167,0
98,107,328,2685,2373,783,0
98,108,328,2685,2621,1680,0
98,109,328,2685,170,2120,0
98,110,328,2685,2377,1545,0
98,111,328,2685,910,2380,0
98,112,328,2685,1661,2195,0
98,113,328,2685,2991,2168,0
98,114,328,2685,546,1098,0
98,115,328,2685,1623,2891,0
98,116,328,2685,869,1014,0
98,117,328,2685,2629,835,0
98,118,328,2685,451,822,0
98,119,328,2685,1715,636,0
98,120,328,2685,1598,516,0
98,121,328,2685,611,1374,0
98,122,328,2685,573,26,0
98,123,328,2685,2071,2923,0
98,124,328,2685,51,271,0
98,125,328,2685,875,769,0
98,126,328,2685,152,2740,1
98,127,328,2685,1986,213,0
98,128,328,2685,1386,1070,0
98,129,328,2685,2517,1148,0
98,130,328,2685,1211,24,0
98,131,328,2685,2910,1043,0
98,132,328,2685,2000,1243,0
99,0,1047,1127,1768,2264,0
99,1,1047,1127,2913,2734,0
99,2,1047,1127,1215,1942,0
99,3,1047,1127,2051,1971,0
99,4,1047,1127,160,1001,0
99,5,1047,1127,593,821,0
99,6,1047,1127,2145,2101,0
99,7,1047,1127,278,1608,0
99,8,1047,1127,1945,1818,0
99,9,1047,1127,1634,1385,0
99,10,1047,1127,1218,2354,0
99,11,1047,1127,1358,761,0
99,12,1047,1127,2639,274,0
99,13,1047,1127,941,2731,0
99,14,1047,1127,720,403,0
99,15,1047,1127,1392,2291,0
99,16,1047,1127,1876,1945,0
99,17,1047,1127,1569,812,0
99,18,1047,1127,2424,1961,0
99,19,1047,1127,608,1259,0
99,20,1047,1127,192,2342,0
99,21,1047,1127,2422,1595,0
99,22,1047,1127,2722,1804,0
99,23,1047,1127,758,652,0
99,24,1047,1127,2169,2647,0
99,25,1047,1127,48,2991,0
99,26,1047,1127,1766,2358,0
99,27,1047,1127,1735,1517,0
99,28,1047,1127,2661,1773,0
99,29,1047,1127,1563,1335,0
99,30,1047,1127,2769,1586,0
99,31,1047,1127,1591,376,0
99,32,1047,1127,635,1666,0
99,33,1047,1127,2292,1709,0
99,34,1047,1127,1578,1883,0
99,35,1047,1127,2704,1270,0
99,36,1047,1127,828,1169,0
99,37,1047,1127,1910,637,0
99,38,1047,1127,652,2960,0
99,39,1047,1127,1942,2679,0
99,40,1047,1127,1988,920,0
99,41,1047,1127,965,1686,0
99,42,1047,1127,1232,1238,0
99,43,1047,1127,1594,2306,0
99,44,1047,1127,1777,694,0
99,45,1047,1127,2160,1907,0
99,46,1047,1127,2318,2824,0
99,47,1047,1127,155,1778,0
99,48,1047,1127,2364,509,0
99,49,1047,1127,2385,1990,0
99,50,1047,1127,907,2812,0
99,51,1047,1127,645,1169,0
99,52,1047,1127,1928,970,0
99,53,1047,1127,976,2073,0
99,54,1047,1127,2932,2921,0
99,55,1047,1127,2813,381,0
99,56,1047,1127,710,2734,0
99,57,1047,1127,691,1856,0
99,58,1047,1127,1104,657,0
99,59,1047,1127,326,295,0
99,60,1047,1127,2355,1634,0
99,61,1047,1127,981,1913,0
99,62,1047,1127,1569,1249,0
99,63,1047,1127,526,2411,0
99,64,1047,1127,234,659,0
99,65,1047,1127,282,145,0
99,66,1047,1127,2277,2466,0
99,67,1047,1127,869,213,0
99,68,1047,1127,382,2709,0
99,69,1047,1127,370,2819,0
99,70,1047,1127,1897,1399,0
99,71,1047,1127,2867,2702,0
99,72,1047,1127,2660,1168,0
99,73,1047,1127,51,572,0
99,74,1047,1127,2959,2364,0
99,75,1047,1127,220,1332,0
99,76,1047,1127,1764,2646,0
99,77,1047,1127,2399,2358,0
99,78,1047,1127,628,898,0
99,79,1047,1127,1998,2018,0
99,80,1047,1127,485,796,0
99,81,1047,1127,11,2314,0
99,82,1047,1127,55,2348,0
99,83,1047,1127,2951,586,0
99,84,1047,1127,972,630,0
99,85,1047,1127,2272,663,0
99,86,1047,1127,2187,1884,0
99,87,1047,1127,835,2771,0
99,88,1047,1127,1205,1326,0
99,89,1047,1127,1932,616,0
99,90,1047,1127,1276,50,0
99,91,1047,1127,1968,2093,0
99,92,1047,1127,834,1683,0
99,93,1047,1127,1092,318,0
99,94,1047,1127,1408,102,0
99,95,1047,1127,1162,1463,0
99,96,1047,1127,2454,81,0
99,97,1047,1127,1027,1503,0
99,98,1047,1127,328,2685,0
99,100,1047,1127,2376,2097,0
99,101,1047,1127,1507,2064,0
99,102,1047,1127,1735,1517,0
99,103,1047,1127,2111,103,0
99,104,1047,1127,21,329,0
99,105,1047,1127,2868,849,0
99,106,1047,1127,1471,167,0
99,107,1047,1127,2373,783,0
99,108,1047,1127,2621,1680,0
99,109,1047,1127,170,2120,0
99,110,1047,1127,2377,1545,0
99,111,1047,1127,910,2380,0
99,112,1047,1127,1661,2195,0
99,113,1047,1127,2991,2168,0
99,114,1047,1127,546,1098,0
99,115,1047,1127,1623,2891,0
99,116,1047,1127,869,1014,1
99,117,1047,1127,2629,835,0
99,118,1047,1127,451,822,0
99,119,1047,1127,1715,636,0
99,120,1047,1127,1598,516,0
99,121,1047,1127,611,1374,0
99,122,1047,1127,573,26,0
99,123,1047,1127,2071,2923,0
99,124,1047,1127,51,271,0
99,125,1047,1127,875,769,0
99,126,1047,1127,152,2740,0
99,127,1047,1127,1986,213,0
99,128,1047,1127,1386,1070,0
99,129,1047,1127,2517,1148,0
99,130,1047,1127,1211,24,0
99,131,1047,1127,2910,1043,0
99,132,1047,1127,2000,1243,0
100,0,2376,2097,1768,2264,0
100,1,2376,2097,2913,2734,0
100,2,2376,2097,1215,1942,0
100,3,2376,2097,2051,1971,0
100,4,2376,2097,160,1001,0
100,5,2376,2097,593,821,0
100,6,2376,2097,2145,2101,0
100,7,2376,2097,278,1608,0
100,8,2376,2097,1945,1818,0
100,9,2376,2097,1634,1385,0
100,10,2376,2097,1218,2354,0
100,11,2376,2097,1358,761,0
100,12,2376,2097,2639,274,0
100,13,2376,2097,941,2731,0
100,14,2376,2097,720,403,0
100,15,2376,2097,1392,2291,0
100,16,2376,2097,1876,1945,0
100,17,2376,2097,1569,812,0
100,18,2376,2097,2424,1961,0
100,19,2376,2097,608,1259,0
100,20,2376,2097,192,2342,0
100,21,2376,2097,2422,1595,0
100,22,2376,2097,2722,1804,0
100,23,2376,2097,758,652,0
100,24,2376,2097,2169,2647,0
100,25,2376,2097,48,2991,0
100,26,2376,2097,1766,2358,0
100,27,2376,2097,1735,1517,0
100,28,2376,2097,2661,1773,0
100,29,2376,2097,1563,1335,0
100,30,2376,2097,2769,1586,0
100,31,2376,2097,1591,376,0
100,32,2376,2097,635,1666,0
100,33,2376,2097,2292,1709,0
100,34,2376,2097,1578,1883,0
100,35,2376,2097,2704,1270,0
100,36,2376,2097,828,1169,0
100,37,2376,2097,1910,637,0
100,38,2376,2097,652,2960,0
100,39,2376,2097,1942,2679,0
100,40,2376,2097,1988,920,0
100,41,2376,2097,965,1686,0
100,42,2376,2097,1232,1238,0
100,43,2376,2097,1594,2306,0
100,44,2376,2097,1777,694,0
100,45,2376,2097,2160,1907,0
100,46,2376,2097,2318,2824,0
100,47,2376,2097,155,1778,0
100,48,2376,2097,2364,509,0
100,49,2376,2097,2385,1990,0
100,50,2376,2097,907,2812,0
100,51,2376,2097,645,1169,0
100,52,2376,2097,1928,970,0
100,53,2376,2097,976,2073,0
100,54,2376,2097,2932,2921,0
100,55,2376,2097,2813,381,0
100,56,2376,2097,710,2734,0
100,57,2376,2097,691,1856,0
100,58,2376,2097,1104,657,0
100,59,2376,2097,326,295,0
100,60,2376,2097,2355,1634,0
100,61,2376,2097,981,1913,0
100,62,2376,2097,1569,1249,0
100,63,2376,2097,526,2411,0
100,64,2376,2097,234,659,0
100,65,2376,2097,282,145,0
100,66,2376,2097,2277,2466,0
100,67,2376,2097,869,213,0
100,68,2376,2097,382,2709,0
100,69,2376,2097,370,2819,0
100,70,2376,2097,1897,1399,0
100,71,2376,2097,2867,2702,0
100,72,2376,2097,2660,1168,0
100,73,2376,2097,51,572,0
100,74,2376,2097,2959,2364,0
100,75,2376,2097,220,1332,0
100,76,2376,2097,1764,2646,0
100,77,2376,2097,2399,2358,1
100,78,2376,2097,628,898,0
100,79,2376,2097,1998,2018,0
100,80,2376,2097,485,796,0
100,81,2376,2097,11,2314,0
100,82,2376,2097,55,2348,0
100,83,2376,2097,2951,586,0
100,84,2376,2097,972,630,0
100,85,2376,2097,2272,663,0
100,86,2376,2097,2187,1884,0
100,87,2376,2097,835,2771,0
100,88,2376,2097,1205,1326,0
100,89,2376,2097,1932,616,0
100,90,2376,2097,1276,50,0
100,91,2376,2097,1968,2093,0
100,92,2376,2097,834,1683,0
100,93,2376,2097,1092,318,0
100,94,2376,2097,1408,102,0
100,95,2376,2097,1162,1463,0
100,96,2376,2097,2454,81,0
100,97,2376,2097,1027,1503,0
100,98,2376,2097,328,2685,0
100,99,2376,2097,1047,1127,0
100,101,2376,2097,1507,2064,0
100,102,2376,2097,1735,1517,0
100,103,2376,2097,2111,103,0
100,104,2376,2097,21,329,0
100,105,2376,2097,2868,849,0
100,106,2376,2097,1471,167,0
100,107,2376,2097,2373,783,0
100,108,2376,2097,2621,1680,0
100,109,2376,2097,170,2120,0
100,110,2376,2097,2377,1545,0
100,111,2376,2097,910,2380,0
100,112,2376,2097,1661,2195,0
100,113,2376,2097,2991,2168,0
100,114,2376,2097,546,1098,0
100,115,2376,2097,1623,2891,0
100,116,2376,2097,869,1014,0
100,117,2376,2097,2629,835,0
100,118,2376,2097,451,822,0
100,119,2376,2097,1715,636,0
100,120,2376,2097,1598,516,0
100,121,2376,2097,611,1374,0
100,122,2376,2097,573,26,0
100,123,2376,2097,2071,2923,0
100,124,2376,2097,51,271,0
100,125,2376,2097,875,769,0
100,126,2376,2097,152,2740,0
100,127,2376,2097,1986,213,0
100,128,2376,2097,1386,1070,0
100,129,2376,2097,2517,1148,0
100,130,2376,2097,1211,24,0
100,131,2376,2097,2910,1043,0
100,132,2376,2097,2000,1243,0
101,0,1507,2064,1768,2264,0
101,1,1507,2064,2913,2734,0
101,2,1507,2064,1215,1942,1
101,3,1507,2064,2051,1971,0
101,4,1507,2064,160,1001,0
101,5,1507,2064,593,821,0
101,6,1507,2064,2145,2101,0
101,7,1507,2064,278,1608,0
101,8,1507,2064,1945,1818,0
101,9,1507,2064,1634,1385,0
101,10,1507,2064,1218,2354,0
101,11,1507,2064,1358,761,0
101,12,1507,2064,2639,274,0
101,13,1507,2064,941,2731,0
101,14,1507,2064,720,403,0
101,15,1507,2064,1392,2291,0
101,16,1507,2064,1876,1945,0
101,17,1507,2064,1569,812,0
101,18,1507,2064,2424,1961,0
101,19,1507,2064,608,1259,0
101,20,1507,2064,192,2342,0
101,21,1507,2064,2422,1595,0
101,22,1507,2064,2722,1804,0
101,23,1507,2064,758,652,0
101,24,1507,2064,2169,2647,0
101,25,1507,2064,48,2991,0
101,26,1507,2064,1766,2358,0
101,27,1507,2064,1735,1517,0
101,28,1507,2064,2661,1773,0
101,29,1507,2064,1563,1335,0
101,30,1507,2064,2769,1586,0
101,31,1507,2064,1591,376,0
101,32,1507,2064,635,1666,0
101,33,1507,2064,2292,1709,0
101,34,1507,2064,1578,1883,0
101,35,1507,2064,2704,1270,0
101,36,1507,2064,828,1169,0
101,37,1507,2064,1910,637,0
101,38,1507,2064,652,2960,0
101,39,1507,2064,1942,2679,0
101,40,1507,2064,1988,920,0
101,41,1507,2064,965,1686,0
101,42,1507,2064,1232,1238,0
101,43,1507,2064,1594,2306,0
101,44,1507,2064,1777,694,0
101,45,1507,2064,2160,1907,0
101,46,1507,2064,2318,2824,0
101,47,1507,2064,155,1778,0
101,48,1507,2064,2364,509,0
101,49,1507,2064,2385,1990,0
101,50,1507,2064,907,2812,0
101,51,1507,2064,645,1169,0
101,52,1507,2064,1928,970,0
101,53,1507,2064,976,2073,0
101,54,1507,2064,2932,2921,0
101,55,1507,2064,2813,381,0
101,56,1507,2064,710,2734,0
101,57,1507,2064,691,1856,0
101,58,1507,2064,1104,657,0
101,59,1507,2064,326,295,0
101,60,1507,2064,2355,1634,0
101,61,1507,2064,981,1913,0
101,62,1507,2064,1569,1249,0
101,63,1507,2064,526,2411,0
101,64,1507,2064,234,659,0
101,65,1507,2064,282,145,0
101,66,1507,2064,2277,2466,0
101,67,1507,2064,869,213,0
101,68,1507,2064,382,2709,0
101,69,1507,2064,370,2819,0
101,70,1507,2064,1897,1399,0
101,71,1507,2064,2867,2702,0
101,72,1507,2064,2660,1168,0
101,73,1507,2064,51,572,0
101,74,1507,2064,2959,2364,0
101,75,1507,2064,220,1332,0
101,76,1507,2064,1764,2646,0
101,77,1507,2064,2399,2358,0
101,78,1507,2064,628,898,0
101,79,1507,2064,1998,2018,0
101,80,1507,2064,485,796,0
101,81,1507,2064,11,2314,0
101,82,1507,2064,55,2348,0
101,83,1507,2064,2951,586,0
101,84,1507,2064,972,630,0
101,85,1507,2064,2272,663,0
101,86,1507,2064,2187,1884,0
101,87,1507,2064,835,2771,0
101,88,1507,2064,1205,1326,0
101,89,1507,2064,1932,616,0
101,90,1507,2064,1276,50,0
101,91,1507,2064,1968,2093,0
101,92,1507,2064,834,1683,0
101,93,1507,2064,1092,318,0
101,94,1507,2064,1408,102,0
101,95,1507,2064,1162,1463,0
101,96,1507,2064,2454,81,0
101,97,1507,2064,1027,1503,0
101,98,1507,2064,328,2685,0
101,99,1507,2064,1047,1127,0
101,100,1507,2064,2376,2097,0
101,102,1507,2064,1735,1517,0
101,103,1507,2064,2111,103,0
101,104,1507,2064,21,329,0
101,105,1507,2064,2868,849,0
101,106,1507,2064,1471,167,0
101,107,1507,2064,2373,783,0
101,108,1507,2064,2621,1680,0
101,109,1507,2064,170,2120,0
101,110,1507,2064,2377,1545,0
101,111,1507,2064,910,2380,0
101,112,1507,2064,1661,2195,0
101,113,1507,2064,2991,2168,0
101,114,1507,2064,546,1098,0
101,115,1507,2064,1623,2891,0
101,116,1507,2064,869,1014,0
101,117,1507,2064,2629,835,0
101,118,1507,2064,451,822,0
101,119,1507,2064,1715,636,0
101,120,1507,2064,1598,516,0
101,121,1507,2064,611,1374,0
101,122,1507,2064,573,26,0
101,123,1507,2064,2071,2923,0
101,124,1507,2064,51,271,0
101,125,1507,2064,875,769,0
101,126,1507,2064,152,2740,0
101,127,1507,2064,1986,213,0
101,128,1507,2064,1386,1070,0
101,129,1507,2064,2517,1148,0
101,130,1507,2064,1211,24,0
101,131,1507,2064,2910,1043,0
101,132,1507,2064,2000,1243,0
102,0,1735,1517,1768,2264,0
102,1,1735,1517,2913,2734,0
102,2,1735,1517,1215,1942,0
102,3,1735,1517,2051,1971,0
102,4,1735,1517,160,1001,0
102,5,1735,1517,593,821,0
102,6,1735,1517,2145,2101,0
102,7,1735,1517,278,1608,0
102,8,1735,1517,1945,1818,0
102,9,1735,1517,1634,1385,0
102,10,1735,1517,1218,2354,0
102,11,1735,1517,1358,761,0
102,12,1735,1517,2639,274,0
102,13,1735,1517,941,2731,0
102,14,1735,1517,720,403,0
102,15,1735,1517,1392,2291,0
102,16,1735,1517,1876,1945,0
102,17,1735,1517,1569,812,0
102,18,1735,1517,2424,1961,0
102,19,1735,1517,608,1259,0
102,20,1735,1517,192,2342,0
102,21,1735,1517,2422,1595,0
102,22,1735,1517,2722,1804,0
102,23,1735,1517,758,652,0
102,24,1735,1517,2169,2647,0
102,25,1735,1517,48,2991,0
102,26,1735,1517,1766,2358,0
102,27,1735,1517,1735,1517,1
102,28,1735,1517,2661,1773,0
102,29,1735,1517,1563,1335,0
102,30,1735,1517,2769,1586,0
102,31,1735,1517,1591,376,0
102,32,1735,1517,635,1666,0
102,33,1735,1517,2292,1709,0
102,34,1735,1517,1578,1883,0
102,35,1735,1517,2704,1270,0
102,36,1735,1517,828,1169,0
102,37,1735,1517,1910,637,0
102,38,1735,1517,652,2960,0
102,39,1735,1517,1942,2679,0
102,40,1735,1517,1988,920,0
102,41,1735,1517,965,1686,0
102,42,1735,1517,1232,1238,0
102,43,1735,1517,1594,2306,0
102,44,1735,1517,1777,694,0
102,45,1735,1517,2160,1907,0
102,46,1735,1517,2318,2824,0
102,47,1735,1517,155,1778,0
102,48,1735,1517,2364,509,0
102,49,1735,1517,2385,1990,0
102,50,1735,1517,907,2812,0
102,51,1735,1517,645,1169,0
102,52,1735,1517,1928,970,0
102,53,1735,1517,976,2073,0
102,54,1735,1517,2932,2921,0
102,55,1735,1517,2813,381,0
102,56,1735,1517,710,2734,0
102,57,1735,1517,691,1856,0
102,58,1735,1517,1104,657,0
102,59,1735,1517,326,295,0
102,60,1735,1517,2355,1634,0
102,61,1735,1517,981,1913,0
102,62,1735,1517,1569,1249,0
102,63,1735,1517,526,2411,0
102,64,1735,1517,234,659,0
102,65,1735,1517,282,145,0
102,66,1735,1517,2277,2466,0
102,67,1735,1517,869,213,0
102,68,1735,1517,382,2709,0
102,69,1735,1517,370,2819,0
102,70,1735,1517,1897,1399,0
102,71,1735,1517,2867,2702,0
102,72,1735,1517,2660,1168,0
102,73,1735,1517,51,572,0
102,74,1735,1517,2959,2364,0
102,75,1735,1517,220,1332,0
102,76,1735,1517,1764,2646,0
102,77,1735,1517,2399,2358,0
102,78,1735,1517,628,898,0
102,79,1735,1517,1998,2018,0
102,80,1735,1517,485,796,0
102,81,1735,1517,11,2314,0
102,82,1735,1517,55,2348,0
102,83,1735,1517,2951,586,0
102,84,1735,1517,972,630,0
102,85,1735,1517,2272,663,0
102,86,1735,1517,2187,1884,0
102,87,1735,1517,835,2771,0
102,88,1735,1517,1205,1326,0
102,89,1735,1517,1932,616,0
102,90,1735,1517,1276,50,0
102,91,1735,1517,1968,2093,0
102,92,1735,1517,834,1683,0
102,93,1735,1517,1092,318,0
102,94,1735,1517,1408,102,0
102,95,1735,1517,1162,1463,0
102,96,1735,1517,2454,81,0
102,97,1735,1517,1027,1503,0
102,98,1735,1517,328,2685,0
102,99,1735,1517,1047,1127,0
102,100,1735,1517,2376,2097,0
102,101,1735,1517,1507,2064,0
102,103,1735,1517,2111,103,0
102,104,1735,1517,21,329,0
102,105,1735,1517,2868,849,0
102,106,1735,1517,1471,167,0
102,107,1735,1517,2373,783,0
102,108,1735,1517,2621,1680,0
102,109,1735,1517,170,2120,0
102,110,1735,1517,2377,1545,0
102,111,1735,1517,910,2380,0
102,112,1735,1517,1661,2195,0
102,113,1735,1517,2991,2168,0
102,114,1735,1517,546,1098,0
102,115,1735,1517,1623,2891,0
102,116,1735,1517,869,1014,0
102,117,1735,1517,2629,835,0
102,118,1735,1517,451,822,0
102,119,1735,1517,1715,636,0
102,120,1735,1517,1598,516,0
102,121,1735,1517,611,1374,0
102,122,1735,1517,573,26,0
102,123,1735,1517,2071,2923,0
102,124,1735,1517,51,271,0
102,125,1735,1517,875,769,0
102,126,1735,1517,152,2740,0
102,127,1735,1517,1986,213,0
102,128,1735,1517,1386,1070,0
102,129,1735,1517,2517,1148,0
102,130,1735,1517,1211,24,0
102,131,1735,1517,2910,1043,0
102,132,1735,1517,2000,1243,0
103,0,2111,103,1768,2264,0
103,1,2111,103,2913,2734,0
103,2,2111,103,1215,1942,0
103,3,2111,103,2051,1971,0
103,4,2111,103,160,1001,0
103,5,2111,103,593,821,0
103,6,2111,103,2145,2101,0
103,7,2111,103,278,1608,0
103,8,2111,103,1945,1818,0
103,9,2111,103,1634,1385,0
103,10,2111,103,1218,2354,0
103,11,2111,103,1358,761,0
103,12,2111,103,2639,274,0
103,13,2111,103,941,2731,0
103,14,2111,103,720,403,0
103,15,2111,103,1392,2291,0
103,16,2111,103,1876,1945,0
103,17,2111,103,1569,812,0
103,18,2111,103,2424,1961,0
103,19,2111,103,608,1259,0
103,20,2111,103,192,2342,0
103,21,2111,103,2422,1595,0
103,22,2111,103,2722,1804,0
103,23,2111,103,758,652,0
103,24,2111,103,2169,2647,0
103,25,2111,103,48,2991,0
103,26,2111,103,1766,2358,0
103,27,2111,103,1735,1517,0
103,28,2111,103,2661,1773,0
103,29,2111,103,1563,1335,0
103,30,2111,103,2769,1586,0
103,31,2111,103,1591,376,0
103,32,2111,103,635,1666,0
103,33,2111,103,2292,1709,0
103,34,2111,103,1578,1883,0
103,35,2111,103,2704,1270,0
103,36,2111,103,828,1169,0
103,37,2111,103,1910,637,0
103,38,2111,103,652,2960,0
103,39,2111,103,1942,2679,0
103,40,2111,103,1988,920,0
103,41,2111,103,965,1686,0
103,42,2111,103,1232,1238,0
103,43,2111,103,1594,2306,0
103,44,2111,103,1777,694,0
103,45,2111,103,2160,1907,0
103,46,2111,103,2318,2824,0
103,47,2111,103,155,1778,0
103,48,2111,103,2364,509,0
103,49,2111,103,2385,1990,0
103,50,2111,103,907,2812,0
103,51,2111,103,645,1169,0
103,52,2111,103,1928,970,0
103,53,2111,103,976,2073,0
103,54,2111,103,2932,2921,0
103,55,2111,103,2813,381,0
103,56,2111,103,710,2734,0
103,57,2111,103,691,1856,0
103,58,2111,103,1104,657,0
103,59,2111,103,326,295,0
103,60,2111,103,2355,1634,0
103,61,2111,103,981,1913,0
103,62,2111,103,1569,1249,0
103,63,2111,103,526,2411,0
103,64,2111,103,234,659,0
103,65,2111,103,282,145,0
103,66,2111,103,2277,2466,0
103,67,2111,103,869,213,0
103,68,2111,103,382,2709,0
103,69,2111,103,370,2819,0
103,70,2111,103,1897,1399,0
103,71,2111,103,2867,2702,0
103,72,2111,103,2660,1168,0
103,73,2111,103,51,572,0
103,74,2111,103,2959,2364,0
103,75,2111,103,220,1332,0
103,76,2111,103,1764,2646,0
103,77,2111,103,2399,2358,0
103,78,2111,103,628,898,0
103,79,2111,103,1998,2018,0
103,80,2111,103,485,796,0
103,81,2111,103,11,2314,0
103,82,2111,103,55,2348,0
103,83,2111,103,2951,586,0
103,84,2111,103,972,630,0
103,85,2111,103,2272,663,0
103,86,2111,103,2187,1884,0
103,87,2111,103,835,2771,0
103,88,2111,103,1205,1326,0
103,89,2111,103,1932,616,0
103,90,2111,103,1276,50,0
103,91,2111,103,1968,2093,0
103,92,2111,103,834,1683,0
103,93,2111,103,1092,318,0
103,94,2111,103,1408,102,0
103,95,2111,103,1162,1463,0
103,96,2111,103,2454,81,0
103,97,2111,103,1027,1503,0
103,98,2111,103,328,2685,0
103,99,2111,103,1047,1127,0
103,100,2111,103,2376,2097,0
103,101,2111,103,1507,2064,0
103,102,2111,103,1735,1517,0
103,104,2111,103,21,329,0
103,105,2111,103,2868,849,0
103,106,2111,103,1471,167,0
103,107,2111,103,2373,783,0
103,108,2111,103,2621,1680,0
103,109,2111,103,170,2120,0
103,110,2111,103,2377,1545,0
103,111,2111,103,910,2380,0
103,112,2111,103,1661,2195,0
103,113,2111,103,2991,2168,0
103,114,2111,103,546,1098,0
103,115,2111,103,1623,2891,0
103,116,2111,103,869,1014,0
103,117,2111,103,2629,835,0
103,118,2111,103,451,822,0
103,119,2111,103,1715,636,0
103,120,2111,103,1598,516,0
103,121,2111,103,611,1374,0
103,122,2111,103,573,26,0
103,123,2111,103,2071,2923,0
103,124,2111,103,51,271,0
103,125,2111,103,875,769,0
103,126,2111,103,152,2740,0
103,127,2111,103,1986,213,1
103,128,2111,103,1386,1070,0
103,129,2111,103,2517,1148,0
103,130,2111,103,1211,24,0
103,131,2111,103,2910,1043,0
103,132,2111,103,2000,1243,0
104,0,21,329,1768,2264,0
104,1,21,329,2913,2734,0
104,2,21,329,1215,1942,0
104,3,21,329,2051,1971,0
104,4,21,329,160,1001,0
104,5,21,329,593,821,0
104,6,21,329,2145,2101,0
104,7,21,329,278,1608,0
104,8,21,329,1945,1818,0
104,9,21,329,1634,1385,0
104,10,21,329,1218,2354,0
104,11,21,329,1358,761,0
104,12,21,329,2639,274,0
104,13,21,329,941,2731,0
104,14,21,329,720,403,0
104,15,21,329,1392,2291,0
104,16,21,329,1876,1945,0
104,17,21,329,1569,812,0
104,18,21,329,2424,1961,0
104,19,21,329,608,1259,0
104,20,21,329,192,2342,0
104,21,21,329,2422,1595,0
104,22,21,329,2722,1804,0
104,23,21,329,758,652,0
104,24,21,329,2169,2647,0
104,25,21,329,48,2991,0
104,26,21,329,1766,2358,0
104,27,21,329,1735,1517,0
104,28,21,329,2661,1773,0
104,29,21,329,1563,1335,0
104,30,21,329,2769,1586,0
104,31,21,329,1591,376,0
104,32,21,329,635,1666,0
104,33,21,329,2292,1709,0
104,34,21,329,1578,1883,0
104,35,21,329,2704,1270,0
104,36,21,329,828,1169,0
104,37,21,329,1910,637,0
104,38,21,329,652,2960,0
104,39,21,329,1942,2679,0
104,40,21,329,1988,920,0
104,41,21,329,965,1686,0
104,42,21,329,1232,1238,0
104,43,21,329,1594,2306,0
104,44,21,329,1777,694,0
104,45,21,329,2160,1907,0
104,46,21,329,2318,2824,0
104,47,21,329,155,1778,0
104,48,21,329,2364,509,0
104,49,21,329,2385,1990,0
104,50,21,329,907,2812,0
104,51,21,329,645,1169,0
104,52,21,329,1928,970,0
104,53,21,329,976,2073,0
104,54,21,329,2932,2921,0
104,55,21,329,2813,381,0
104,56,21,329,710,2734,0
104,57,21,329,691,1856,0
104,58,21,329,1104,657,0
104,59,21,329,326,295,0
104,60,21,329,2355,1634,0
104,61,21,329,981,1913,0
104,62,21,329,1569,1249,0
104,63,21,329,526,2411,0
104,64,21,329,234,659,0
104,65,21,329,282,145,0
104,66,21,329,2277,2466,0
104,67,21,329,869,213,0
104,68,21,329,382,2709,0
104,69,21,329,370,2819,0
104,70,21,329,1897,1399,0
104,71,21,329,2867,2702,0
104,72,21,329,2660,1168,0
104,73,21,329,51,572,1
104,74,21,329,2959,2364,0
104,75,21,329,220,1332,0
104,76,21,329,1764,2646,0
104,77,21,329,2399,2358,0
104,78,21,329,628,898,0
104,79,21,329,1998,2018,0
104,80,21,329,485,796,0
104,81,21,329,11,2314,0
104,82,21,329,55,2348,0
104,83,21,329,2951,586,0
104,84,21,329,972,630,0
104,85,21,329,2272,663,0
104,86,21,329,2187,1884,0
104,87,21,329,835,2771,0
104,88,21,329,1205,1326,0
104,89,21,329,1932,616,0
104,90,21,329,1276,50,0
104,91,21,329,1968,2093,0
104,92,21,329,834,1683,0
104,93,21,329,1092,318,0
104,94,21,329,1408,102,0
104,95,21,329,1162,1463,0
104,96,21,329,2454,81,0
104,97,21,329,1027,1503,0
104,98,21,329,328,2685,0
104,99,21,329,1047,1127,0
104,100,21,329,2376,2097,0
104,101,21,329,1507,2064,0
104,102,21,329,1735,1517,0
104,103,21,329,2111,103,0
104,105,21,329,2868,849,0
104,106,21,329,1471,167,0
104,107,21,329,2373,783,0
104,108,21,329,2621,1680,0
104,109,21,329,170,2120,0
104,110,21,329,2377,1545,0
104,111,21,329,910,2380,0
104,112,21,329,1661,2195,0
104,113,21,329,2991,2168,0
104,114,21,329,546,1098,0
104,115,21,329,1623,2891,0
104,116,21,329,869,1014,0
104,117,21,329,2629,835,0
104,118,21,329,451,822,0
104,119,21,329,1715,636,0
104,120,21,329,1598,516,0
104,121,21,329,611,1374,0
104,122,21,329,573,26,0
104,123,21,329,2071,2923,0
104,124,21,329,51,271,0
104,125,21,329,875,769,0
104,126,21,329,152,2740,0
104,127,21,329,1986,213,0
104,128,21,329,1386,1070,0
104,129,21,329,2517,1148,0
104,130,21,329,1211,24,0
104,131,21,329,2910,1043,0
104,132,21,329,2000,1243,0
105,0,2868,849,1768,2264,0
105,1,2868,849,2913,2734,0
105,2,2868,849,1215,1942,0
105,3,2868,849,2051,1971,0
105,4,2868,849,160,1001,0
105,5,2868,849,593,821,0
105,6,2868,849,2145,2101,0
105,7,2868,849,278,1608,0
105,8,2868,849,1945,1818,0
105,9,2868,849,1634,1385,0
105,10,2868,849,1218,2354,0
105,11,2868,849,1358,761,0
105,12,2868,849,2639,274,0
105,13,2868,849,941,2731,0
105,14,2868,849,720,403,0
105,15,2868,849,1392,2291,0
105,16,2868,849,1876,1945,0
105,17,2868,849,1569,812,0
105,18,2868,849,2424,1961,0
105,19,2868,849,608,1259,0
105,20,2868,849,192,2342,0
105,21,2868,849,2422,1595,0
105,22,2868,849,2722,1804,0
105,23,2868,849,758,652,0
105,24,2868,849,2169,2647,0
105,25,2868,849,48,2991,0
105,26,2868,849,1766,2358,0
105,27,2868,849,1735,1517,0
105,28,2868,849,2661,1773,0
105,29,2868,849,1563,1335,0
105,30,2868,849,2769,1586,0
105,31,2868,849,1591,376,0
105,32,2868,849,635,1666,0
105,33,2868,849,2292,1709,0
105,34,2868,849,1578,1883,0
105,35,2868,849,2704,1270,0
105,36,2868,849,828,1169,0
105,37,2868,849,1910,637,0
105,38,2868,849,652,2960,0
105,39,2868,849,1942,2679,0
105,40,2868,849,1988,920,0
105,41,2868,849,965,1686,0
105,42,2868,849,1232,1238,0
105,43,2868,849,1594,2306,0
105,44,2868,849,1777,694,0
105,45,2868,849,2160,1907,0
105,46,2868,849,2318,2824,0
105,47,2868,849,155,1778,0
105,48,2868,849,2364,509,0
105,49,2868,849,2385,1990,0
105,50,2868,849,907,2812,0
105,51,2868,849,645,1169,0
105,52,2868,849,1928,970,0
105,53,2868,849,976,2073,0
105,54,2868,849,2932,2921,0
105,55,2868,849,2813,381,0
105,56,2868,849,710,2734,0
105,57,2868,849,691,1856,0
105,58,2868,849,1104,657,0
105,59,2868,849,326,295,0
105,60,2868,849,2355,1634,0
105,61,2868,849,981,1913,0
105,62,2868,849,1569,1249,0
105,63,2868,849,526,2411,0
105,64,2868,849,234,659,0
105,65,2868,849,282,145,0
105,66,2868,849,2277,2466,0
105,67,2868,849,869,213,0
105,68,2868,849,382,2709,0
105,69,2868,849,370,2819,0
105,70,2868,849,1897,1399,0
105,71,2868,849,2867,2702,0
105,72,2868,849,2660,1168,0
105,73,2868,849,51,572,0
105,74,2868,849,2959,2364,0
105,75,2868,849,220,1332,0
105,76,2868,849,1764,2646,0
105,77,2868,849,2399,2358,0
105,78,2868,849,628,898,0
105,79,2868,849,1998,2018,0
105,80,2868,849,485,796,0
105,81,2868,849,11,2314,0
105,82,2868,849,55,2348,0
105,83,2868,849,2951,586,1
105,84,2868,849,972,630,0
105,85,2868,849,2272,663,0
105,86,2868,849,2187,1884,0
105,87,2868,849,835,2771,0
105,88,2868,849,1205,1326,0
105,89,2868,849,1932,616,0
105,90,2868,849,1276,50,0
105,91,2868,849,1968,2093,0
105,92,2868,849,834,1683,0
105,93,2868,849,1092,318,0
105,94,2868,849,1408,102,0
105,95,2868,849,1162,1463,0
105,96,2868,849,2454,81,0
105,97,2868,849,1027,1503,0
105,98,2868,849,328,2685,0
105,99,2868,849,1047,1127,0
105,100,2868,849,2376,2097,0
105,101,2868,849,1507,2064,0
105,102,2868,849,1735,1517,0
105,103,2868,849,2111,103,0
105,104,2868,849,21,329,0
105,106,2868,849,1471,167,0
105,107,2868,849,2373,783,0
105,108,2868,849,2621,1680,0
105,109,2868,849,170,2120,0
105,110,2868,849,2377,1545,0
105,111,2868,849,910,2380,0
105,112,2868,849,1661,2195,0
105,113,2868,849,2991,2168,0
105,114,2868,849,546,1098,0
105,115,2868,849,1623,2891,0
105,116,2868,849,869,1014,0
105,117,2868,849,2629,835,0
105,118,2868,849,451,822,0
105,119,2868,849,1715,636,0
105,120,2868,849,1598,516,0
105,121,2868,849,611,1374,0
105,122,2868,849,573,26,0
105,123,2868,849,2071,2923,0
105,124,2868,849,51,271,0
105,125,2868,849,875,769,0
105,126,2868,849,152,2740,0
105,127,2868,849,1986,213,0
105,128,2868,849,1386,1070,0
105,129,2868,849,2517,1148,0
105,130,2868,849,1211,24,0
105,131,2868,849,2910,1043,0
105,132,2868,849,2000,1243,0
106,0,1471,167,1768,2264,0
106,1,1471,167,2913,2734,0
106,2,1471,167,1215,1942,0
106,3,1471,167,2051,1971,0
106,4,1471,167,160,1001,0
106,5,1471,167,593,821,0
106,6,1471,167,2145,2101,0
106,7,1471,167,278,1608,0
106,8,1471,167,1945,1818,0
106,9,1471,167,1634,1385,0
106,10,1471,167,1218,2354,0
106,11,1471,167,1358,761,0
106,12,1471,167,2639,274,0
106,13,1471,167,941,2731,0
106,14,1471,167,720,403,0
106,15,1471,167,1392,2291,0
106,16,1471,167,1876,1945,0
106,17,1471,167,1569,812,0
106,18,1471,167,2424,1961,0
106,19,1471,167,608,1259,0
106,20,1471,167,192,2342,0
106,21,1471,167,2422,1595,0
106,22,1471,167,2722,1804,0
106,23,1471,167,758,652,0
106,24,1471,167,2169,2647,0
106,25,1471,167,48,2991,0
106,26,1471,167,1766,2358,0
106,27,1471,167,1735,1517,0
106,28,1471,167,2661,1773,0
106,29,1471,167,1563,1335,0
106,30,1471,167,2769,1586,0
106,31,1471,167,1591,376,0
106,32,1471,167,635,1666,0
106,33,1471,167,2292,1709,0
106,34,1471,167,1578,1883,0
106,35,1471,167,2704,1270,0
106,36,1471,167,828,1169,0
106,37,1471,167,1910,637,0
106,38,1471,167,652,2960,0
106,39,1471,167,1942,2679,0
106,40,1471,167,1988,920,0
106,41,1471,167,965,1686,0
106,42,1471,167,1232,1238,0
106,43,1471,167,1594,2306,0
106,44,1471,167,1777,694,0
106,45,1471,167,2160,1907,0
106,46,1471,167,2318,2824,0
106,47,1471,167,155,1778,0
106,48,1471,167,2364,509,0
106,49,1471,167,2385,1990,0
106,50,1471,167,907,2812,0
106,51,1471,167,645,1169,0
106,52,1471,167,1928,970,0
106,53,1471,167,976,2073,0
106,54,1471,167,2932,2921,0
106,55,1471,167,2813,381,0
106,56,1471,167,710,2734,0
106,57,1471,167,691,1856,0
106,58,1471,167,1104,657,0
106,59,1471,167,326,295,0
106,60,1471,167,2355,1634,0
106,61,1471,167,981,1913,0
106,62,1471,167,1569,1249,0
106,63,1471,167,526,2411,0
106,64,1471,167,234,659,0
106,65,1471,167,282,145,0
106,66,1471,167,2277,2466,0
106,67,1471,167,869,213,0
106,68,1471,167,382,2709,0
106,69,1471,167,370,2819,0
106,70,1471,167,1897,1399,0
106,71,1471,167,2867,2702,0
106,72,1471,167,2660,1168,0
106,73,1471,167,51,572,0
106,74,1471,167,2959,2364,0
106,75,1471,167,220,1332,0
106,76,1471,167,1764,2646,0
106,77,1471,167,2399,2358,0
106,78,1471,167,628,898,0
106,79,1471,167,1998,2018,0
106,80,1471,167,485,796,0
106,81,1471,167,11,2314,0
106,82,1471,167,55,2348,0
106,83,1471,167,2951,586,0
106,84,1471,167,972,630,0
106,85,1471,167,2272,663,0
106,86,1471,167,2187,1884,0
106,87,1471,167,835,2771,0
106,88,1471,167,1205,1326,0
106,89,1471,167,1932,616,0
106,90,1471,167,1276,50,0
106,91,1471,167,1968,2093,0
106,92,1471,167,834,1683,0
106,93,1471,167,1092,318,0
106,94,1471,167,1408,102,1
106,95,1471,167,1162,1463,0
106,96,1471,167,2454,81,0
106,97,1471,167,1027,1503,0
106,98,1471,167,328,2685,0
106,99,1471,167,1047,1127,0
106,100,1471,167,2376,2097,0
106,101,1471,167,1507,2064,0
106,102,1471,167,1735,1517,0
106,103,1471,167,2111,103,0
106,104,1471,167,21,329,0
106,105,1471,167,2868,849,0
106,107,1471,167,2373,783,0
106,108,1471,167,2621,1680,0
106,109,1471,167,170,2120,0
106,110,1471,167,2377,1545,0
106,111,1471,167,910,2380,0
106,112,1471,167,1661,2195,0
106,113,1471,167,2991,2168,0
106,114,1471,167,546,1098,0
106,115,1471,167,1623,2891,0
106,116,1471,167,869,1014,0
106,117,1471,167,2629,835,0
106,118,1471,167,451,822,0
106,119,1471,167,1715,636,0
106,120,1471,167,1598,516,0
106,121,1471,167,611,1374,0
106,122,1471,167,573,26,0
106,123,1471,167,2071,2923,0
106,124,1471,167,51,271,0
106,125,1471,167,875,769,0
106,126,1471,167,152,2740,0
106,127,1471,167,1986,213,0
106,128,1471,167,1386,1070,0
106,129,1471,167,2517,1148,0
106,130,1471,167,1211,24,0
106,131,1471,167,2910,1043,0
106,132,1471,167,2000,1243,0
107,0,2373,783,1768,2264,0
107,1,2373,783,2913,2734,0
107,2,2373,783,1215,1942,0
107,3,2373,783,2051,1971,0
107,4,2373,783,160,1001,0
107,5,2373,783,593,821,0
107,6,2373,783,2145,2101,0
107,7,2373,783,278,1608,0
107,8,2373,783,1945,1818,0
107,9,2373,783,1634,1385,0
107,10,2373,783,1218,2354,0
107,11,2373,783,1358,761,0
107,12,2373,783,2639,274,0
107,13,2373,783,941,2731,0
107,14,2373,783,720,403,0
107,15,2373,783,1392,2291,0
107,16,2373,783,1876,1945,0
107,17,2373,783,1569,812,0
107,18,2373,783,2424,1961,0
107,19,2373,783,608,1259,0
107,20,2373,783,192,2342,0
107,21,2373,783,2422,1595,0
107,22,2373,783,2722,1804,0
107,23,2373,783,758,652,0
107,24,2373,783,2169,2647,0
107,25,2373,783,48,2991,0
107,26,2373,783,1766,2358,0
107,27,2373,783,1735,1517,0
107,28,2373,783,2661,1773,0
107,29,2373,783,1563,1335,0
107,30,2373,783,2769,1586,0
107,31,2373,783,1591,376,0
107,32,2373,783,635,1666,0
107,33,2373,783,2292,1709,0
107,34,2373,783,1578,1883,0
107,35,2373,783,2704,1270,0
107,36,2373,783,828,1169,0
107,37,2373,783,1910,637,0
107,38,2373,783,652,2960,0
107,39,2373,783,1942,2679,0
107,40,2373,783,1988,920,0
107,41,2373,783,965,1686,0
107,42,2373,783,1232,1238,0
107,43,2373,783,1594,2306,0
107,44,2373,783,1777,694,0
107,45,2373,783,2160,1907,0
107,46,2373,783,2318,2824,0
107,47,2373,783,155,1778,0
107,48,2373,783,2364,509,0
107,49,2373,783,2385,1990,0
107,50,2373,783,907,2812,0
107,51,2373,783,645,1169,0
107,52,2373,783,1928,970,0
107,53,2373,783,976,2073,0
107,54,2373,783,2932,2921,0
107,55,2373,783,2813,381,0
107,56,2373,783,710,2734,0
107,57,2373,783,691,1856,0
107,58,2373,783,1104,657,0
107,59,2373,783,326,295,0
107,60,2373,783,2355,1634,0
107,61,2373,783,981,1913,0
107,62,2373,783,1569,1249,0
107,63,2373,783,526,2411,0
107,64,2373,783,234,659,0
107,65,2373,783,282,145,0
107,66,2373,783,2277,2466,0
107,67,2373,783,869,213,0
107,68,2373,783,382,2709,0
107,69,2373,783,370,2819,0
107,70,2373,783,1897,1399,0
107,71,2373,783,2867,2702,0
107,72,2373,783,2660,1168,0
107,73,2373,783,51,572,0
107,74,2373,783,2959,2364,0
107,75,2373,783,220,1332,0
107,76,2373,783,1764,2646,0
107,77,2373,783,2399,2358,0
107,78,2373,783,628,898,0
107,79,2373,783,1998,2018,0
107,80,2373,783,485,796,0
107,81,2373,783,11,2314,0
107,82,2373,783,55,2348,0
107,83,2373,783,2951,586,0
107,84,2373,783,972,630,0
107,85,2373,783,2272,663,0
107,86,2373,783,2187,1884,0
107,87,2373,783,835,2771,0
107,88,2373,783,1205,1326,0
107,89,2373,783,1932,616,0
107,90,2373,783,1276,50,0
107,91,2373,783,1968,2093,0
107,92,2373,783,834,1683,0
107,93,2373,783,1092,318,0
107,94,2373,783,1408,102,0
107,95,2373,783,1162,1463,0
107,96,2373,783,2454,81,0
107,97,2373,783,1027,1503,0
107,98,2373,783,328,2685,0
107,99,2373,783,1047,1127,0
107,100,2373,783,2376,2097,0
107,101,2373,783,1507,2064,0
107,102,2373,783,1735,1517,0
107,103,2373,783,2111,103,0
107,104,2373,783,21,329,0
107,105,2373,783,2868,849,0
107,106,2373,783,1471,167,0
107,108,2373,783,2621,1680,0
107,109,2373,783,170,2120,0
107,110,2373,783,2377,1545,0
107,111,2373,783,910,2380,0
107,112,2373,783,1661,2195,0
107,113,2373,783,2991,2168,0
107,114,2373,783,546,1098,0
107,115,2373,783,1623,2891,0
107,116,2373,783,869,1014,0
107,117,2373,783,2629,835,1
107,118,2373,783,451,822,0
107,119,2373,783,1715,636,0
107,120,2373,783,1598,516,0
107,121,2373,783,611,1374,0
107,122,2373,783,573,26,0
107,123,2373,783,2071,2923,0
107,124,2373,783,51,271,0
107,125,2373,783,875,769,0
107,126,2373,783,152,2740,0
107,127,2373,783,1986,213,0
107,128,2373,783,1386,1070,0
107,129,2373,783,2517,1148,0
107,130,2373,783,1211,24,0
107,131,2373,783,2910,1043,0
107,132,2373,783,2000,1243,0
108,0,2621,1680,1768,2264,0
108,1,2621,1680,2913,2734,0
108,2,2621,1680,1215,1942,0
108,3,2621,1680,2051,1971,0
108,4,2621,1680,160,1001,0
108,5,2621,1680,593,821,0
108,6,2621,1680,2145,2101,0
108,7,2621,1680,278,1608,0
108,8,2621,1680,1945,1818,0
108,9,2621,1680,1634,1385,0
108,10,2621,1680,1218,2354,0
108,11,2621,1680,1358,761,0
108,12,2621,1680,2639,274,0
108,13,2621,1680,941,2731,0
108,14,2621,1680,720,403,0
108,15,2621,1680,1392,2291,0
108,16,2621,1680,1876,1945,0
108,17,2621,1680,1569,812,0
108,18,2621,1680,2424,1961,0
108,19,2621,1680,608,1259,0
108,20,2621,1680,192,2342,0
108,21,2621,1680,2422,1595,1
108,22,2621,1680,2722,1804,0
108,23,2621,1680,758,652,0
108,24,2621,1680,2169,2647,0
108,25,2621,1680,48,2991,0
108,26,2621,1680,1766,2358,0
108,27,2621,1680,1735,1517,0
108,28,2621,1680,2661,1773,0
108,29,2621,1680,1563,1335,0
108,30,2621,1680,2769,1586,0
108,31,2621,1680,1591,376,0
108,32,2621,1680,635,1666,0
108,33,2621,1680,2292,1709,0
108,34,2621,1680,1578,1883,0
108,35,2621,1680,2704,1270,0
108,36,2621,1680,828,1169,0
108,37,2621,1680,1910,637,0
108,38,2621,1680,652,2960,0
108,39,2621,1680,1942,2679,0
108,40,2621,1680,1988,920,0
108,41,2621,1680,965,1686,0
108,42,2621,1680,1232,1238,0
108,43,2621,1680,1594,2306,0
108,44,2621,1680,1777,694,0
108,45,2621,1680,2160,1907,0
108,46,2621,1680,2318,2824,0
108,47,2621,1680,155,1778,0
108,48,2621,1680,2364,509,0
108,49,2621,1680,2385,1990,0
108,50,2621,1680,907,2812,0
108,51,2621,1680,645,1169,0
108,52,2621,1680,1928,970,0
108,53,2621,1680,976,2073,0
108,54,2621,1680,2932,2921,0
108,55,2621,1680,2813,381,0
108,56,2621,1680,710,2734,0
108,57,2621,1680,691,1856,0
108,58,2621,1680,1104,657,0
108,59,2621,1680,326,295,0
108,60,2621,1680,2355,1634,0
108,61,2621,1680,981,1913,0
108,62,2621,1680,1569,1249,0
108,63,2621,1680,526,2411,0
108,64,2621,1680,234,659,0
108,65,2621,1680,282,145,0
108,66,2621,1680,2277,2466,0
108,67,2621,1680,869,213,0
108,68,2621,1680,382,2709,0
108,69,2621,1680,370,2819,0
108,70,2621,1680,1897,1399,0
108,71,2621,1680,2867,2702,0
108,72,2621,1680,2660,1168,0
108,73,2621,1680,51,572,0
108,74,2621,1680,2959,2364,0
108,75,2621,1680,220,1332,0
108,76,2621,1680,1764,2646,0
108,77,2621,1680,2399,2358,0
108,78,2621,1680,628,898,0
108,79,2621,1680,1998,2018,0
108,80,2621,1680,485,796,0
108,81,2621,1680,11,2314,0
108,82,2621,1680,55,2348,0
108,83,2621,1680,2951,586,0
108,84,2621,1680,972,630,0
108,85,2621,1680,2272,663,0
108,86,2621,1680,2187,1884,0
108,87,2621,1680,835,2771,0
108,88,2621,1680,1205,1326,0
108,89,2621,1680,1932,616,0
108,90,2621,1680,1276,50,0
108,91,2621,1680,1968,2093,0
108,92,2621,1680,834,1683,0
108,93,2621,1680,1092,318,0
108,94,2621,1680,1408,102,0
108,95,2621,1680,1162,1463,0
108,96,2621,1680,2454,81,0
108,97,2621,1680,1027,1503,0
108,98,2621,1680,328,2685,0
108,99,2621,1680,1047,1127,0
108,100,2621,1680,2376,2097,0
108,101,2621,1680,1507,2064,0
108,102,2621,1680,1735,1517,0
108,103,2621,1680,2111,103,0
108,104,2621,1680,21,329,0
108,105,2621,1680,2868,849,0
108,106,2621,1680,1471,167,0
108,107,2621,1680,2373,783,0
108,109,2621,1680,170,2120,0
108,110,2621,1680,2377,1545,0
108,111,2621,1680,910,2380,0
108,112,2621,1680,1661,2195,0
108,113,2621,1680,2991,2168,0
108,114,2621,1680,546,1098,0
108,115,2621,1680,1623,2891,0
108,116,2621,1680,869,1014,0
108,117,2621,1680,2629,835,0
108,118,2621,1680,451,822,0
108,119,2621,1680,1715,636,0
108,120,2621,1680,1598,516,0
108,121,2621,1680,611,1374,0
108,122,2621,1680,573,26,0
108,123,2621,1680,2071,2923,0
108,124,2621,1680,51,271,0
108,125,2621,1680,875,769,0
108,126,2621,1680,152,2740,0
108,127,2621,1680,1986,213,0
108,128,2621,1680,1386,1070,0
108,129,2621,1680,2517,1148,0
108,130,2621,1680,1211,24,0
108,131,2621,1680,2910,1043,0
108,132,2621,1680,2000,1243,0
109,0,170,2120,1768,2264,0
109,1,170,2120,2913,2734,0
109,2,170,2120,1215,1942,0
109,3,170,2120,2051,1971,0
109,4,170,2120,160,1001,0
109,5,170,2120,593,821,0
109,6,170,2120,2145,2101,0
109,7,170,2120,278,1608,0
109,8,170,2120,1945,1818,0
109,9,170,2120,1634,1385,0
109,10,170,2120,1218,2354,0
109,11,170,2120,1358,761,0
109,12,170,2120,2639,274,0
109,13,170,2120,941,2731,0
109,14,170,2120,720,403,0
109,15,170,2120,1392,2291,0
109,16,170,2120,1876,1945,0
109,17,170,2120,1569,812,0
109,18,170,2120,2424,1961,0
109,19,170,2120,608,1259,0
109,20,170,2120,192,2342,0
109,21,170,2120,2422,1595,0
109,22,170,2120,2722,1804,0
109,23,170,2120,758,652,0
109,24,170,2120,2169,2647,0
109,25,170,2120,48,2991,0
109,26,170,2120,1766,2358,0
109,27,170,2120,1735,1517,0
109,28,170,2120,2661,1773,0
109,29,170,2120,1563,1335,0
109,30,170,2120,2769,1586,0
109,31,170,2120,1591,376,0
109,32,170,2120,635,1666,0
109,33,170,2120,2292,1709,0
109,34,170,2120,1578,1883,0
109,35,170,2120,2704,1270,0
109,36,170,2120,828,1169,0
109,37,170,2120,1910,637,0
109,38,170,2120,652,2960,0
109,39,170,2120,1942,2679,0
109,40,170,2120,1988,920,0
109,41,170,2120,965,1686,0
109,42,170,2120,1232,1238,0
109,43,170,2120,1594,2306,0
109,44,170,2120,1777,694,0
109,45,170,2120,2160,1907,0
109,46,170,2120,2318,2824,0
109,47,170,2120,155,1778,0
109,48,170,2120,2364,509,0
109,49,170,2120,2385,1990,0
109,50,170,2120,907,2812,0
109,51,170,2120,645,1169,0
109,52,170,2120,1928,970,0
109,53,170,2120,976,2073,0
109,54,170,2120,2932,2921,0
109,55,170,2120,2813,381,0
109,56,170,2120,710,2734,0
109,57,170,2120,691,1856,0
109,58,170,2120,1104,657,0
109,59,170,2120,326,295,0
109,60,170,2120,2355,1634,0
109,61,170,2120,981,1913,0
109,62,170,2120,1569,1249,0
109,63,170,2120,526,2411,0
109,64,170,2120,234,659,0
109,65,170,2120,282,145,0
109,66,170,2120,2277,2466,0
109,67,170,2120,869,213,0
109,68,170,2120,382,2709,0
109,69,170,2120,370,2819,0
109,70,170,2120,1897,1399,0
109,71,170,2120,2867,2702,0
109,72,170,2120,2660,1168,0
109,73,170,2120,51,572,0
109,74,170,2120,2959,2364,0
109,75,170,2120,220,1332,0
109,76,170,2120,1764,2646,0
109,77,170,2120,2399,2358,0
109,78,170,2120,628,898,0
109,79,170,2120,1998,2018,0
109,80,170,2120,485,796,0
109,81,170,2120,11,2314,1
109,82,170,2120,55,2348,0
109,83,170,2120,2951,586,0
109,84,170,2120,972,630,0
109,85,170,2120,2272,663,0
109,86,170,2120,2187,1884,0
109,87,170,2120,835,2771,0
109,88,170,2120,1205,1326,0
109,89,170,2120,1932,616,0
109,90,170,2120,1276,50,0
109,91,170,2120,1968,2093,0
109,92,170,2120,834,1683,0
109,93,170,2120,1092,318,0
109,94,170,2120,1408,102,0
109,95,170,2120,1162,1463,0
109,96,170,2120,2454,81,0
109,97,170,2120,1027,1503,0
109,98,170,2120,328,2685,0
109,99,170,2120,1047,1127,0
109,100,170,2120,2376,2097,0
109,101,170,2120,1507,2064,0
109,102,170,2120,1735,1517,0
109,103,170,2120,2111,103,0
109,104,170,2120,21,329,0
109,105,170,2120,2868,849,0
109,106,170,2120,1471,167,0
109,107,170,2120,2373,783,0
109,108,170,2120,2621,1680,0
109,110,170,2120,2377,1545,0
109,111,170,2120,910,2380,0
109,112,170,2120,1661,2195,0
109,113,170,2120,2991,2168,0
109,114,170,2120,546,1098,0
109,115,170,2120,1623,2891,0
109,116,170,2120,869,1014,0
109,117,170,2120,2629,835,0
109,118,170,2120,451,822,0
109,119,170,2120,1715,636,0
109,120,170,2120,1598,516,0
109,121,170,2120,611,1374,0
109,122,170,2120,573,26,0
109,123,170,2120,2071,2923,0
109,124,170,2120,51,271,0
109,125,170,2120,875,769,0
109,126,170,2120,152,2740,0
109,127,170,2120,1986,213,0
109,128,170,2120,1386,1070,0
109,129,170,2120,2517,1148,0
109,130,170,2120,1211,24,0
109,131,170,2120,2910,1043,0
109,132,170,2120,2000,1243,0
110,0,2377,1545,1768,2264,0
110,1,2377,1545,2913,2734,0
110,2,2377,1545,1215,1942,0
110,3,2377,1545,2051,1971,0
110,4,2377,1545,160,1001,0
110,5,2377,1545,593,821,0
110,6,2377,1545,2145,2101,0
110,7,2377,1545,278,1608,0
110,8,2377,1545,1945,1818,0
110,9,2377,1545,1634,1385,0
110,10,2377,1545,1218,2354,0
110,11,2377,1545,1358,761,0
110,12,2377,1545,2639,274,0
110,13,2377,1545,941,2731,0
110,14,2377,1545,720,403,0
110,15,2377,1545,1392,2291,0
110,16,2377,1545,1876,1945,0
110,17,2377,1545,1569,812,0
110,18,2377,1545,2424,1961,0
110,19,2377,1545,608,1259,0
110,20,2377,1545,192,2342,0
110,21,2377,1545,2422,1595,0
110,22,2377,1545,2722,1804,0
110,23,2377,1545,758,652,0
110,24,2377,1545,2169,2647,0
110,25,2377,1545,48,2991,0
110,26,2377,1545,1766,2358,0
110,27,2377,1545,1735,1517,0
110,28,2377,1545,2661,1773,0
110,29,2377,1545,1563,1335,0
110,30,2377,1545,2769,1586,0
110,31,2377,1545,1591,376,0
110,32,2377,1545,635,1666,0
110,33,2377,1545,2292,1709,0
110,34,2377,1545,1578,1883,0
110,35,2377,1545,2704,1270,0
110,36,2377,1545,828,1169,0
110,37,2377,1545,1910,637,0
110,38,2377,1545,652,2960,0
110,39,2377,1545,1942,2679,0
110,40,2377,1545,1988,920,0
110,41,2377,1545,965,1686,0
110,42,2377,1545,1232,1238,0
110,43,2377,1545,1594,2306,0
110,44,2377,1545,1777,694,0
110,45,2377,1545,2160,1907,0
110,46,2377,1545,2318,2824,0
110,47,2377,1545,155,1778,0
110,48,2377,1545,2364,509,0
110,49,2377,1545,2385,1990,0
110,50,2377,1545,907,2812,0
110,51,2377,1545,645,1169,0
110,52,2377,1545,1928,970,0
110,53,2377,1545,976,2073,0
110,54,2377,1545,2932,2921,0
110,55,2377,1545,2813,381,0
110,56,2377,1545,710,2734,0
110,57,2377,1545,691,1856,0
110,58,2377,1545,1104,657,0
110,59,2377,1545,326,295,0
110,60,2377,1545,2355,1634,1
110,61,2377,1545,981,1913,0
110,62,2377,1545,1569,1249,0
110,63,2377,1545,526,2411,0
110,64,2377,1545,234,659,0
110,65,2377,1545,282,145,0
110,66,2377,1545,2277,2466,0
110,67,2377,1545,869,213,0
110,68,2377,1545,382,2709,0
110,69,2377,1545,370,2819,0
110,70,2377,1545,1897,1399,0
110,71,2377,1545,2867,2702,0
110,72,2377,1545,2660,1168,0
110,73,2377,1545,51,572,0
110,74,2377,1545,2959,2364,0
110,75,2377,1545,220,1332,0
110,76,2377,1545,1764,2646,0
110,77,2377,1545,2399,2358,0
110,78,2377,1545,628,898,0
110,79,2377,1545,1998,2018,0
110,80,2377,1545,485,796,0
110,81,2377,1545,11,2314,0
110,82,2377,1545,55,2348,0
110,83,2377,1545,2951,586,0
110,84,2377,1545,972,630,0
110,85,2377,1545,2272,663,0
110,86,2377,1545,2187,1884,0
110,87,2377,1545,835,2771,0
110,88,2377,1545,1205,1326,0
110,89,2377,1545,1932,616,0
110,90,2377,1545,1276,50,0
110,91,2377,1545,1968,2093,0
110,92,2377,1545,834,1683,0
110,93,2377,1545,1092,318,0
110,94,2377,1545,1408,102,0
110,95,2377,1545,1162,1463,0
110,96,2377,1545,2454,81,0
110,97,2377,1545,1027,1503,0
110,98,2377,1545,328,2685,0
110,99,2377,1545,1047,1127,0
110,100,2377,1545,2376,2097,0
110,101,2377,1545,1507,2064,0
110,102,2377,1545,1735,1517,0
110,103,2377,1545,2111,103,0
110,104,2377,1545,21,329,0
110,105,2377,1545,2868,849,0
110,106,2377,1545,1471,167,0
110,107,2377,1545,2373,783,0
110,108,2377,1545,2621,1680,0
110,109,2377,1545,170,2120,0
110,111,2377,1545,910,2380,0
110,112,2377,1545,1661,2195,0
110,113,2377,1545,2991,2168,0
110,114,2377,1545,546,1098,0
110,115,2377,1545,1623,2891,0
110,116,2377,1545,869,1014,0
110,117,2377,1545,2629,835,0
110,118,2377,1545,451,822,0
110,119,2377,1545,1715,636,0
110,120,2377,1545,1598,516,0
110,121,2377,1545,611,1374,0
110,122,2377,1545,573,26,0
110,123,2377,1545,2071,2923,0
110,124,2377,1545,51,271,0
110,125,2377,1545,875,769,0
110,126,2377,1545,152,2740,0
110,127,2377,1545,1986,213,0
110,128,2377,1545,1386,1070,0
110,129,2377,1545,2517,1148,0
110,130,2377,1545,1211,24,0
110,131,2377,1545,2910,1043,0
110,132,2377,1545,2000,1243,0
111,0,910,2380,1768,2264,0
111,1,910,2380,2913,2734,0
111,2,910,2380,1215,1942,0
111,3,910,2380,2051,1971,0
111,4,910,2380,160,1001,0
111,5,910,2380,593,821,0
111,6,910,2380,2145,2101,0
111,7,910,2380,278,1608,0
111,8,910,2380,1945,1818,0
111,9,910,2380,1634,1385,0
111,10,910,2380,1218,2354,1
111,11,910,2380,1358,761,0
111,12,910,2380,2639,274,0
111,13,910,2380,941,2731,0
111,14,910,2380,720,403,0
111,15,910,2380,1392,2291,0
111,16,910,2380,1876,1945,0
111,17,910,2380,1569,812,0
111,18,910,2380,2424,1961,0
111,19,910,2380,608,1259,0
111,20,910,2380,192,2342,0
111,21,910,2380,2422,1595,0
111,22,910,2380,2722,1804,0
111,23,910,2380,758,652,0
111,24,910,2380,2169,2647,0
111,25,910,2380,48,2991,0
111,26,910,2380,1766,2358,0
111,27,910,2380,1735,1517,0
111,28,910,2380,2661,1773,0
111,29,910,2380,1563,1335,0
111,30,910,2380,2769,1586,0
111,31,910,2380,1591,376,0
111,32,910,2380,635,1666,0
111,33,910,2380,2292,1709,0
111,34,910,2380,1578,1883,0
111,35,910,2380,2704,1270,0
111,36,910,2380,828,1169,0
111,37,910,2380,1910,637,0
111,38,910,2380,652,2960,0
111,39,910,2380,1942,2679,0
111,40,910,2380,1988,920,0
111,41,910,2380,965,1686,0
111,42,910,2380,1232,1238,0
111,43,910,2380,1594,2306,0
111,44,910,2380,1777,694,0
111,45,910,2380,2160,1907,0
111,46,910,2380,2318,2824,0
111,47,910,2380,155,1778,0
111,48,910,2380,2364,509,0
111,49,910,2380,2385,1990,0
111,50,910,2380,907,2812,0
111,51,910,2380,645,1169,0
111,52,910,2380,1928,970,0
111,53,910,2380,976,2073,0
111,54,910,2380,2932,2921,0
111,55,910,2380,2813,381,0
111,56,910,2380,710,2734,0
111,57,910,2380,691,1856,0
111,58,910,2380,1104,657,0
111,59,910,2380,326,295,0
111,60,910,2380,2355,1634,0
111,61,910,2380,981,1913,0
111,62,910,2380,1569,1249,0
111,63,910,2380,526,2411,0
111,64,910,2380,234,659,0
111,65,910,2380,282,145,0
111,66,910,2380,2277,2466,0
111,67,910,2380,869,213,0
111,68,910,2380,382,2709,0
111,69,910,2380,370,2819,0
111,70,910,2380,1897,1399,0
111,71,910,2380,2867,2702,0
111,72,910,2380,2660,1168,0
111,73,910,2380,51,572,0
111,74,910,2380,2959,2364,0
111,75,910,2380,220,1332,0
111,76,910,2380,1764,2646,0
111,77,910,2380,2399,2358,0
111,78,910,2380,628,898,0
111,79,910,2380,1998,2018,0
111,80,910,2380,485,796,0
111,81,910,2380,11,2314,0
111,82,910,2380,55,2348,0
111,83,910,2380,2951,586,0
111,84,910,2380,972,630,0
111,85,910,2380,2272,663,0
111,86,910,2380,2187,1884,0
111,87,910,2380,835,2771,0
111,88,910,2380,1205,1326,0
111,89,910,2380,1932,616,0
111,90,910,2380,1276,50,0
111,91,910,2380,1968,2093,0
111,92,910,2380,834,1683,0
111,93,910,2380,1092,318,0
111,94,910,2380,1408,102,0
111,95,910,2380,1162,1463,0
111,96,910,2380,2454,81,0
111,97,910,2380,1027,1503,0
111,98,910,2380,328,2685,0
111,99,910,2380,1047,1127,0
111,100,910,2380,2376,2097,0
111,101,910,2380,1507,2064,0
111,102,910,2380,1735,1517,0
111,103,910,2380,2111,103,0
111,104,910,2380,21,329,0
111,105,910,2380,2868,849,0
111,106,910,2380,1471,167,0
111,107,910,2380,2373,783,0
111,108,910,2380,2621,1680,0
111,109,910,2380,170,2120,0
111,110,910,2380,2377,1545,0
111,112,910,2380,1661,2195,0
111,113,910,2380,2991,2168,0
111,114,910,2380,546,1098,0
111,115,910,2380,1623,2891,0
111,116,910,2380,869,1014,0
111,117,910,2380,2629,835,0
111,118,910,2380,451,822,0
111,119,910,2380,1715,636,0
111,120,910,2380,1598,516,0
111,121,910,2380,611,1374,0
111,122,910,2380,573,26,0
111,123,910,2380,2071,2923,0
111,124,910,2380,51,271,0
111,125,910,2380,875,769,0
111,126,910,2380,152,2740,0
111,127,910,2380,1986,213,0
111,128,910,2380,1386,1070,0
111,129,910,2380,2517,1148,0
111,130,910,2380,1211,24,0
111,131,910,2380,2910,1043,0
111,132,910,2380,2000,1243,0
112,0,1661,2195,1768,2264,0
112,1,1661,2195,2913,2734,0
112,2,1661,2195,1215,1942,0
112,3,1661,2195,2051,1971,0
112,4,1661,2195,160,1001,0
112,5,1661,2195,593,821,0
112,6,1661,2195,2145,2101,0
112,7,1661,2195,278,1608,0
112,8,1661,2195,1945,1818,0
112,9,1661,2195,1634,1385,0
112,10,1661,2195,1218,2354,0
112,11,1661,2195,1358,761,0
112,12,1661,2195,2639,274,0
112,13,1661,2195,941,2731,0
112,14,1661,2195,720,403,0
112,15,1661,2195,1392,2291,0
112,16,1661,2195,1876,1945,0
112,17,1661,2195,1569,812,0
112,18,1661,2195,2424,1961,0
112,19,1661,2195,608,1259,0
112,20,1661,2195,192,2342,0
112,21,1661,2195,2422,1595,0
112,22,1661,2195,2722,1804,0
112,23,1661,2195,758,652,0
112,24,1661,2195,2169,2647,0
112,25,1661,2195,48,2991,0
112,26,1661,2195,1766,2358,1
112,27,1661,2195,1735,1517,0
112,28,1661,2195,2661,1773,0
112,29,1661,2195,1563,1335,0
112,30,1661,2195,2769,1586,0
112,31,1661,2195,1591,376,0
112,32,1661,2195,635,1666,0
112,33,1661,2195,2292,1709,0
112,34,1661,2195,1578,1883,0
112,35,1661,2195,2704,1270,0
112,36,1661,2195,828,1169,0
112,37,1661,2195,1910,637,0
112,38,1661,2195,652,2960,0
112,39,1661,2195,1942,2679,0
112,40,1661,2195,1988,920,0
112,41,1661,2195,965,1686,0
112,42,1661,2195,1232,1238,0
112,43,1661,2195,1594,2306,0
112,44,1661,2195,1777,694,0
112,45,1661,2195,2160,1907,0
112,46,1661,2195,2318,2824,0
112,47,1661,2195,155,1778,0
112,48,1661,2195,2364,509,0
112,49,1661,2195,2385,1990,0
112,50,1661,2195,907,2812,0
112,51,1661,2195,645,1169,0
112,52,1661,2195,1928,970,0
112,53,1661,2195,976,2073,0
112,54,1661,2195,2932,2921,0
112,55,1661,2195,2813,381,0
112,56,1661,2195,710,2734,0
112,57,1661,2195,691,1856,0
112,58,1661,2195,1104,657,0
112,59,1661,2195,326,295,0
112,60,1661,2195,2355,1634,0
112,61,1661,2195,981,1913,0
112,62,1661,2195,1569,1249,0
112,63,1661,2195,526,2411,0
112,64,1661,2195,234,659,0
112,65,1661,2195,282,145,0
112,66,1661,2195,2277,2466,0
112,67,1661,2195,869,213,0
112,68,1661,2195,382,2709,0
112,69,1661,2195,370,2819,0
112,70,1661,2195,1897,1399,0
112,71,1661,2195,2867,2702,0
112,72,1661,2195,2660,1168,0
112,73,1661,2195,51,572,0
112,74,1661,2195,2959,2364,0
112,75,1661,2195,220,1332,0
112,76,1661,2195,1764,2646,0
112,77,1661,2195,2399,2358,0
112,78,1661,2195,628,898,0
112,79,1661,2195,1998,2018,0
112,80,1661,2195,485,796,0
112,81,1661,2195,11,2314,0
112,82,1661,2195,55,2348,0
112,83,1661,2195,2951,586,0
112,84,1661,2195,972,630,0
112,85,1661,2195,2272,663,0
112,86,1661,2195,2187,1884,0
112,87,1661,2195,835,2771,0
112,88,1661,2195,1205,1326,0
112,89,1661,2195,1932,616,0
112,90,1661,2195,1276,50,0
112,91,1661,2195,1968,2093,0
112,92,1661,2195,834,1683,0
112,93,1661,2195,1092,318,0
112,94,1661,2195,1408,102,0
112,95,1661,2195,1162,1463,0
112,96,1661,2195,2454,81,0
112,97,1661,2195,1027,1503,0
112,98,1661,2195,328,2685,0
112,99,1661,2195,1047,1127,0
112,100,1661,2195,2376,2097,0
112,101,1661,2195,1507,2064,0
112,102,1661,2195,1735,1517,0
112,103,1661,2195,2111,103,0
112,104,1661,2195,21,329,0
112,105,1661,2195,2868,849,0
112,106,1661,2195,1471,167,0
112,107,1661,2195,2373,783,0
112,108,1661,2195,2621,1680,0
112,109,1661,2195,170,2120,0
112,110,1661,2195,2377,1545,0
112,111,1661,2195,910,2380,0
112,113,1661,2195,2991,2168,0
112,114,1661,2195,546,1098,0
112,115,1661,2195,1623,2891,0
112,116,1661,2195,869,1014,0
112,117,1661,2195,2629,835,0
112,118,1661,2195,451,822,0
112,119,1661,2195,1715,636,0
112,120,1661,2195,1598,516,0
112,121,1661,2195,611,1374,0
112,122,1661,2195,573,26,0
112,123,1661,2195,2071,2923,0
112,124,1661,2195,51,271,0
112,125,1661,2195,875,769,0
112,126,1661,2195,152,2740,0
112,127,1661,2195,1986,213,0
112,128,1661,2195,1386,1070,0
112,129,1661,2195,2517,1148,0
112,130,1661,2195,1211,24,0
112,131,1661,2195,2910,1043,0
112,132,1661,2195,2000,1243,0
113,0,2991,2168,1768,2264,0
113,1,2991,2168,2913,2734,0
113,2,2991,2168,1215,1942,0
113,3,2991,2168,2051,1971,0
113,4,2991,2168,160,1001,0
113,5,2991,2168,593,821,0
113,6,2991,2168,2145,2101,0
113,7,2991,2168,278,1608,0
113,8,2991,2168,1945,1818,0
113,9,2991,2168,1634,1385,0
113,10,2991,2168,1218,2354,0
113,11,2991,2168,1358,761,0
113,12,2991,2168,2639,274,0
113,13,2991,2168,941,2731,0
113,14,2991,2168,720,403,0
113,15,2991,2168,1392,2291,0
113,16,2991,2168,1876,1945,0
113,17,2991,2168,1569,812,0
113,18,2991,2168,2424,1961,0
113,19,2991,2168,608,1259,0
113,20,2991,2168,192,2342,0
113,21,2991,2168,2422,1595,0
113,22,2991,2168,2722,1804,1
113,23,2991,2168,758,652,0
113,24,2991,2168,2169,2647,0
113,25,2991,2168,48,2991,0
113,26,2991,2168,1766,2358,0
113,27,2991,2168,1735,1517,0
113,28,2991,2168,2661,1773,0
113,29,2991,2168,1563,1335,0
113,30,2991,2168,2769,1586,0
113,31,2991,2168,1591,376,0
113,32,2991,2168,635,1666,0
113,33,2991,2168,2292,1709,0
113,34,2991,2168,1578,1883,0
113,35,2991,2168,2704,1270,0
113,36,2991,2168,828,1169,0
113,37,2991,2168,1910,637,0
113,38,2991,2168,652,2960,0
113,39,2991,2168,1942,2679,0
113,40,2991,2168,1988,920,0
113,41,2991,2168,965,1686,0
113,42,2991,2168,1232,1238,0
113,43,2991,2168,1594,2306,0
113,44,2991,2168,1777,694,0
113,45,2991,2168,2160,1907,0
113,46,2991,2168,2318,2824,0
113,47,2991,2168,155,1778,0
113,48,2991,2168,2364,509,0
113,49,2991,2168,2385,1990,0
113,50,2991,2168,907,2812,0
113,51,2991,2168,645,1169,0
113,52,2991,2168,1928,970,0
113,53,2991,2168,976,2073,0
113,54,2991,2168,2932,2921,0
113,55,2991,2168,2813,381,0
113,56,2991,2168,710,2734,0
113,57,2991,2168,691,1856,0
113,58,2991,2168,1104,657,0
113,59,2991,2168,326,295,0
113,60,2991,2168,2355,1634,0
113,61,2991,2168,981,1913,0
113,62,2991,2168,1569,1249,0
113,63,2991,2168,526,2411,0
113,64,2991,2168,234,659,0
113,65,2991,2168,282,145,0
113,66,2991,2168,2277,2466,0
113,67,2991,2168,869,213,0
113,68,2991,2168,382,2709,0
113,69,2991,2168,370,2819,0
113,70,2991,2168,1897,1399,0
113,71,2991,2168,2867,2702,0
113,72,2991,2168,2660,1168,0
113,73,2991,2168,51,572,0
113,74,2991,2168,2959,2364,0
113,75,2991,2168,220,1332,0
113,76,2991,2168,1764,2646,0
113,77,2991,2168,2399,2358,0
113,78,2991,2168,628,898,0
113,79,2991,2168,1998,2018,0
113,80,2991,2168,485,796,0
113,81,2991,2168,11,2314,0
113,82,2991,2168,55,2348,0
113,83,2991,2168,2951,586,0
113,84,2991,2168,972,630,0
113,85,2991,2168,2272,663,0
113,86,2991,2168,2187,1884,0
113,87,2991,2168,835,2771,0
113,88,2991,2168,1205,1326,0
113,89,2991,2168,1932,616,0
113,90,2991,2168,1276,50,0
113,91,2991,2168,1968,2093,0
113,92,2991,2168,834,1683,0
113,93,2991,2168,1092,318,0
113,94,2991,2168,1408,102,0
113,95,2991,2168,1162,1463,0
113,96,2991,2168,2454,81,0
113,97,2991,2168,1027,1503,0
113,98,2991,2168,328,2685,0
113,99,2991,2168,1047,1127,0
113,100,2991,2168,2376,2097,0
113,101,2991,2168,1507,2064,0
113,102,2991,2168,1735,1517,0
113,103,2991,2168,2111,103,0
113,104,2991,2168,21,329,0
113,105,2991,2168,2868,849,0
113,106,2991,2168,1471,167,0
113,107,2991,2168,2373,783,0
113,108,2991,2168,2621,1680,0
113,109,2991,2168,170,2120,0
113,110,2991,2168,2377,1545,0
113,111,2991,2168,910,2380,0
113,112,2991,2168,1661,2195,0
113,114,2991,2168,546,1098,0
113,115,2991,2168,1623,2891,0
113,116,2991,2168,869,1014,0
113,117,2991,2168,2629,835,0
113,118,2991,2168,451,822,0
113,119,2991,2168,1715,636,0
113,120,2991,2168,1598,516,0
113,121,2991,2168,611,1374,0
113,122,2991,2168,573,26,0
113,123,2991,2168,2071,2923,0
113,124,2991,2168,51,271,0
113,125,2991,2168,875,769,0
113,126,2991,2168,152,2740,0
113,127,2991,2168,1986,213,0
113,128,2991,2168,1386,1070,0
113,129,2991,2168,2517,1148,0
113,130,2991,2168,1211,24,0
113,131,2991,2168,2910,1043,0
113,132,2991,2168,2000,1243,0
114,0,546,1098,1768,2264,0
114,1,546,1098,2913,2734,0
114,2,546,1098,1215,1942,0
114,3,546,1098,2051,1971,0
114,4,546,1098,160,1001,0
114,5,546,1098,593,821,0
114,6,546,1098,2145,2101,0
114,7,546,1098,278,1608,0
114,8,546,1098,1945,1818,0
114,9,546,1098,1634,1385,0
114,10,546,1098,1218,2354,0
114,11,546,1098,1358,761,0
114,12,546,1098,2639,274,0
114,13,546,1098,941,2731,0
114,14,546,1098,720,403,0
114,15,546,1098,1392,2291,0
114,16,546,1098,1876,1945,0
114,17,546,1098,1569,812,0
114,18,546,1098,2424,1961,0
114,19,546,1098,608,1259,0
114,20,546,1098,192,2342,0
114,21,546,1098,2422,1595,0
114,22,546,1098,2722,1804,0
114,23,546,1098,758,652,0
114,24,546,1098,2169,2647,0
114,25,546,1098,48,2991,0
114,26,546,1098,1766,2358,0
114,27,546,1098,1735,1517,0
114,28,546,1098,2661,1773,0
114,29,546,1098,1563,1335,0
114,30,546,1098,2769,1586,0
114,31,546,1098,1591,376,0
114,32,546,1098,635,1666,0
114,33,546,1098,2292,1709,0
114,34,546,1098,1578,1883,0
114,35,546,1098,2704,1270,0
114,36,546,1098,828,1169,0
114,37,546,1098,1910,637,0
114,38,546,1098,652,2960,0
114,39,546,1098,1942,2679,0
114,40,546,1098,1988,920,0
114,41,546,1098,965,1686,0
114,42,546,1098,1232,1238,0
114,43,546,1098,1594,2306,0
114,44,546,1098,1777,694,0
114,45,546,1098,2160,1907,0
114,46,546,1098,2318,2824,0
114,47,546,1098,155,1778,0
114,48,546,1098,2364,509,0
114,49,546,1098,2385,1990,0
114,50,546,1098,907,2812,0
114,51,546,1098,645,1169,0
114,52,546,1098,1928,970,0
114,53,546,1098,976,2073,0
114,54,546,1098,2932,2921,0
114,55,546,1098,2813,381,0
114,56,546,1098,710,2734,0
114,57,546,1098,691,1856,0
114,58,546,1098,1104,657,0
114,59,546,1098,326,295,0
114,60,546,1098,2355,1634,0
114,61,546,1098,981,1913,0
114,62,546,1098,1569,1249,0
114,63,546,1098,526,2411,0
114,64,546,1098,234,659,0
114,65,546,1098,282,145,0
114,66,546,1098,2277,2466,0
114,67,546,1098,869,213,0
114,68,546,1098,382,2709,0
114,69,546,1098,370,2819,0
114,70,546,1098,1897,1399,0
114,71,546,1098,2867,2702,0
114,72,546,1098,2660,1168,0
114,73,546,1098,51,572,0
114,74,546,1098,2959,2364,0
114,75,546,1098,220,1332,0
114,76,546,1098,1764,2646,0
114,77,546,1098,2399,2358,0
114,78,546,1098,628,898,1
114,79,546,1098,1998,2018,0
114,80,546,1098,485,796,0
114,81,546,1098,11,2314,0
114,82,546,1098,55,2348,0
114,83,546,1098,2951,586,0
114,84,546,1098,972,630,0
114,85,546,1098,2272,663,0
114,86,546,1098,2187,1884,0
114,87,546,1098,835,2771,0
114,88,546,1098,1205,1326,0
114,89,546,1098,1932,616,0
114,90,546,1098,1276,50,0
114,91,546,1098,1968,2093,0
114,92,546,1098,834,1683,0
114,93,546,1098,1092,318,0
114,94,546,1098,1408,102,0
114,95,546,1098,1162,1463,0
114,96,546,1098,2454,81,0
114,97,546,1098,1027,1503,0
114,98,546,1098,328,2685,0
114,99,546,1098,1047,1127,0
114,100,546,1098,2376,2097,0
114,101,546,1098,1507,2064,0
114,102,546,1098,1735,1517,0
114,103,546,1098,2111,103,0
114,104,546,1098,21,329,0
114,105,546,1098,2868,849,0
114,106,546,1098,1471,167,0
114,107,546,1098,2373,783,0
114,108,546,1098,2621,1680,0
114,109,546,1098,170,2120,0
114,110,546,1098,2377,1545,0
114,111,546,1098,910,2380,0
114,112,546,1098,1661,2195,0
114,113,546,1098,2991,2168,0
114,115,546,1098,1623,2891,0
114,116,546,1098,869,1014,0
114,117,546,1098,2629,835,0
114,118,546,1098,451,822,0
114,119,546,1098,1715,636,0
114,120,546,1098,1598,516,0
114,121,546,1098,611,1374,0
114,122,546,1098,573,26,0
114,123,546,1098,2071,2923,0
114,124,546,1098,51,271,0
114,125,546,1098,875,769,0
114,126,546,1098,152,2740,0
114,127,546,1098,1986,213,0
114,128,546,1098,1386,1070,0
114,129,546,1098,2517,1148,0
114,130,546,1098,1211,24,0
114,131,546,1098,2910,1043,0
114,132,546,1098,2000,1243,0
115,0,1623,2891,1768,2264,0
115,1,1623,2891,2913,2734,0
115,2,1623,2891,1215,1942,0
115,3,1623,2891,2051,1971,0
115,4,1623,2891,160,1001,0
115,5,1623,2891,593,821,0
115,6,1623,2891,2145,2101,0
115,7,1623,2891,278,1608,0
115,8,1623,2891,1945,1818,0
115,9,1623,2891,1634,1385,0
115,10,1623,2891,1218,2354,0
115,11,1623,2891,1358,761,0
115,12,1623,2891,2639,274,0
115,13,1623,2891,941,2731,0
115,14,1623,2891,720,403,0
115,15,1623,2891,1392,2291,0
115,16,1623,2891,1876,1945,0
115,17,1623,2891,1569,812,0
115,18,1623,2891,2424,1961,0
115,19,1623,2891,608,1259,0
115,20,1623,2891,192,2342,0
115,21,1623,2891,2422,1595,0
115,22,1623,2891,2722,1804,0
115,23,1623,2891,758,652,0
115,24,1623,2891,2169,2647,0
115,25,1623,2891,48,2991,0
115,26,1623,2891,1766,2358,0
115,27,1623,2891,1735,1517,0
115,28,1623,2891,2661,1773,0
115,29,1623,2891,1563,1335,0
115,30,1623,2891,2769,1586,0
115,31,1623,2891,1591,376,0
115,32,1623,2891,635,1666,0
115,33,1623,2891,2292,1709,0
115,34,1623,2891,1578,1883,0
115,35,1623,2891,2704,1270,0
115,36,1623,2891,828,1169,0
115,37,1623,2891,1910,637,0
115,38,1623,2891,652,2960,0
115,39,1623,2891,1942,2679,0
115,40,1623,2891,1988,920,0
115,41,1623,2891,965,1686,0
115,42,1623,2891,1232,1238,0
115,43,1623,2891,1594,2306,0
115,44,1623,2891,1777,694,0
115,45,1623,2891,2160,1907,0
115,46,1623,2891,2318,2824,0
115,47,1623,2891,155,1778,0
115,48,1623,2891,2364,509,0
115,49,1623,2891,2385,1990,0
115,50,1623,2891,907,2812,0
115,51,1623,2891,645,1169,0
115,52,1623,2891,1928,970,0
115,53,1623,2891,976,2073,0
115,54,1623,2891,2932,2921,0
115,55,1623,2891,2813,381,0
115,56,1623,2891,710,2734,0
115,57,1623,2891,691,1856,0
115,58,1623,2891,1104,657,0
115,59,1623,2891,326,295,0
115,60,1623,2891,2355,1634,0
115,61,1623,2891,981,1913,0
115,62,1623,2891,1569,1249,0
115,63,1623,2891,526,2411,0
115,64,1623,2891,234,659,0
115,65,1623,2891,282,145,0
115,66,1623,2891,2277,2466,0
115,67,1623,2891,869,213,0
115,68,1623,2891,382,2709,0
115,69,1623,2891,370,2819,0
115,70,1623,2891,1897,1399,0
115,71,1623,2891,2867,2702,0
115,72,1623,2891,2660,1168,0
115,73,1623,2891,51,572,0
115,74,1623,2891,2959,2364,0
115,75,1623,2891,220,1332,0
115,76,1623,2891,1764,2646,0
115,77,1623,2891,2399,2358,0
115,78,1623,2891,628,898,0
115,79,1623,2891,1998,2018,0
115,80,1623,2891,485,796,0
115,81,1623,2891,11,2314,0
115,82,1623,2891,55,2348,0
115,83,1623,2891,2951,586,0
115,84,1623,2891,972,630,0
115,85,1623,2891,2272,663,0
115,86,1623,2891,2187,1884,0
115,87,1623,2891,835,2771,0
115,88,1623,2891,1205,1326,0
115,89,1623,2891,1932,616,0
115,90,1623,2891,1276,50,0
115,91,1623,2891,1968,2093,0
115,92,1623,2891,834,1683,0
115,93,1623,2891,1092,318,0
115,94,1623,2891,1408,102,0
115,95,1623,2891,1162,1463,0
115,96,1623,2891,2454,81,0
115,97,1623,2891,1027,1503,0
115,98,1623,2891,328,2685,0
115,99,1623,2891,1047,1127,0
115,100,1623,2891,2376,2097,0
115,101,1623,2891,1507,2064,0
115,102,1623,2891,1735,1517,0
115,103,1623,2891,2111,103,0
115,104,1623,2891,21,329,0
115,105,1623,2891,2868,849,0
115,106,1623,2891,1471,167,0
115,107,1623,2891,2373,783,0
115,108,1623,2891,2621,1680,0
115,109,1623,2891,170,2120,0
115,110,1623,2891,2377,1545,0
115,111,1623,2891,910,2380,0
115,112,1623,2891,1661,2195,0
115,113,1623,2891,2991,2168,0
115,114,1623,2891,546,1098,0
115,116,1623,2891,869,1014,0
115,117,1623,2891,2629,835,0
115,118,1623,2891,451,822,0
115,119,1623,2891,1715,636,0
115,120,1623,2891,1598,516,0
115,121,1623,2891,611,1374,0
115,122,1623,2891,573,26,0
115,123,1623,2891,2071,2923,1
115,124,1623,2891,51,271,0
115,125,1623,2891,875,769,0
115,126,1623,2891,152,2740,0
115,127,1623,2891,1986,213,0
115,128,1623,2891,1386,1070,0
115,129,1623,2891,2517,1148,0
115,130,1623,2891,1211,24,0
115,131,1623,2891,2910,1043,0
115,132,1623,2891,2000,1243,0
116,0,869,1014,1768,2264,0
116,1,869,1014,2913,2734,0
116,2,869,1014,1215,1942,0
116,3,869,1014,2051,1971,0
116,4,869,1014,160,1001,0
116,5,869,1014,593,821,0
116,6,869,1014,2145,2101,0
116,7,869,1014,278,1608,0
116,8,869,1014,1945,1818,0
116,9,869,1014,1634,1385,0
116,10,869,1014,1218,2354,0
116,11,869,1014,1358,761,0
116,12,869,1014,2639,274,0
116,13,869,1014,941,2731,0
116,14,869,1014,720,403,0
116,15,869,1014,1392,2291,0
116,16,869,1014,1876,1945,0
116,17,869,1014,1569,812,0
116,18,869,1014,2424,1961,0
116,19,869,1014,608,1259,0
116,20,869,1014,192,2342,0
116,21,869,1014,2422,1595,0
116,22,869,1014,2722,1804,0
116,23,869,1014,758,652,0
116,24,869,1014,2169,2647,0
116,25,869,1014,48,2991,0
116,26,869,1014,1766,2358,0
116,27,869,1014,1735,1517,0
116,28,869,1014,2661,1773,0
116,29,869,1014,1563,1335,0
116,30,869,1014,2769,1586,0
116,31,869,1014,1591,376,0
116,32,869,1014,635,1666,0
116,33,869,1014,2292,1709,0
116,34,869,1014,1578,1883,0
116,35,869,1014,2704,1270,0
116,36,869,1014,828,1169,1
116,37,869,1014,1910,637,0
116,38,869,1014,652,2960,0
116,39,869,1014,1942,2679,0
116,40,869,1014,1988,920,0
116,41,869,1014,965,1686,0
116,42,869,1014,1232,1238,0
116,43,869,1014,1594,2306,0
116,44,869,1014,1777,694,0
116,45,869,1014,2160,1907,0
116,46,869,1014,2318,2824,0
116,47,869,1014,155,1778,0
116,48,869,1014,2364,509,0
116,49,869,1014,2385,1990,0
116,50,869,1014,907,2812,0
116,51,869,1014,645,1169,0
116,52,869,1014,1928,970,0
116,53,869,1014,976,2073,0
116,54,869,1014,2932,2921,0
116,55,869,1014,2813,381,0
116,56,869,1014,710,2734,0
116,57,869,1014,691,1856,0
116,58,869,1014,1104,657,0
116,59,869,1014,326,295,0
116,60,869,1014,2355,1634,0
116,61,869,1014,981,1913,0
116,62,869,1014,1569,1249,0
116,63,869,1014,526,2411,0
116,64,869,1014,234,659,0
116,65,869,1014,282,145,0
116,66,869,1014,2277,2466,0
116,67,869,1014,869,213,0
116,68,869,1014,382,2709,0
116,69,869,1014,370,2819,0
116,70,869,1014,1897,1399,0
116,71,869,1014,2867,2702,0
116,72,869,1014,2660,1168,0
116,73,869,1014,51,572,0
116,74,869,1014,2959,2364,0
116,75,869,1014,220,1332,0
116,76,869,1014,1764,2646,0
116,77,869,1014,2399,2358,0
116,78,869,1014,628,898,0
116,79,869,1014,1998,2018,0
116,80,869,1014,485,796,0
116,81,869,1014,11,2314,0
116,82,869,1014,55,2348,0
116,83,869,1014,2951,586,0
116,84,869,1014,972,630,0
116,85,869,1014,2272,663,0
116,86,869,1014,2187,1884,0
116,87,869,1014,835,2771,0
116,88,869,1014,1205,1326,0
116,89,869,1014,1932,616,0
116,90,869,1014,1276,50,0
116,91,869,1014,1968,2093,0
116,92,869,1014,834,1683,0
116,93,869,1014,1092,318,0
116,94,869,1014,1408,102,0
116,95,869,1014,1162,1463,0
116,96,869,1014,2454,81,0
116,97,869,1014,1027,1503,0
116,98,869,1014,328,2685,0
116,99,869,1014,1047,1127,0
116,100,869,1014,2376,2097,0
116,101,869,1014,1507,2064,0
116,102,869,1014,1735,1517,0
116,103,869,1014,2111,103,0
116,104,869,1014,21,329,0
116,105,869,1014,2868,849,0
116,106,869,1014,1471,167,0
116,107,869,1014,2373,783,0
116,108,869,1014,2621,1680,0
116,109,869,1014,170,2120,0
116,110,869,1014,2377,1545,0
116,111,869,1014,910,2380,0
116,112,869,1014,1661,2195,0
116,113,869,1014,2991,2168,0
116,114,869,1014,546,1098,0
116,115,869,1014,1623,2891,0
116,117,869,1014,2629,835,0
116,118,869,1014,451,822,0
116,119,869,1014,1715,636,0
116,120,869,1014,1598,516,0
116,121,869,1014,611,1374,0
116,122,869,1014,573,26,0
116,123,869,1014,2071,2923,0
116,124,869,1014,51,271,0
116,125,869,1014,875,769,0
116,126,869,1014,152,2740,0
116,127,869,1014,1986,213,0
116,128,869,1014,1386,1070,0
116,129,869,1014,2517,1148,0
116,130,869,1014,1211,24,0
116,131,869,1014,2910,1043,0
116,132,869,1014,2000,1243,0
117,0,2629,835,1768,2264,0
117,1,2629,835,2913,2734,0
117,2,2629,835,1215,1942,0
117,3,2629,835,2051,1971,0
117,4,2629,835,160,1001,0
117,5,2629,835,593,821,0
117,6,2629,835,2145,2101,0
117,7,2629,835,278,1608,0
117,8,2629,835,1945,1818,0
117,9,2629,835,1634,1385,0
117,10,2629,835,1218,2354,0
117,11,2629,835,1358,761,0
117,12,2629,835,2639,274,0
117,13,2629,835,941,2731,0
117,14,2629,835,720,403,0
117,15,2629,835,1392,2291,0
117,16,2629,835,1876,1945,0
117,17,2629,835,1569,812,0
117,18,2629,835,2424,1961,0
117,19,2629,835,608,1259,0
117,20,2629,835,192,2342,0
117,21,2629,835,2422,1595,0
117,22,2629,835,2722,1804,0
117,23,2629,835,758,652,0
117,24,2629,835,2169,2647,0
117,25,2629,835,48,2991,0
117,26,2629,835,1766,2358,0
117,27,2629,835,1735,1517,0
117,28,2629,835,2661,1773,0
117,29,2629,835,1563,1335,0
117,30,2629,835,2769,1586,0
117,31,2629,835,1591,376,0
117,32,2629,835,635,1666,0
117,33,2629,835,2292,1709,0
117,34,2629,835,1578,1883,0
117,35,2629,835,2704,1270,0
117,36,2629,835,828,1169,0
117,37,2629,835,1910,637,0
117,38,2629,835,652,2960,0
117,39,2629,835,1942,2679,0
117,40,2629,835,1988,920,0
117,41,2629,835,965,1686,0
117,42,2629,835,1232,1238,0
117,43,2629,835,1594,2306,0
117,44,2629,835,1777,694,0
117,45,2629,835,2160,1907,0
117,46,2629,835,2318,2824,0
117,47,2629,835,155,1778,0
117,48,2629,835,2364,509,0
117,49,2629,835,2385,1990,0
117,50,2629,835,907,2812,0
117,51,2629,835,645,1169,0
117,52,2629,835,1928,970,0
117,53,2629,835,976,2073,0
117,54,2629,835,2932,2921,0
117,55,2629,835,2813,381,0
117,56,2629,835,710,2734,0
117,57,2629,835,691,1856,0
117,58,2629,835,1104,657,0
117,59,2629,835,326,295,0
117,60,2629,835,2355,1634,0
117,61,2629,835,981,1913,0
117,62,2629,835,1569,1249,0
117,63,2629,835,526,2411,0
117,64,2629,835,234,659,0
117,65,2629,835,282,145,0
117,66,2629,835,2277,2466,0
117,67,2629,835,869,213,0
117,68,2629,835,382,2709,0
117,69,2629,835,370,2819,0
117,70,2629,835,1897,1399,0
117,71,2629,835,2867,2702,0
117,72,2629,835,2660,1168,0
117,73,2629,835,51,572,0
117,74,2629,835,2959,2364,0
117,75,2629,835,220,1332,0
117,76,2629,835,1764,2646,0
117,77,2629,835,2399,2358,0
117,78,2629,835,628,898,0
117,79,2629,835,1998,2018,0
117,80,2629,835,485,796,0
117,81,2629,835,11,2314,0
117,82,2629,835,55,2348,0
117,83,2629,835,2951,586,0
117,84,2629,835,972,630,0
117,85,2629,835,2272,663,0
117,86,2629,835,2187,1884,0
117,87,2629,835,835,2771,0
117,88,2629,835,1205,1326,0
117,89,2629,835,1932,616,0
117,90,2629,835,1276,50,0
117,91,2629,835,1968,2093,0
117,92,2629,835,834,1683,0
117,93,2629,835,1092,318,0
117,94,2629,835,1408,102,0
117,95,2629,835,1162,1463,0
117,96,2629,835,2454,81,0
117,97,2629,835,1027,1503,0
117,98,2629,835,328,2685,0
117,99,2629,835,1047,1127,0
117,100,2629,835,2376,2097,0
117,101,2629,835,1507,2064,0
117,102,2629,835,1735,1517,0
117,103,2629,835,2111,103,0
117,104,2629,835,21,329,0
117,105,2629,835,2868,849,0
117,106,2629,835,1471,167,0
117,107,2629,835,2373,783,0
117,108,2629,835,2621,1680,0
117,109,2629,835,170,2120,0
117,110,2629,835,2377,1545,0
117,111,2629,835,910,2380,0
117,112,2629,835,1661,2195,0
117,113,2629,835,2991,2168,0
117,114,2629,835,546,1098,0
117,115,2629,835,1623,2891,0
117,116,2629,835,869,1014,0
117,118,2629,835,451,822,0
117,119,2629,835,1715,636,0
117,120,2629,835,1598,516,0
117,121,2629,835,611,1374,0
117,122,2629,835,573,26,0
117,123,2629,835,2071,2923,0
117,124,2629,835,51,271,0
117,125,2629,835,875,769,0
117,126,2629,835,152,2740,0
117,127,2629,835,1986,213,0
117,128,2629,835,1386,1070,0
117,129,2629,835,2517,1148,1
117,130,2629,835,1211,24,0
117,131,2629,835,2910,1043,0
117,132,2629,835,2000,1243,0
118,0,451,822,1768,2264,0
118,1,451,822,2913,2734,0
118,2,451,822,1215,1942,0
118,3,451,822,2051,1971,0
118,4,451,822,160,1001,0
118,5,451,822,593,821,0
118,6,451,822,2145,2101,0
118,7,451,822,278,1608,0
118,8,451,822,1945,1818,0
118,9,451,822,1634,1385,0
118,10,451,822,1218,2354,0
118,11,451,822,1358,761,0
118,12,451,822,2639,274,0
118,13,451,822,941,2731,0
118,14,451,822,720,403,0
118,15,451,822,1392,2291,0
118,16,451,822,1876,1945,0
118,17,451,822,1569,812,0
118,18,451,822,2424,1961,0
118,19,451,822,608,1259,0
118,20,451,822,192,2342,0
118,21,451,822,2422,1595,0
118,22,451,822,2722,1804,0
118,23,451,822,758,652,0
118,24,451,822,2169,2647,0
118,25,451,822,48,2991,0
118,26,451,822,1766,2358,0
118,27,451,822,1735,1517,0
118,28,451,822,2661,1773,0
118,29,451,822,1563,1335,0
118,30,451,822,2769,1586,0
118,31,451,822,1591,376,0
118,32,451,822,635,1666,0
118,33,451,822,2292,1709,0
118,34,451,822,1578,1883,0
118,35,451,822,2704,1270,0
118,36,451,822,828,1169,0
118,37,451,822,1910,637,0
118,38,451,822,652,2960,0
118,39,451,822,1942,2679,0
118,40,451,822,1988,920,0
118,41,451,822,965,1686,0
118,42,451,822,1232,1238,0
118,43,451,822,1594,2306,0
118,44,451,822,1777,694,0
118,45,451,822,2160,1907,0
118,46,451,822,2318,2824,0
118,47,451,822,155,1778,0
118,48,451,822,2364,509,0
118,49,451,822,2385,1990,0
118,50,451,822,907,2812,0
118,51,451,822,645,1169,0
118,52,451,822,1928,970,0
118,53,451,822,976,2073,0
118,54,451,822,2932,2921,0
118,55,451,822,2813,381,0
118,56,451,822,710,2734,0
118,57,451,822,691,1856,0
118,58,451,822,1104,657,0
118,59,451,822,326,295,0
118,60,451,822,2355,1634,0
118,61,451,822,981,1913,0
118,62,451,822,1569,1249,0
118,63,451,822,526,2411,0
118,64,451,822,234,659,0
118,65,451,822,282,145,0
118,66,451,822,2277,2466,0
118,67,451,822,869,213,0
118,68,451,822,382,2709,0
118,69,451,822,370,2819,0
118,70,451,822,1897,1399,0
118,71,451,822,2867,2702,0
118,72,451,822,2660,1168,0
118,73,451,822,51,572,0
118,74,451,822,2959,2364,0
118,75,451,822,220,1332,0
118,76,451,822,1764,2646,0
118,77,451,822,2399,2358,0
118,78,451,822,628,898,0
118,79,451,822,1998,2018,0
118,80,451,822,485,796,1
118,81,451,822,11,2314,0
118,82,451,822,55,2348,0
118,83,451,822,2951,586,0
118,84,451,822,972,630,0
118,85,451,822,2272,663,0
118,86,451,822,2187,1884,0
118,87,451,822,835,2771,0
118,88,451,822,1205,1326,0
118,89,451,822,1932,616,0
118,90,451,822,1276,50,0
118,91,451,822,1968,2093,0
118,92,451,822,834,1683,0
118,93,451,822,1092,318,0
118,94,451,822,1408,102,0
118,95,451,822,1162,1463,0
118,96,451,822,2454,81,0
118,97,451,822,1027,1503,0
118,98,451,822,328,2685,0
118,99,451,822,1047,1127,0
118,100,451,822,2376,2097,0
118,101,451,822,1507,2064,0
118,102,451,822,1735,1517,0
118,103,451,822,2111,103,0
118,104,451,822,21,329,0
118,105,451,822,2868,849,0
118,106,451,822,1471,167,0
118,107,451,822,2373,783,0
118,108,451,822,2621,1680,0
118,109,451,822,170,2120,0
118,110,451,822,2377,1545,0
118,111,451,822,910,2380,0
118,112,451,822,1661,2195,0
118,113,451,822,2991,2168,0
118,114,451,822,546,1098,0
118,115,451,822,1623,2891,0
118,116,451,822,869,1014,0
118,117,451,822,2629,835,0
118,119,451,822,1715,636,0
118,120,451,822,1598,516,0
118,121,451,822,611,1374,0
118,122,451,822,573,26,0
118,123,451,822,2071,2923,0
118,124,451,822,51,271,0
118,125,451,822,875,769,0
118,126,451,822,152,2740,0
118,127,451,822,1986,213,0
118,128,451,822,1386,1070,0
118,129,451,822,2517,1148,0
118,130,451,822,1211,24,0
118,131,451,822,2910,1043,0
118,132,451,822,2000,1243,0
119,0,1715,636,1768,2264,0
119,1,1715,636,2913,2734,0
119,2,1715,636,1215,1942,0
119,3,1715,636,2051,1971,0
119,4,1715,636,160,1001,0
119,5,1715,636,593,821,0
119,6,1715,636,2145,2101,0
119,7,1715,636,278,1608,0
119,8,1715,636,1945,1818,0
119,9,1715,636,1634,1385,0
119,10,1715,636,1218,2354,0
119,11,1715,636,1358,761,0
119,12,1715,636,2639,274,0
119,13,1715,636,941,2731,0
119,14,1715,636,720,403,0
119,15,1715,636,1392,2291,0
119,16,1715,636,1876,1945,0
119,17,1715,636,1569,812,0
119,18,1715,636,2424,1961,0
119,19,1715,636,608,1259,0
119,20,1715,636,192,2342,0
119,21,1715,636,2422,1595,0
119,22,1715,636,2722,1804,0
119,23,1715,636,758,652,0
119,24,1715,636,2169,2647,0
119,25,1715,636,48,2991,0
119,26,1715,636,1766,2358,0
119,27,1715,636,1735,1517,0
119,28,1715,636,2661,1773,0
119,29,1715,636,1563,1335,0
119,30,1715,636,2769,1586,0
119,31,1715,636,1591,376,0
119,32,1715,636,635,1666,0
119,33,1715,636,2292,1709,0
119,34,1715,636,1578,1883,0
119,35,1715,636,2704,1270,0
119,36,1715,636,828,1169,0
119,37,1715,636,1910,637,0
119,38,1715,636,652,2960,0
119,39,1715,636,1942,2679,0
119,40,1715,636,1988,920,0
119,41,1715,636,965,1686,0
119,42,1715,636,1232,1238,0
119,43,1715,636,1594,2306,0
119,44,1715,636,1777,694,0
119,45,1715,636,2160,1907,0
119,46,1715,636,2318,2824,0
119,47,1715,636,155,1778,0
119,48,1715,636,2364,509,0
119,49,1715,636,2385,1990,0
119,50,1715,636,907,2812,0
119,51,1715,636,645,1169,0
119,52,1715,636,1928,970,0
119,53,1715,636,976,2073,0
119,54,1715,636,2932,2921,0
119,55,1715,636,2813,381,0
119,56,1715,636,710,2734,0
119,57,1715,636,691,1856,0
119,58,1715,636,1104,657,0
119,59,1715,636,326,295,0
119,60,1715,636,2355,1634,0
119,61,1715,636,981,1913,0
119,62,1715,636,1569,1249,0
119,63,1715,636,526,2411,0
119,64,1715,636,234,659,0
119,65,1715,636,282,145,0
119,66,1715,636,2277,2466,0
119,67,1715,636,869,213,0
119,68,1715,636,382,2709,0
119,69,1715,636,370,2819,0
119,70,1715,636,1897,1399,0
119,71,1715,636,2867,2702,0
119,72,1715,636,2660,1168,0
119,73,1715,636,51,572,0
119,74,1715,636,2959,2364,0
119,75,1715,636,220,1332,0
119,76,1715,636,1764,2646,0
119,77,1715,636,2399,2358,0
119,78,1715,636,628,898,0
119,79,1715,636,1998,2018,0
119,80,1715,636,485,796,0
119,81,1715,636,11,2314,0
119,82,1715,636,55,2348,0
119,83,1715,636,2951,586,0
119,84,1715,636,972,630,0
119,85,1715,636,2272,663,0
119,86,1715,636,2187,1884,0
119,87,1715,636,835,2771,0
119,88,1715,636,1205,1326,0
119,89,1715,636,1932,616,0
119,90,1715,636,1276,50,0
119,91,1715,636,1968,2093,0
119,92,1715,636,834,1683,0
119,93,1715,636,1092,318,0
119,94,1715,636,1408,102,0
119,95,1715,636,1162,1463,0
119,96,1715,636,2454,81,0
119,97,1715,636,1027,1503,0
119,98,1715,636,328,2685,0
119,99,1715,636,1047,1127,0
119,100,1715,636,2376,2097,0
119,101,1715,636,1507,2064,0
119,102,1715,636,1735,1517,0
119,103,1715,636,2111,103,0
119,104,1715,636,21,329,0
119,105,1715,636,2868,849,0
119,106,1715,636,1471,167,0
119,107,1715,636,2373,783,0
119,108,1715,636,2621,1680,0
119,109,1715,636,170,2120,0
119,110,1715,636,2377,1545,0
119,111,1715,636,910,2380,0
119,112,1715,636,1661,2195,0
119,113,1715,636,2991,2168,0
119,114,1715,636,546,1098,0
119,115,1715,636,1623,2891,0
119,116,1715,636,869,1014,0
119,117,1715,636,2629,835,0
119,118,1715,636,451,822,0
119,120,1715,636,1598,516,1
119,121,1715,636,611,1374,0
119,122,1715,636,573,26,0
119,123,1715,636,2071,2923,0
119,124,1715,636,51,271,0
119,125,1715,636,875,769,0
119,126,1715,636,152,2740,0
119,127,1715,636,1986,213,0
119,128,1715,636,1386,1070,0
119,129,1715,636,2517,1148,0
119,130,1715,636,1211,24,0
119,131,1715,636,2910,1043,0
119,132,1715,636,2000,1243,0
120,0,1598,516,1768,2264,0
120,1,1598,516,2913,2734,0
120,2,1598,516,1215,1942,0
120,3,1598,516,2051,1971,0
120,4,1598,516,160,1001,0
120,5,1598,516,593,821,0
120,6,1598,516,2145,2101,0
120,7,1598,516,278,1608,0
120,8,1598,516,1945,1818,0
120,9,1598,516,1634,1385,0
120,10,1598,516,1218,2354,0
120,11,1598,516,1358,761,0
120,12,1598,516,2639,274,0
120,13,1598,516,941,2731,0
120,14,1598,516,720,403,0
120,15,1598,516,1392,2291,0
120,16,1598,516,1876,1945,0
120,17,1598,516,1569,812,0
120,18,1598,516,2424,1961,0
120,19,1598,516,608,1259,0
120,20,1598,516,192,2342,0
120,21,1598,516,2422,1595,0
120,22,1598,516,2722,1804,0
120,23,1598,516,758,652,0
120,24,1598,516,2169,2647,0
120,25,1598,516,48,2991,0
120,26,1598,516,1766,2358,0
120,27,1598,516,1735,1517,0
120,28,1598,516,2661,1773,0
120,29,1598,516,1563,1335,0
120,30,1598,516,2769,1586,0
120,31,1598,516,1591,376,1
120,32,1598,516,635,1666,0
120,33,1598,516,2292,1709,0
120,34,1598,516,1578,1883,0
120,35,1598,516,2704,1270,0
120,36,1598,516,828,1169,0
120,37,1598,516,1910,637,0
120,38,1598,516,652,2960,0
120,39,1598,516,1942,2679,0
120,40,1598,516,1988,920,0
120,41,1598,516,965,1686,0
120,42,1598,516,1232,1238,0
120,43,1598,516,1594,2306,0
120,44,1598,516,1777,694,0
120,45,1598,516,2160,1907,0
120,46,1598,516,2318,2824,0
120,47,1598,516,155,1778,0
120,48,1598,516,2364,509,0
120,49,1598,516,2385,1990,0
120,50,1598,516,907,2812,0
120,51,1598,516,645,1169,0
120,52,1598,516,1928,970,0
120,53,1598,516,976,2073,0
120,54,1598,516,2932,2921,0
120,55,1598,516,2813,381,0
120,56,1598,516,710,2734,0
120,57,1598,516,691,1856,0
120,58,1598,516,1104,657,0
120,59,1598,516,326,295,0
120,60,1598,516,2355,1634,0
120,61,1598,516,981,1913,0
120,62,1598,516,1569,1249,0
120,63,1598,516,526,2411,0
120,64,1598,516,234,659,0
120,65,1598,516,282,145,0
120,66,1598,516,2277,2466,0
120,67,1598,516,869,213,0
120,68,1598,516,382,2709,0
120,69,1598,516,370,2819,0
120,70,1598,516,1897,1399,0
120,71,1598,516,2867,2702,0
120,72,1598,516,2660,1168,0
120,73,1598,516,51,572,0
120,74,1598,516,2959,2364,0
120,75,1598,516,220,1332,0
120,76,1598,516,1764,2646,0
120,77,1598,516,2399,2358,0
120,78,1598,516,628,898,0
120,79,1598,516,1998,2018,0
120,80,1598,516,485,796,0
120,81,1598,516,11,2314,0
120,82,1598,516,55,2348,0
120,83,1598,516,2951,586,0
120,84,1598,516,972,630,0
120,85,1598,516,2272,663,0
120,86,1598,516,2187,1884,0
120,87,1598,516,835,2771,0
120,88,1598,516,1205,1326,0
120,89,1598,516,1932,616,0
120,90,1598,516,1276,50,0
120,91,1598,516,1968,2093,0
120,92,1598,516,834,1683,0
120,93,1598,516,1092,318,0
120,94,1598,516,1408,102,0
120,95,1598,516,1162,1463,0
120,96,1598,516,2454,81,0
120,97,1598,516,1027,1503,0
120,98,1598,516,328,2685,0
120,99,1598,516,1047,1127,0
120,100,1598,516,2376,2097,0
120,101,1598,516,1507,2064,0
120,102,1598,516,1735,1517,0
120,103,1598,516,2111,103,0
120,104,1598,516,21,329,0
120,105,1598,516,2868,849,0
120,106,1598,516,1471,167,0
120,107,1598,516,2373,783,0
120,108,1598,516,2621,1680,0
120,109,1598,516,170,2120,0
120,110,1598,516,2377,1545,0
120,111,1598,516,910,2380,0
120,112,1598,516,1661,2195,0
120,113,1598,516,2991,2168,0
120,114,1598,516,546,1098,0
120,115,1598,516,1623,2891,0
120,116,1598,516,869,1014,0
120,117,1598,516,2629,835,0
120,118,1598,516,451,822,0
120,119,1598,516,1715,636,0
120,121,1598,516,611,1374,0
120,122,1598,516,573,26,0
120,123,1598,516,2071,2923,0
120,124,1598,516,51,271,0
120,125,1598,516,875,769,0
120,126,1598,516,152,2740,0
120,127,1598,516,1986,213,0
120,128,1598,516,1386,1070,0
120,129,1598,516,2517,1148,0
120,130,1598,516,1211,24,0
120,131,1598,516,2910,1043,0
120,132,1598,516,2000,1243,0
121,0,611,1374,1768,2264,0
121,1,611,1374,2913,2734,0
121,2,611,1374,1215,1942,0
121,3,611,1374,2051,1971,0
121,4,611,1374,160,1001,0
121,5,611,1374,593,821,0
121,6,611,1374,2145,2101,0
121,7,611,1374,278,1608,0
121,8,611,1374,1945,1818,0
121,9,611,1374,1634,1385,0
121,10,611,1374,1218,2354,0
121,11,611,1374,1358,761,0
121,12,611,1374,2639,274,0
121,13,611,1374,941,2731,0
121,14,611,1374,720,403,0
121,15,611,1374,1392,2291,0
121,16,611,1374,1876,1945,0
121,17,611,1374,1569,812,0
121,18,611,1374,2424,1961,0
121,19,611,1374,608,1259,1
121,20,611,1374,192,2342,0
121,21,611,1374,2422,1595,0
121,22,611,1374,2722,1804,0
121,23,611,1374,758,652,0
121,24,611,1374,2169,2647,0
121,25,611,1374,48,2991,0
121,26,611,1374,1766,2358,0
121,27,611,1374,1735,1517,0
121,28,611,1374,2661,1773,0
121,29,611,1374,1563,1335,0
121,30,611,1374,2769,1586,0
121,31,611,1374,1591,376,0
121,32,611,1374,635,1666,0
121,33,611,1374,2292,1709,0
121,34,611,1374,1578,1883,0
121,35,611,1374,2704,1270,0
121,36,611,1374,828,1169,0
121,37,611,1374,1910,637,0
121,38,611,1374,652,2960,0
121,39,611,1374,1942,2679,0
121,40,611,1374,1988,920,0
121,41,611,1374,965,1686,0
121,42,611,1374,1232,1238,0
121,43,611,1374,1594,2306,0
121,44,611,1374,1777,694,0
121,45,611,1374,2160,1907,0
121,46,611,1374,2318,2824,0
121,47,611,1374,155,1778,0
121,48,611,1374,2364,509,0
121,49,611,1374,2385,1990,0
121,50,611,1374,907,2812,0
121,51,611,1374,645,1169,0
121,52,611,1374,1928,970,0
121,53,611,1374,976,2073,0
121,54,611,1374,2932,2921,0
121,55,611,1374,2813,381,0
121,56,611,1374,710,2734,0
121,57,611,1374,691,1856,0
121,58,611,1374,1104,657,0
121,59,611,1374,326,295,0
121,60,611,1374,2355,1634,0
121,61,611,1374,981,1913,0
121,62,611,1374,1569,1249,0
121,63,611,1374,526,2411,0
121,64,611,1374,234,659,0
121,65,611,1374,282,145,0
121,66,611,1374,2277,2466,0
121,67,611,1374,869,213,0
121,68,611,1374,382,2709,0
121,69,611,1374,370,2819,0
121,70,611,1374,1897,1399,0
121,71,611,1374,2867,2702,0
121,72,611,1374,2660,1168,0
121,73,611,1374,51,572,0
121,74,611,1374,2959,2364,0
121,75,611,1374,220,1332,0
121,76,611,1374,1764,2646,0
121,77,611,1374,2399,2358,0
121,78,611,1374,628,898,0
121,79,611,1374,1998,2018,0
121,80,611,1374,485,796,0
121,81,611,1374,11,2314,0
121,82,611,1374,55,2348,0
121,83,611,1374,2951,586,0
121,84,611,1374,972,630,0
121,85,611,1374,2272,663,0
121,86,611,1374,2187,1884,0
121,87,611,1374,835,2771,0
121,88,611,1374,1205,1326,0
121,89,611,1374,1932,616,0
121,90,611,1374,1276,50,0
121,91,611,1374,1968,2093,0
121,92,611,1374,834,1683,0
121,93,611,1374,1092,318,0
121,94,611,1374,1408,102,0
121,95,611,1374,1162,1463,0
121,96,611,1374,2454,81,0
121,97,611,1374,1027,1503,0
121,98,611,1374,328,2685,0
121,99,611,1374,1047,1127,0
121,100,611,1374,2376,2097,0
121,101,611,1374,1507,2064,0
121,102,611,1374,1735,1517,0
121,103,611,1374,2111,103,0
121,104,611,1374,21,329,0
121,105,611,1374,2868,849,0
121,106,611,1374,1471,167,0
121,107,611,1374,2373,783,0
121,108,611,1374,2621,1680,0
121,109,611,1374,170,2120,0
121,110,611,1374,2377,1545,0
121,111,611,1374,910,2380,0
121,112,611,1374,1661,2195,0
121,113,611,1374,2991,2168,0
121,114,611,1374,546,1098,0
121,115,611,1374,1623,2891,0
121,116,611,1374,869,1014,0
121,117,611,1374,2629,835,0
121,118,611,1374,451,822,0
121,119,611,1374,1715,636,0
121,120,611,1374,1598,516,0
121,122,611,1374,573,26,0
121,123,611,1374,2071,2923,0
121,124,611,1374,51,271,0
121,125,611,1374,875,769,0
121,126,611,1374,152,2740,0
121,127,611,1374,1986,213,0
121,128,611,1374,1386,1070,0
121,129,611,1374,2517,1148,0
121,130,611,1374,1211,24,0
121,131,611,1374,2910,1043,0
121,132,611,1374,2000,1243,0
122,0,573,26,1768,2264,0
122,1,573,26,2913,2734,0
122,2,573,26,1215,1942,0
122,3,573,26,2051,1971,0
122,4,573,26,160,1001,0
122,5,573,26,593,821,0
122,6,573,26,2145,2101,0
122,7,573,26,278,1608,0
122,8,573,26,1945,1818,0
122,9,573,26,1634,1385,0
122,10,573,26,1218,2354,0
122,11,573,26,1358,761,0
122,12,573,26,2639,274,0
122,13,573,26,941,2731,0
122,14,573,26,720,403,0
122,15,573,26,1392,2291,0
122,16,573,26,1876,1945,0
122,17,573,26,1569,812,0
122,18,573,26,2424,1961,0
122,19,573,26,608,1259,0
122,20,573,26,192,2342,0
122,21,573,26,2422,1595,0
122,22,573,26,2722,1804,0
122,23,573,26,758,652,0
122,24,573,26,2169,2647,0
122,25,573,26,48,2991,0
122,26,573,26,1766,2358,0
122,27,573,26,1735,1517,0
122,28,573,26,2661,1773,0
122,29,573,26,1563,1335,0
122,30,573,26,2769,1586,0
122,31,573,26,1591,376,0
122,32,573,26,635,1666,0
122,33,573,26,2292,1709,0
122,34,573,26,1578,1883,0
122,35,573,26,2704,1270,0
122,36,573,26,828,1169,0
122,37,573,26,1910,637,0
122,38,573,26,652,2960,0
122,39,573,26,1942,2679,0
122,40,573,26,1988,920,0
122,41,573,26,965,1686,0
122,42,573,26,1232,1238,0
122,43,573,26,1594,2306,0
122,44,573,26,1777,694,0
122,45,573,26,2160,1907,0
122,46,573,26,2318,2824,0
122,47,573,26,155,1778,0
122,48,573,26,2364,509,0
122,49,573,26,2385,1990,0
122,50,573,26,907,2812,0
122,51,573,26,645,1169,0
122,52,573,26,1928,970,0
122,53,573,26,976,2073,0
122,54,573,26,2932,2921,0
122,55,573,26,2813,381,0
122,56,573,26,710,2734,0
122,57,573,26,691,1856,0
122,58,573,26,1104,657,0
122,59,573,26,326,295,0
122,60,573,26,2355,1634,0
122,61,573,26,981,1913,0
122,62,573,26,1569,1249,0
122,63,573,26,526,2411,0
122,64,573,26,234,659,0
122,65,573,26,282,145,1
122,66,573,26,2277,2466,0
122,67,573,26,869,213,0
122,68,573,26,382,2709,0
122,69,573,26,370,2819,0
122,70,573,26,1897,1399,0
122,71,573,26,2867,2702,0
122,72,573,26,2660,1168,0
122,73,573,26,51,572,0
122,74,573,26,2959,2364,0
122,75,573,26,220,1332,0
122,76,573,26,1764,2646,0
122,77,573,26,2399,2358,0
122,78,573,26,628,898,0
122,79,573,26,1998,2018,0
122,80,573,26,485,796,0
122,81,573,26,11,2314,0
122,82,573,26,55,2348,0
122,83,573,26,2951,586,0
122,84,573,26,972,630,0
122,85,573,26,2272,663,0
122,86,573,26,2187,1884,0
122,87,573,26,835,2771,0
122,88,573,26,1205,1326,0
122,89,573,26,1932,616,0
122,90,573,26,1276,50,0
122,91,573,26,1968,2093,0
122,92,573,26,834,1683,0
122,93,573,26,1092,318,0
122,94,573,26,1408,102,0
122,95,573,26,1162,1463,0
122,96,573,26,2454,81,0
122,97,573,26,1027,1503,0
122,98,573,26,328,2685,0
122,99,573,26,1047,1127,0
122,100,573,26,2376,2097,0
122,101,573,26,1507,2064,0
122,102,573,26,1735,1517,0
122,103,573,26,2111,103,0
122,104,573,26,21,329,0
122,105,573,26,2868,849,0
122,106,573,26,1471,167,0
122,107,573,26,2373,783,0
122,108,573,26,2621,1680,0
122,109,573,26,170,2120,0
122,110,573,26,2377,1545,0
122,111,573,26,910,2380,0
122,112,573,26,1661,2195,0
122,113,573,26,2991,2168,0
122,114,573,26,546,1098,0
122,115,573,26,1623,2891,0
122,116,573,26,869,1014,0
122,117,573,26,2629,835,0
122,118,573,26,451,822,0
122,119,573,26,1715,636,0
122,120,573,26,1598,516,0
122,121,573,26,611,1374,0
122,123,573,26,2071,2923,0
122,124,573,26,51,271,0
122,125,573,26,875,769,0
122,126,573,26,152,2740,0
122,127,573,26,1986,213,0
122,128,573,26,1386,1070,0
122,129,573,26,2517,1148,0
122,130,573,26,1211,24,0
122,131,573,26,2910,1043,0
122,132,573,26,2000,1243,0
123,0,2071,2923,1768,2264,0
123,1,2071,2923,2913,2734,0
123,2,2071,2923,1215,1942,0
123,3,2071,2923,2051,1971,0
123,4,2071,2923,160,1001,0
123,5,2071,2923,593,821,0
123,6,2071,2923,2145,2101,0
123,7,2071,2923,278,1608,0
123,8,2071,2923,1945,1818,0
123,9,2071,2923,1634,1385,0
123,10,2071,2923,1218,2354,0
123,11,2071,2923,1358,761,0
123,12,2071,2923,2639,274,0
123,13,2071,2923,941,2731,0
123,14,2071,2923,720,403,0
123,15,2071,2923,1392,2291,0
123,16,2071,2923,1876,1945,0
123,17,2071,2923,1569,812,0
123,18,2071,2923,2424,1961,0
123,19,2071,2923,608,1259,0
123,20,2071,2923,192,2342,0
123,21,2071,2923,2422,1595,0
123,22,2071,2923,2722,1804,0
123,23,2071,2923,758,652,0
123,24,2071,2923,2169,2647,0
123,25,2071,2923,48,2991,0
123,26,2071,2923,1766,2358,0
123,27,2071,2923,1735,1517,0
123,28,2071,2923,2661,1773,0
123,29,2071,2923,1563,1335,0
123,30,2071,2923,2769,1586,0
123,31,2071,2923,1591,376,0
123,32,2071,2923,635,1666,0
123,33,2071,2923,2292,1709,0
123,34,2071,2923,1578,1883,0
123,35,2071,2923,2704,1270,0
123,36,2071,2923,828,1169,0
123,37,2071,2923,1910,637,0
123,38,2071,2923,652,2960,0
123,39,2071,2923,1942,2679,0
123,40,2071,2923,1988,920,0
123,41,2071,2923,965,1686,0
123,42,2071,2923,1232,1238,0
123,43,2071,2923,1594,2306,0
123,44,2071,2923,1777,694,0
123,45,2071,2923,2160,1907,0
123,46,2071,2923,2318,2824,1
123,47,2071,2923,155,1778,0
123,48,2071,2923,2364,509,0
123,49,2071,2923,2385,1990,0
123,50,2071,2923,907,2812,0
123,51,2071,2923,645,1169,0
123,52,2071,2923,1928,970,0
123,53,2071,2923,976,2073,0
123,54,2071,2923,2932,2921,0
123,55,2071,2923,2813,381,0
123,56,2071,2923,710,2734,0
123,57,2071,2923,691,1856,0
123,58,2071,2923,1104,657,0
123,59,2071,2923,326,295,0
123,60,2071,2923,2355,1634,0
123,61,2071,2923,981,1913,0
123,62,2071,2923,1569,1249,0
123,63,2071,2923,526,2411,0
123,64,2071,2923,234,659,0
123,65,2071,2923,282,145,0
123,66,2071,2923,2277,2466,0
123,67,2071,2923,869,213,0
123,68,2071,2923,382,2709,0
123,69,2071,2923,370,2819,0
123,70,2071,2923,1897,1399,0
123,71,2071,2923,2867,2702,0
123,72,2071,2923,2660,1168,0
123,73,2071,2923,51,572,0
123,74,2071,2923,2959,2364,0
123,75,2071,2923,220,1332,0
123,76,2071,2923,1764,2646,0
123,77,2071,2923,2399,2358,0
123,78,2071,2923,628,898,0
123,79,2071,2923,1998,2018,0
123,80,2071,2923,485,796,0
123,81,2071,2923,11,2314,0
123,82,2071,2923,55,2348,0
123,83,2071,2923,2951,586,0
123,84,2071,2923,972,630,0
123,85,2071,2923,2272,663,0
123,86,2071,2923,2187,1884,0
123,87,2071,2923,835,2771,0
123,88,2071,2923,1205,1326,0
123,89,2071,2923,1932,616,0
123,90,2071,2923,1276,50,0
123,91,2071,2923,1968,2093,0
123,92,2071,2923,834,1683,0
123,93,2071,2923,1092,318,0
123,94,2071,2923,1408,102,0
123,95,2071,2923,1162,1463,0
123,96,2071,2923,2454,81,0
123,97,2071,2923,1027,1503,0
123,98,2071,2923,328,2685,0
123,99,2071,2923,1047,1127,0
123,100,2071,2923,2376,2097,0
123,101,2071,2923,1507,2064,0
123,102,2071,2923,1735,1517,0
123,103,2071,2923,2111,103,0
123,104,2071,2923,21,329,0
123,105,2071,2923,2868,849,0
123,106,2071,2923,1471,167,0
123,107,2071,2923,2373,783,0
123,108,2071,2923,2621,1680,0
123,109,2071,2923,170,2120,0
123,110,2071,2923,2377,1545,0
123,111,2071,2923,910,2380,0
123,112,2071,2923,1661,2195,0
123,113,2071,2923,2991,2168,0
123,114,2071,2923,546,1098,0
123,115,2071,2923,1623,2891,0
123,116,2071,2923,869,1014,0
123,117,2071,2923,2629,835,0
123,118,2071,2923,451,822,0
123,119,2071,2923,1715,636,0
123,120,2071,2923,1598,516,0
123,121,2071,2923,611,1374,0
123,122,2071,2923,573,26,0
123,124,2071,2923,51,271,0
123,125,2071,2923,875,769,0
123,126,2071,2923,152,2740,0
123,127,2071,2923,1986,213,0
123,128,2071,2923,1386,1070,0
123,129,2071,2923,2517,1148,0
123,130,2071,2923,1211,24,0
123,131,2071,2923,2910,1043,0
123,132,2071,2923,2000,1243,0
124,0,51,271,1768,2264,0
124,1,51,271,2913,2734,0
124,2,51,271,1215,1942,0
124,3,51,271,2051,1971,0
124,4,51,271,160,1001,0
124,5,51,271,593,821,0
124,6,51,271,2145,2101,0
124,7,51,271,278,1608,0
124,8,51,271,1945,1818,0
124,9,51,271,1634,1385,0
124,10,51,271,1218,2354,0
124,11,51,271,1358,761,0
124,12,51,271,2639,274,0
124,13,51,271,941,2731,0
124,14,51,271,720,403,0
124,15,51,271,1392,2291,0
124,16,51,271,1876,1945,0
124,17,51,271,1569,812,0
124,18,51,271,2424,1961,0
124,19,51,271,608,1259,0
124,20,51,271,192,2342,0
124,21,51,271,2422,1595,0
124,22,51,271,2722,1804,0
124,23,51,271,758,652,0
124,24,51,271,2169,2647,0
124,25,51,271,48,2991,0
124,26,51,271,1766,2358,0
124,27,51,271,1735,1517,0
124,28,51,271,2661,1773,0
124,29,51,271,1563,1335,0
124,30,51,271,2769,1586,0
124,31,51,271,1591,376,0
124,32,51,271,635,1666,0
124,33,51,271,2292,1709,0
124,34,51,271,1578,1883,0
124,35,51,271,2704,1270,0
124,36,51,271,828,1169,0
124,37,51,271,1910,637,0
124,38,51,271,652,2960,0
124,39,51,271,1942,2679,0
124,40,51,271,1988,920,0
124,41,51,271,965,1686,0
124,42,51,271,1232,1238,0
124,43,51,271,1594,2306,0
124,44,51,271,1777,694,0
124,45,51,271,2160,1907,0
124,46,51,271,2318,2824,0
124,47,51,271,155,1778,0
124,48,51,271,2364,509,0
124,49,51,271,2385,1990,0
124,50,51,271,907,2812,0
124,51,51,271,645,1169,0
124,52,51,271,1928,970,0
124,53,51,271,976,2073,0
124,54,51,271,2932,2921,0
124,55,51,271,2813,381,0
124,56,51,271,710,2734,0
124,57,51,271,691,1856,0
124,58,51,271,1104,657,0
124,59,51,271,326,295,0
124,60,51,271,2355,1634,0
124,61,51,271,981,1913,0
124,62,51,271,1569,1249,0
124,63,51,271,526,2411,0
124,64,51,271,234,659,0
124,65,51,271,282,145,0
124,66,51,271,2277,2466,0
124,67,51,271,869,213,0
124,68,51,271,382,2709,0
124,69,51,271,370,2819,0
124,70,51,271,1897,1399,0
124,71,51,271,2867,2702,0
124,72,51,271,2660,1168,0
124,73,51,271,51,572,0
124,74,51,271,2959,2364,0
124,75,51,271,220,1332,0
124,76,51,271,1764,2646,0
124,77,51,271,2399,2358,0
124,78,51,271,628,898,0
124,79,51,271,1998,2018,0
124,80,51,271,485,796,0
124,81,51,271,11,2314,0
124,82,51,271,55,2348,0
124,83,51,271,2951,586,0
124,84,51,271,972,630,0
124,85,51,271,2272,663,0
124,86,51,271,2187,1884,0
124,87,51,271,835,2771,0
124,88,51,271,1205,1326,0
124,89,51,271,1932,616,0
124,90,51,271,1276,50,0
124,91,51,271,1968,2093,0
124,92,51,271,834,1683,0
124,93,51,271,1092,318,0
124,94,51,271,1408,102,0
124,95,51,271,1162,1463,0
124,96,51,271,2454,81,0
124,97,51,271,1027,1503,0
124,98,51,271,328,2685,0
124,99,51,271,1047,1127,0
124,100,51,271,2376,2097,0
124,101,51,271,1507,2064,0
124,102,51,271,1735,1517,0
124,103,51,271,2111,103,0
124,104,51,271,21,329,1
124,105,51,271,2868,849,0
124,106,51,271,1471,167,0
124,107,51,271,2373,783,0
124,108,51,271,2621,1680,0
124,109,51,271,170,2120,0
124,110,51,271,2377,1545,0
124,111,51,271,910,2380,0
124,112,51,271,1661,2195,0
124,113,51,271,2991,2168,0
124,114,51,271,546,1098,0
124,115,51,271,1623,2891,0
124,116,51,271,869,1014,0
124,117,51,271,2629,835,0
124,118,51,271,451,822,0
124,119,51,271,1715,636,0
124,120,51,271,1598,516,0
124,121,51,271,611,1374,0
124,122,51,271,573,26,0
124,123,51,271,2071,2923,0
124,125,51,271,875,769,0
124,126,51,271,152,2740,0
124,127,51,271,1986,213,0
124,128,51,271,1386,1070,0
124,129,51,271,2517,1148,0
124,130,51,271,1211,24,0
124,131,51,271,2910,1043,0
124,132,51,271,2000,1243,0
125,0,875,769,1768,2264,0
125,1,875,769,2913,2734,0
125,2,875,769,1215,1942,0
125,3,875,769,2051,1971,0
125,4,875,769,160,1001,0
125,5,875,769,593,821,0
125,6,875,769,2145,2101,0
125,7,875,769,278,1608,0
125,8,875,769,1945,1818,0
125,9,875,769,1634,1385,0
125,10,875,769,1218,2354,0
125,11,875,769,1358,761,0
125,12,875,769,2639,274,0
125,13,875,769,941,2731,0
125,14,875,769,720,403,0
125,15,875,769,1392,2291,0
125,16,875,769,1876,1945,0
125,17,875,769,1569,812,0
125,18,875,769,2424,1961,0
125,19,875,769,608,1259,0
125,20,875,769,192,2342,0
125,21,875,769,2422,1595,0
125,22,875,769,2722,1804,0
125,23,875,769,758,652,0
125,24,875,769,2169,2647,0
125,25,875,769,48,2991,0
125,26,875,769,1766,2358,0
125,27,875,769,1735,1517,0
125,28,875,769,2661,1773,0
125,29,875,769,1563,1335,0
125,30,875,769,2769,1586,0
125,31,875,769,1591,376,0
125,32,875,769,635,1666,0
125,33,875,769,2292,1709,0
125,34,875,769,1578,1883,0
125,35,875,769,2704,1270,0
125,36,875,769,828,1169,0
125,37,875,769,1910,637,0
125,38,875,769,652,2960,0
125,39,875,769,1942,2679,0
125,40,875,769,1988,920,0
125,41,875,769,965,1686,0
125,42,875,769,1232,1238,0
125,43,875,769,1594,2306,0
125,44,875,769,1777,694,0
125,45,875,769,2160,1907,0
125,46,875,769,2318,2824,0
125,47,875,769,155,1778,0
125,48,875,769,2364,509,0
125,49,875,769,2385,1990,0
125,50,875,769,907,2812,0
125,51,875,769,645,1169,0
125,52,875,769,1928,970,0
125,53,875,769,976,2073,0
125,54,875,769,2932,2921,0
125,55,875,769,2813,381,0
125,56,875,769,710,2734,0
125,57,875,769,691,1856,0
125,58,875,769,1104,657,0
125,59,875,769,326,295,0
125,60,875,769,2355,1634,0
125,61,875,769,981,1913,0
125,62,875,769,1569,1249,0
125,63,875,769,526,2411,0
125,64,875,769,234,659,0
125,65,875,769,282,145,0
125,66,875,769,2277,2466,0
125,67,875,769,869,213,0
125,68,875,769,382,2709,0
125,69,875,769,370,2819,0
125,70,875,769,1897,1399,0
125,71,875,769,2867,2702,0
125,72,875,769,2660,1168,0
125,73,875,769,51,572,0
125,74,875,769,2959,2364,0
125,75,875,769,220,1332,0
125,76,875,769,1764,2646,0
125,77,875,769,2399,2358,0
125,78,875,769,628,898,0
125,79,875,769,1998,2018,0
125,80,875,769,485,796,0
125,81,875,769,11,2314,0
125,82,875,769,55,2348,0
125,83,875,769,2951,586,0
125,84,875,769,972,630,1
125,85,875,769,2272,663,0
125,86,875,769,2187,1884,0
125,87,875,769,835,2771,0
125,88,875,769,1205,1326,0
125,89,875,769,1932,616,0
125,90,875,769,1276,50,0
125,91,875,769,1968,2093,0
125,92,875,769,834,1683,0
125,93,875,769,1092,318,0
125,94,875,769,1408,102,0
125,95,875,769,1162,1463,0
125,96,875,769,2454,81,0
125,97,875,769,1027,1503,0
125,98,875,769,328,2685,0
125,99,875,769,1047,1127,0
125,100,875,769,2376,2097,0
125,101,875,769,1507,2064,0
125,102,875,769,1735,1517,0
125,103,875,769,2111,103,0
125,104,875,769,21,329,0
125,105,875,769,2868,849,0
125,106,875,769,1471,167,0
125,107,875,769,2373,783,0
125,108,875,769,2621,1680,0
125,109,875,769,170,2120,0
125,110,875,769,2377,1545,0
125,111,875,769,910,2380,0
125,112,875,769,1661,2195,0
125,113,875,769,2991,2168,0
125,114,875,769,546,1098,0
125,115,875,769,1623,2891,0
125,116,875,769,869,1014,0
125,117,875,769,2629,835,0
125,118,875,769,451,822,0
125,119,875,769,1715,636,0
125,120,875,769,1598,516,0
125,121,875,769,611,1374,0
125,122,875,769,573,26,0
125,123,875,769,2071,2923,0
125,124,875,769,51,271,0
125,126,875,769,152,2740,0
125,127,875,769,1986,213,0
125,128,875,769,1386,1070,0
125,129,875,769,2517,1148,0
125,130,875,769,1211,24,0
125,131,875,769,2910,1043,0
125,132,875,769,2000,1243,0
126,0,152,2740,1768,2264,0
126,1,152,2740,2913,2734,0
126,2,152,2740,1215,1942,0
126,3,152,2740,2051,1971,0
126,4,152,2740,160,1001,0
126,5,152,2740,593,821,0
126,6,152,2740,2145,2101,0
126,7,152,2740,278,1608,0
126,8,152,2740,1945,1818,0
126,9,152,2740,1634,1385,0
126,10,152,2740,1218,2354,0
126,11,152,2740,1358,761,0
126,12,152,2740,2639,274,0
126,13,152,2740,941,2731,0
126,14,152,2740,720,403,0
126,15,152,2740,1392,2291,0
126,16,152,2740,1876,1945,0
126,17,152,2740,1569,812,0
126,18,152,2740,2424,1961,0
126,19,152,2740,608,1259,0
126,20,152,2740,192,2342,0
126,21,152,2740,2422,1595,0
126,22,152,2740,2722,1804,0
126,23,152,2740,758,652,0
126,24,152,2740,2169,2647,0
126,25,152,2740,48,2991,1
126,26,152,2740,1766,2358,0
126,27,152,2740,1735,1517,0
126,28,152,2740,2661,1773,0
126,29,152,2740,1563,1335,0
126,30,152,2740,2769,1586,0
126,31,152,2740,1591,376,0
126,32,152,2740,635,1666,0
126,33,152,2740,2292,1709,0
126,34,152,2740,1578,1883,0
126,35,152,2740,2704,1270,0
126,36,152,2740,828,1169,0
126,37,152,2740,1910,637,0
126,38,152,2740,652,2960,0
126,39,152,2740,1942,2679,0
126,40,152,2740,1988,920,0
126,41,152,2740,965,1686,0
126,42,152,2740,1232,1238,0
126,43,152,2740,1594,2306,0
126,44,152,2740,1777,694,0
126,45,152,2740,2160,1907,0
126,46,152,2740,2318,2824,0
126,47,152,2740,155,1778,0
126,48,152,2740,2364,509,0
126,49,152,2740,2385,1990,0
126,50,152,2740,907,2812,0
126,51,152,2740,645,1169,0
126,52,152,2740,1928,970,0
126,53,152,2740,976,2073,0
126,54,152,2740,2932,2921,0
126,55,152,2740,2813,381,0
126,56,152,2740,710,2734,0
126,57,152,2740,691,1856,0
126,58,152,2740,1104,657,0
126,59,152,2740,326,295,0
126,60,152,2740,2355,1634,0
126,61,152,2740,981,1913,0
126,62,152,2740,1569,1249,0
126,63,152,2740,526,2411,0
126,64,152,2740,234,659,0
126,65,152,2740,282,145,0
126,66,152,2740,2277,2466,0
126,67,152,2740,869,213,0
126,68,152,2740,382,2709,0
126,69,152,2740,370,2819,0
126,70,152,2740,1897,1399,0
126,71,152,2740,2867,2702,0
126,72,152,2740,2660,1168,0
126,73,152,2740,51,572,0
126,74,152,2740,2959,2364,0
126,75,152,2740,220,1332,0
126,76,152,2740,1764,2646,0
126,77,152,2740,2399,2358,0
126,78,152,2740,628,898,0
126,79,152,2740,1998,2018,0
126,80,152,2740,485,796,0
126,81,152,2740,11,2314,0
126,82,152,2740,55,2348,0
126,83,152,2740,2951,586,0
126,84,152,2740,972,630,0
126,85,152,2740,2272,663,0
126,86,152,2740,2187,1884,0
126,87,152,2740,835,2771,0
126,88,152,2740,1205,1326,0
126,89,152,2740,1932,616,0
126,90,152,2740,1276,50,0
126,91,152,2740,1968,2093,0
126,92,152,2740,834,1683,0
126,93,152,2740,1092,318,0
126,94,152,2740,1408,102,0
126,95,152,2740,1162,1463,0
126,96,152,2740,2454,81,0
126,97,152,2740,1027,1503,0
126,98,152,2740,328,2685,0
126,99,152,2740,1047,1127,0
126,100,152,2740,2376,2097,0
126,101,152,2740,1507,2064,0
126,102,152,2740,1735,1517,0
126,103,152,2740,2111,103,0
126,104,152,2740,21,329,0
126,105,152,2740,2868,849,0
126,106,152,2740,1471,167,0
126,107,152,2740,2373,783,0
126,108,152,2740,2621,1680,0
126,109,152,2740,170,2120,0
126,110,152,2740,2377,1545,0
126,111,152,2740,910,2380,0
126,112,152,2740,1661,2195,0
126,113,152,2740,2991,2168,0
126,114,152,2740,546,1098,0
126,115,152,2740,1623,2891,0
126,116,152,2740,869,1014,0
126,117,152,2740,2629,835,0
126,118,152,2740,451,822,0
126,119,152,2740,1715,636,0
126,120,152,2740,1598,516,0
126,121,152,2740,611,1374,0
126,122,152,2740,573,26,0
126,123,152,2740,2071,2923,0
126,124,152,2740,51,271,0
126,125,152,2740,875,769,0
126,127,152,2740,1986,213,0
126,128,152,2740,1386,1070,0
126,129,152,2740,2517,1148,0
126,130,152,2740,1211,24,0
126,131,152,2740,2910,1043,0
126,132,152,2740,2000,1243,0
127,0,1986,213,1768,2264,0
127,1,1986,213,2913,2734,0
127,2,1986,213,1215,1942,0
127,3,1986,213,2051,1971,0
127,4,1986,213,160,1001,0
127,5,1986,213,593,821,0
127,6,1986,213,2145,2101,0
127,7,1986,213,278,1608,0
127,8,1986,213,1945,1818,0
127,9,1986,213,1634,1385,0
127,10,1986,213,1218,2354,0
127,11,1986,213,1358,761,0
127,12,1986,213,2639,274,0
127,13,1986,213,941,2731,0
127,14,1986,213,720,403,0
127,15,1986,213,1392,2291,0
127,16,1986,213,1876,1945,0
127,17,1986,213,1569,812,0
127,18,1986,213,2424,1961,0
127,19,1986,213,608,1259,0
127,20,1986,213,192,2342,0
127,21,1986,213,2422,1595,0
127,22,1986,213,2722,1804,0
127,23,1986,213,758,652,0
127,24,1986,213,2169,2647,0
127,25,1986,213,48,2991,0
127,26,1986,213,1766,2358,0
127,27,1986,213,1735,1517,0
127,28,1986,213,2661,1773,0
127,29,1986,213,1563,1335,0
127,30,1986,213,2769,1586,0
127,31,1986,213,1591,376,0
127,32,1986,213,635,1666,0
127,33,1986,213,2292,1709,0
127,34,1986,213,1578,1883,0
127,35,1986,213,2704,1270,0
127,36,1986,213,828,1169,0
127,37,1986,213,1910,637,0
127,38,1986,213,652,2960,0
127,39,1986,213,1942,2679,0
127,40,1986,213,1988,920,0
127,41,1986,213,965,1686,0
127,42,1986,213,1232,1238,0
127,43,1986,213,1594,2306,0
127,44,1986,213,1777,694,0
127,45,1986,213,2160,1907,0
127,46,1986,213,2318,2824,0
127,47,1986,213,155,1778,0
127,48,1986,213,2364,509,0
127,49,1986,213,2385,1990,0
127,50,1986,213,907,2812,0
127,51,1986,213,645,1169,0
127,52,1986,213,1928,970,0
127,53,1986,213,976,2073,0
127,54,1986,213,2932,2921,0
127,55,1986,213,2813,381,0
127,56,1986,213,710,2734,0
127,57,1986,213,691,1856,0
127,58,1986,213,1104,657,0
127,59,1986,213,326,295,0
127,60,1986,213,2355,1634,0
127,61,1986,213,981,1913,0
127,62,1986,213,1569,1249,0
127,63,1986,213,526,2411,0
127,64,1986,213,234,659,0
127,65,1986,213,282,145,0
127,66,1986,213,2277,2466,0
127,67,1986,213,869,213,0
127,68,1986,213,382,2709,0
127,69,1986,213,370,2819,0
127,70,1986,213,1897,1399,0
127,71,1986,213,2867,2702,0
127,72,1986,213,2660,1168,0
127,73,1986,213,51,572,0
127,74,1986,213,2959,2364,0
127,75,1986,213,220,1332,0
127,76,1986,213,1764,2646,0
127,77,1986,213,2399,2358,0
127,78,1986,213,628,898,0
127,79,1986,213,1998,2018,0
127,80,1986,213,485,796,0
127,81,1986,213,11,2314,0
127,82,1986,213,55,2348,0
127,83,1986,213,2951,586,0
127,84,1986,213,972,630,0
127,85,1986,213,2272,663,0
127,86,1986,213,2187,1884,0
127,87,1986,213,835,2771,0
127,88,1986,213,1205,1326,0
127,89,1986,213,1932,616,1
127,90,1986,213,1276,50,0
127,91,1986,213,1968,2093,0
127,92,1986,213,834,1683,0
127,93,1986,213,1092,318,0
127,94,1986,213,1408,102,0
127,95,1986,213,1162,1463,0
127,96,1986,213,2454,81,0
127,97,1986,213,1027,1503,0
127,98,1986,213,328,2685,0
127,99,1986,213,1047,1127,0
127,100,1986,213,2376,2097,0
127,101,1986,213,1507,2064,0
127,102,1986,213,1735,1517,0
127,103,1986,213,2111,103,0
127,104,1986,213,21,329,0
127,105,1986,213,2868,849,0
127,106,1986,213,1471,167,0
127,107,1986,213,2373,783,0
127,108,1986,213,2621,1680,0
127,109,1986,213,170,2120,0
127,110,1986,213,2377,1545,0
127,111,1986,213,910,2380,0
127,112,1986,213,1661,2195,0
127,113,1986,213,2991,2168,0
127,114,1986,213,546,1098,0
127,115,1986,213,1623,2891,0
127,116,1986,213,869,1014,0
127,117,1986,213,2629,835,0
127,118,1986,213,451,822,0
127,119,1986,213,1715,636,0
127,120,1986,213,1598,516,0
127,121,1986,213,611,1374,0
127,122,1986,213,573,26,0
127,123,1986,213,2071,2923,0
127,124,1986,213,51,271,0
127,125,1986,213,875,769,0
127,126,1986,213,152,2740,0
127,128,1986,213,1386,1070,0
127,129,1986,213,2517,1148,0
127,130,1986,213,1211,24,0
127,131,1986,213,2910,1043,0
127,132,1986,213,2000,1243,0
128,0,1386,1070,1768,2264,0
128,1,1386,1070,2913,2734,0
128,2,1386,1070,1215,1942,0
128,3,1386,1070,2051,1971,0
128,4,1386,1070,160,1001,0
128,5,1386,1070,593,821,0
128,6,1386,1070,2145,2101,0
128,7,1386,1070,278,1608,0
128,8,1386,1070,1945,1818,0
128,9,1386,1070,1634,1385,0
128,10,1386,1070,1218,2354,0
128,11,1386,1070,1358,761,0
128,12,1386,1070,2639,274,0
128,13,1386,1070,941,2731,0
128,14,1386,1070,720,403,0
128,15,1386,1070,1392,2291,0
128,16,1386,1070,1876,1945,0
128,17,1386,1070,1569,812,0
128,18,1386,1070,2424,1961,0
128,19,1386,1070,608,1259,0
128,20,1386,1070,192,2342,0
128,21,1386,1070,2422,1595,0
128,22,1386,1070,2722,1804,0
128,23,1386,1070,758,652,0
128,24,1386,1070,2169,2647,0
128,25,1386,1070,48,2991,0
128,26,1386,1070,1766,2358,0
128,27,1386,1070,1735,1517,0
128,28,1386,1070,2661,1773,0
128,29,1386,1070,1563,1335,0
128,30,1386,1070,2769,1586,0
128,31,1386,1070,1591,376,0
128,32,1386,1070,635,1666,0
128,33,1386,1070,2292,1709,0
128,34,1386,1070,1578,1883,0
128,35,1386,1070,2704,1270,0
128,36,1386,1070,828,1169,0
128,37,1386,1070,1910,637,0
128,38,1386,1070,652,2960,0
128,39,1386,1070,1942,2679,0
128,40,1386,1070,1988,920,0
128,41,1386,1070,965,1686,0
128,42,1386,1070,1232,1238,0
128,43,1386,1070,1594,2306,0
128,44,1386,1070,1777,694,0
128,45,1386,1070,2160,1907,0
128,46,1386,1070,2318,2824,0
128,47,1386,1070,155,1778,0
128,48,1386,1070,2364,509,0
128,49,1386,1070,2385,1990,0
128,50,1386,1070,907,2812,0
128,51,1386,1070,645,1169,0
128,52,1386,1070,1928,970,0
128,53,1386,1070,976,2073,0
128,54,1386,1070,2932,2921,0
128,55,1386,1070,2813,381,0
128,56,1386,1070,710,2734,0
128,57,1386,1070,691,1856,0
128,58,1386,1070,1104,657,0
128,59,1386,1070,326,295,0
128,60,1386,1070,2355,1634,0
128,61,1386,1070,981,1913,0
128,62,1386,1070,1569,1249,1
128,63,1386,1070,526,2411,0
128,64,1386,1070,234,659,0
128,65,1386,1070,282,145,0
128,66,1386,1070,2277,2466,0
128,67,1386,1070,869,213,0
128,68,1386,1070,382,2709,0
128,69,1386,1070,370,2819,0
128,70,1386,1070,1897,1399,0
128,71,1386,1070,2867,2702,0
128,72,1386,1070,2660,1168,0
128,73,1386,1070,51,572,0
128,74,1386,1070,2959,2364,0
128,75,1386,1070,220,1332,0
128,76,1386,1070,1764,2646,0
128,77,1386,1070,2399,2358,0
128,78,1386,1070,628,898,0
128,79,1386,1070,1998,2018,0
128,80,1386,1070,485,796,0
128,81,1386,1070,11,2314,0
128,82,1386,1070,55,2348,0
128,83,1386,1070,2951,586,0
128,84,1386,1070,972,630,0
128,85,1386,1070,2272,663,0
128,86,1386,1070,2187,1884,0
128,87,1386,1070,835,2771,0
128,88,1386,1070,1205,1326,0
128,89,1386,1070,1932,616,0
128,90,1386,1070,1276,50,0
128,91,1386,1070,1968,2093,0
128,92,1386,1070,834,1683,0
128,93,1386,1070,1092,318,0
128,94,1386,1070,1408,102,0
128,95,1386,1070,1162,1463,0
128,96,1386,1070,2454,81,0
128,97,1386,1070,1027,1503,0
128,98,1386,1070,328,2685,0
128,99,1386,1070,1047,1127,0
128,100,1386,1070,2376,2097,0
128,101,1386,1070,1507,2064,0
128,102,1386,1070,1735,1517,0
128,103,1386,1070,2111,103,0
128,104,1386,1070,21,329,0
128,105,1386,1070,2868,849,0
128,106,1386,1070,1471,167,0
128,107,1386,1070,2373,783,0
128,108,1386,1070,2621,1680,0
128,109,1386,1070,170,2120,0
128,110,1386,1070,2377,1545,0
128,111,1386,1070,910,2380,0
128,112,1386,1070,1661,2195,0
128,113,1386,1070,2991,2168,0
128,114,1386,1070,546,1098,0
128,115,1386,1070,1623,2891,0
128,116,1386,1070,869,1014,0
128,117,1386,1070,2629,835,0
128,118,1386,1070,451,822,0
128,119,1386,1070,1715,636,0
128,120,1386,1070,1598,516,0
128,121,1386,1070,611,1374,0
128,122,1386,1070,573,26,0
128,123,1386,1070,2071,2923,0
128,124,1386,1070,51,271,0
128,125,1386,1070,875,769,0
128,126,1386,1070,152,2740,0
128,127,1386,1070,1986,213,0
128,129,1386,1070,2517,1148,0
128,130,1386,1070,1211,24,0
128,131,1386,1070,2910,1043,0
128,132,1386,1070,2000,1243,0
129,0,2517,1148,1768,2264,0
129,1,2517,1148,2913,2734,0
129,2,2517,1148,1215,1942,0
129,3,2517,1148,2051,1971,0
129,4,2517,1148,160,1001,0
129,5,2517,1148,593,821,0
129,6,2517,1148,2145,2101,0
129,7,2517,1148,278,1608,0
129,8,2517,1148,1945,1818,0
129,9,2517,1148,1634,1385,0
129,10,2517,1148,1218,2354,0
129,11,2517,1148,1358,761,0
129,12,2517,1148,2639,274,0
129,13,2517,1148,941,2731,0
129,14,2517,1148,720,403,0
129,15,2517,1148,1392,2291,0
129,16,2517,1148,1876,1945,0
129,17,2517,1148,1569,812,0
129,18,2517,1148,2424,1961,0
129,19,2517,1148,608,1259,0
129,20,2517,1148,192,2342,0
129,21,2517,1148,2422,1595,0
129,22,2517,1148,2722,1804,0
129,23,2517,1148,758,652,0
129,24,2517,1148,2169,2647,0
129,25,2517,1148,48,2991,0
129,26,2517,1148,1766,2358,0
129,27,2517,1148,1735,1517,0
129,28,2517,1148,2661,1773,0
129,29,2517,1148,1563,1335,0
129,30,2517,1148,2769,1586,0
129,31,2517,1148,1591,376,0
129,32,2517,1148,635,1666,0
129,33,2517,1148,2292,1709,0
129,34,2517,1148,1578,1883,0
129,35,2517,1148,2704,1270,0
129,36,2517,1148,828,1169,0
129,37,2517,1148,1910,637,0
129,38,2517,1148,652,2960,0
129,39,2517,1148,1942,2679,0
129,40,2517,1148,1988,920,0
129,41,2517,1148,965,1686,0
129,42,2517,1148,1232,1238,0
129,43,2517,1148,1594,2306,0
129,44,2517,1148,1777,694,0
129,45,2517,1148,2160,1907,0
129,46,2517,1148,2318,2824,0
129,47,2517,1148,155,1778,0
129,48,2517,1148,2364,509,0
129,49,2517,1148,2385,1990,0
129,50,2517,1148,907,2812,0
129,51,2517,1148,645,1169,0
129,52,2517,1148,1928,970,0
129,53,2517,1148,976,2073,0
129,54,2517,1148,2932,2921,0
129,55,2517,1148,2813,381,0
129,56,2517,1148,710,2734,0
129,57,2517,1148,691,1856,0
129,58,2517,1148,1104,657,0
129,59,2517,1148,326,295,0
129,60,2517,1148,2355,1634,0
129,61,2517,1148,981,1913,0
129,62,2517,1148,1569,1249,0
129,63,2517,1148,526,2411,0
129,64,2517,1148,234,659,0
129,65,2517,1148,282,145,0
129,66,2517,1148,2277,2466,0
129,67,2517,1148,869,213,0
129,68,2517,1148,382,2709,0
129,69,2517,1148,370,2819,0
129,70,2517,1148,1897,1399,0
129,71,2517,1148,2867,2702,0
129,72,2517,1148,2660,1168,1
129,73,2517,1148,51,572,0
129,74,2517,1148,2959,2364,0
129,75,2517,1148,220,1332,0
129,76,2517,1148,1764,2646,0
129,77,2517,1148,2399,2358,0
129,78,2517,1148,628,898,0
129,79,2517,1148,1998,2018,0
129,80,2517,1148,485,796,0
129,81,2517,1148,11,2314,0
129,82,2517,1148,55,2348,0
129,83,2517,1148,2951,586,0
129,84,2517,1148,972,630,0
129,85,2517,1148,2272,663,0
129,86,2517,1148,2187,1884,0
129,87,2517,1148,835,2771,0
129,88,2517,1148,1205,1326,0
129,89,2517,1148,1932,616,0
129,90,2517,1148,1276,50,0
129,91,2517,1148,1968,2093,0
129,92,2517,1148,834,1683,0
129,93,2517,1148,1092,318,0
129,94,2517,1148,1408,102,0
129,95,2517,1148,1162,1463,0
129,96,2517,1148,2454,81,0
129,97,2517,1148,1027,1503,0
129,98,2517,1148,328,2685,0
129,99,2517,1148,1047,1127,0
129,100,2517,1148,2376,2097,0
129,101,2517,1148,1507,2064,0
129,102,2517,1148,1735,1517,0
129,103,2517,1148,2111,103,0
129,104,2517,1148,21,329,0
129,105,2517,1148,2868,849,0
129,106,2517,1148,1471,167,0
129,107,2517,1148,2373,783,0
129,108,2517,1148,2621,1680,0
129,109,2517,1148,170,2120,0
129,110,2517,1148,2377,1545,0
129,111,2517,1148,910,2380,0
129,112,2517,1148,1661,2195,0
129,113,2517,1148,2991,2168,0
129,114,2517,1148,546,1098,0
129,115,2517,1148,1623,2891,0
129,116,2517,1148,869,1014,0
129,117,2517,1148,2629,835,0
129,118,2517,1148,451,822,0
129,119,2517,1148,1715,636,0
129,120,2517,1148,1598,516,0
129,121,2517,1148,611,1374,0
129,122,2517,1148,573,26,0
129,123,2517,1148,2071,2923,0
129,124,2517,1148,51,271,0
129,125,2517,1148,875,769,0
129,126,2517,1148,152,2740,0
129,127,2517,1148,1986,213,0
129,128,2517,1148,1386,1070,0
129,130,2517,1148,1211,24,0
129,131,2517,1148,2910,1043,0
129,132,2517,1148,2000,1243,0
130,0,1211,24,1768,2264,0
130,1,1211,24,2913,2734,0
130,2,1211,24,1215,1942,0
130,3,1211,24,2051,1971,0
130,4,1211,24,160,1001,0
130,5,1211,24,593,821,0
130,6,1211,24,2145,2101,0
130,7,1211,24,278,1608,0
130,8,1211,24,1945,1818,0
130,9,1211,24,1634,1385,0
130,10,1211,24,1218,2354,0
130,11,1211,24,1358,761,0
130,12,1211,24,2639,274,0
130,13,1211,24,941,2731,0
130,14,1211,24,720,403,0
130,15,1211,24,1392,2291,0
130,16,1211,24,1876,1945,0
130,17,1211,24,1569,812,0
130,18,1211,24,2424,1961,0
130,19,1211,24,608,1259,0
130,20,1211,24,192,2342,0
130,21,1211,24,2422,1595,0
130,22,1211,24,2722,1804,0
130,23,1211,24,758,652,0
130,24,1211,24,2169,2647,0
130,25,1211,24,48,2991,0
130,26,1211,24,1766,2358,0
130,27,1211,24,1735,1517,0
130,28,1211,24,2661,1773,0
130,29,1211,24,1563,1335,0
130,30,1211,24,2769,1586,0
130,31,1211,24,1591,376,0
130,32,1211,24,635,1666,0
130,33,1211,24,2292,1709,0
130,34,1211,24,1578,1883,0
130,35,1211,24,2704,1270,0
130,36,1211,24,828,1169,0
130,37,1211,24,1910,637,0
130,38,1211,24,652,2960,0
130,39,1211,24,1942,2679,0
130,40,1211,24,1988,920,0
130,41,1211,24,965,1686,0
130,42,1211,24,1232,1238,0
130,43,1211,24,1594,2306,0
130,44,1211,24,1777,694,0
130,45,1211,24,2160,1907,0
130,46,1211,24,2318,2824,0
130,47,1211,24,155,1778,0
130,48,1211,24,2364,509,0
130,49,1211,24,2385,1990,0
130,50,1211,24,907,2812,0
130,51,1211,24,645,1169,0
130,52,1211,24,1928,970,0
130,53,1211,24,976,2073,0
130,54,1211,24,2932,2921,0
130,55,1211,24,2813,381,0
130,56,1211,24,710,2734,0
130,57,1211,24,691,1856,0
130,58,1211,24,1104,657,0
130,59,1211,24,326,295,0
130,60,1211,24,2355,1634,0
130,61,1211,24,981,1913,0
130,62,1211,24,1569,1249,0
130,63,1211,24,526,2411,0
130,64,1211,24,234,659,0
130,65,1211,24,282,145,0
130,66,1211,24,2277,2466,0
130,67,1211,24,869,213,0
130,68,1211,24,382,2709,0
130,69,1211,24,370,2819,0
130,70,1211,24,1897,1399,0
130,71,1211,24,2867,2702,0
130,72,1211,24,2660,1168,0
130,73,1211,24,51,572,0
130,74,1211,24,2959,2364,0
130,75,1211,24,220,1332,0
130,76,1211,24,1764,2646,0
130,77,1211,24,2399,2358,0
130,78,1211,24,628,898,0
130,79,1211,24,1998,2018,0
130,80,1211,24,485,796,0
130,81,1211,24,11,2314,0
130,82,1211,24,55,2348,0
130,83,1211,24,2951,586,0
130,84,1211,24,972,630,0
130,85,1211,24,2272,663,0
130,86,1211,24,2187,1884,0
130,87,1211,24,835,2771,0
130,88,1211,24,1205,1326,0
130,89,1211,24,1932,616,0
130,90,1211,24,1276,50,0
130,91,1211,24,1968,2093,0
130,92,1211,24,834,1683,0
130,93,1211,24,1092,318,1
130,94,1211,24,1408,102,0
130,95,1211,24,1162,1463,0
130,96,1211,24,2454,81,0
130,97,1211,24,1027,1503,0
130,98,1211,24,328,2685,0
130,99,1211,24,1047,1127,0
130,100,1211,24,2376,2097,0
130,101,1211,24,1507,2064,0
130,102,1211,24,1735,1517,0
130,103,1211,24,2111,103,0
130,104,1211,24,21,329,0
130,105,1211,24,2868,849,0
130,106,1211,24,1471,167,0
130,107,1211,24,2373,783,0
130,108,1211,24,2621,1680,0
130,109,1211,24,170,2120,0
130,110,1211,24,2377,1545,0
130,111,1211,24,910,2380,0
130,112,1211,24,1661,2195,0
130,113,1211,24,2991,2168,0
130,114,1211,24,546,1098,0
130,115,1211,24,1623,2891,0
130,116,1211,24,869,1014,0
130,117,1211,24,2629,835,0
130,118,1211,24,451,822,0
130,119,1211,24,1715,636,0
130,120,1211,24,1598,516,0
130,121,1211,24,611,1374,0
130,122,1211,24,573,26,0
130,123,1211,24,2071,2923,0
130,124,1211,24,51,271,0
130,125,1211,24,875,769,0
130,126,1211,24,152,2740,0
130,127,1211,24,1986,213,0
130,128,1211,24,1386,1070,0
130,129,1211,24,2517,1148,0
130,131,1211,24,2910,1043,0
130,132,1211,24,2000,1243,0
131,0,2910,1043,1768,2264,0
131,1,2910,1043,2913,2734,0
131,2,2910,1043,1215,1942,0
131,3,2910,1043,2051,1971,0
131,4,2910,1043,160,1001,0
131,5,2910,1043,593,821,0
131,6,2910,1043,2145,2101,0
131,7,2910,1043,278,1608,0
131,8,2910,1043,1945,1818,0
131,9,2910,1043,1634,1385,0
131,10,2910,1043,1218,2354,0
131,11,2910,1043,1358,761,0
131,12,2910,1043,2639,274,0
131,13,2910,1043,941,2731,0
131,14,2910,1043,720,403,0
131,15,2910,1043,1392,2291,0
131,16,2910,1043,1876,1945,0
131,17,2910,1043,1569,812,0
131,18,2910,1043,2424,1961,0
131,19,2910,1043,608,1259,0
131,20,2910,1043,192,2342,0
131,21,2910,1043,2422,1595,0
131,22,2910,1043,2722,1804,0
131,23,2910,1043,758,652,0
131,24,2910,1043,2169,2647,0
131,25,2910,1043,48,2991,0
131,26,2910,1043,1766,2358,0
131,27,2910,1043,1735,1517,0
131,28,2910,1043,2661,1773,0
131,29,2910,1043,1563,1335,0
131,30,2910,1043,2769,1586,0
131,31,2910,1043,1591,376,0
131,32,2910,1043,635,1666,0
131,33,2910,1043,2292,1709,0
131,34,2910,1043,1578,1883,0
131,35,2910,1043,2704,1270,0
131,36,2910,1043,828,1169,0
131,37,2910,1043,1910,637,0
131,38,2910,1043,652,2960,0
131,39,2910,1043,1942,2679,0
131,40,2910,1043,1988,920,0
131,41,2910,1043,965,1686,0
131,42,2910,1043,1232,1238,0
131,43,2910,1043,1594,2306,0
131,44,2910,1043,1777,694,0
131,45,2910,1043,2160,1907,0
131,46,2910,1043,2318,2824,0
131,47,2910,1043,155,1778,0
131,48,2910,1043,2364,509,0
131,49,2910,1043,2385,1990,0
131,50,2910,1043,907,2812,0
131,51,2910,1043,645,1169,0
131,52,2910,1043,1928,970,0
131,53,2910,1043,976,2073,0
131,54,2910,1043,2932,2921,0
131,55,2910,1043,2813,381,0
131,56,2910,1043,710,2734,0
131,57,2910,1043,691,1856,0
131,58,2910,1043,1104,657,0
131,59,2910,1043,326,295,0
131,60,2910,1043,2355,1634,0
131,61,2910,1043,981,1913,0
131,62,2910,1043,1569,1249,0
131,63,2910,1043,526,2411,0
131,64,2910,1043,234,659,0
131,65,2910,1043,282,145,0
131,66,2910,1043,2277,2466,0
131,67,2910,1043,869,213,0
131,68,2910,1043,382,2709,0
131,69,2910,1043,370,2819,0
131,70,2910,1043,1897,1399,0
131,71,2910,1043,2867,2702,0
131,72,2910,1043,2660,1168,0
131,73,2910,1043,51,572,0
131,74,2910,1043,2959,2364,0
131,75,2910,1043,220,1332,0
131,76,2910,1043,1764,2646,0
131,77,2910,1043,2399,2358,0
131,78,2910,1043,628,898,0
131,79,2910,1043,1998,2018,0
131,80,2910,1043,485,796,0
131,81,2910,1043,11,2314,0
131,82,2910,1043,55,2348,0
131,83,2910,1043,2951,586,0
131,84,2910,1043,972,630,0
131,85,2910,1043,2272,663,0
131,86,2910,1043,2187,1884,0
131,87,2910,1043,835,2771,0
131,88,2910,1043,1205,1326,0
131,89,2910,1043,1932,616,0
131,90,2910,1043,1276,50,0
131,91,2910,1043,1968,2093,0
131,92,2910,1043,834,1683,0
131,93,2910,1043,1092,318,0
131,94,2910,1043,1408,102,0
131,95,2910,1043,1162,1463,0
131,96,2910,1043,2454,81,0
131,97,2910,1043,1027,1503,0
131,98,2910,1043,328,2685,0
131,99,2910,1043,1047,1127,0
131,100,2910,1043,2376,2097,0
131,101,2910,1043,1507,2064,0
131,102,2910,1043,1735,1517,0
131,103,2910,1043,2111,103,0
131,104,2910,1043,21,329,0
131,105,2910,1043,2868,849,1
131,106,2910,1043,1471,167,0
131,107,2910,1043,2373,783,0
131,108,2910,1043,2621,1680,0
131,109,2910,1043,170,2120,0
131,110,2910,1043,2377,1545,0
131,111,2910,1043,910,2380,0
131,112,2910,1043,1661,2195,0
131,113,2910,1043,2991,2168,0
131,114,2910,1043,546,1098,0
131,115,2910,1043,1623,2891,0
131,116,2910,1043,869,1014,0
131,117,2910,1043,2629,835,0
131,118,2910,1043,451,822,0
131,119,2910,1043,1715,636,0
131,120,2910,1043,1598,516,0
131,121,2910,1043,611,1374,0
131,122,2910,1043,573,26,0
131,123,2910,1043,2071,2923,0
131,124,2910,1043,51,271,0
131,125,2910,1043,875,769,0
131,126,2910,1043,152,2740,0
131,127,2910,1043,1986,213,0
131,128,2910,1043,1386,1070,0
131,129,2910,1043,2517,1148,0
131,130,2910,1043,1211,24,0
131,132,2910,1043,2000,1243,0
132,0,2000,1243,1768,2264,0
132,1,2000,1243,2913,2734,0
132,2,2000,1243,1215,1942,0
132,3,2000,1243,2051,1971,0
132,4,2000,1243,160,1001,0
132,5,2000,1243,593,821,0
132,6,2000,1243,2145,2101,0
132,7,2000,1243,278,1608,0
132,8,2000,1243,1945,1818,0
132,9,2000,1243,1634,1385,0
132,10,2000,1243,1218,2354,0
132,11,2000,1243,1358,761,0
132,12,2000,1243,2639,274,0
132,13,2000,1243,941,2731,0
132,14,2000,1243,720,403,0
132,15,2000,1243,1392,2291,0
132,16,2000,1243,1876,1945,0
132,17,2000,1243,1569,812,0
132,18,2000,1243,2424,1961,0
132,19,2000,1243,608,1259,0
132,20,2000,1243,192,2342,0
132,21,2000,1243,2422,1595,0
132,22,2000,1243,2722,1804,0
132,23,2000,1243,758,652,0
132,24,2000,1243,2169,2647,0
132,25,2000,1243,48,2991,0
132,26,2000,1243,1766,2358,0
132,27,2000,1243,1735,1517,0
132,28,2000,1243,2661,1773,0
132,29,2000,1243,1563,1335,0
132,30,2000,1243,2769,1586,0
132,31,2000,1243,1591,376,0
132,32,2000,1243,635,1666,0
132,33,2000,1243,2292,1709,0
132,34,2000,1243,1578,1883,0
132,35,2000,1243,2704,1270,0
132,36,2000,1243,828,1169,0
132,37,2000,1243,1910,637,0
132,38,2000,1243,652,2960,0
132,39,2000,1243,1942,2679,0
132,40,2000,1243,1988,920,0
132,41,2000,1243,965,1686,0
132,42,2000,1243,1232,1238,0
132,43,2000,1243,1594,2306,0
132,44,2000,1243,1777,694,0
132,45,2000,1243,2160,1907,0
132,46,2000,1243,2318,2824,0
132,47,2000,1243,155,1778,0
132,48,2000,1243,2364,509,0
132,49,2000,1243,2385,1990,0
132,50,2000,1243,907,2812,0
132,51,2000,1243,645,1169,0
132,52,2000,1243,1928,970,1
132,53,2000,1243,976,2073,0
132,54,2000,1243,2932,2921,0
132,55,2000,1243,2813,381,0
132,56,2000,1243,710,2734,0
132,57,2000,1243,691,1856,0
132,58,2000,1243,1104,657,0
132,59,2000,1243,326,295,0
132,60,2000,1243,2355,1634,0
132,61,2000,1243,981,1913,0
132,62,2000,1243,1569,1249,0
132,63,2000,1243,526,2411,0
132,64,2000,1243,234,659,0
132,65,2000,1243,282,145,0
132,66,2000,1243,2277,2466,0
132,67,2000,1243,869,213,0
132,68,2000,1243,382,2709,0
132,69,2000,1243,370,2819,0
132,70,2000,1243,1897,1399,0
132,71,2000,1243,2867,2702,0
132,72,2000,1243,2660,1168,0
132,73,2000,1243,51,572,0
132,74,2000,1243,2959,2364,0
132,75,2000,1243,220,1332,0
132,76,2000,1243,1764,2646,0
132,77,2000,1243,2399,2358,0
132,78,2000,1243,628,898,0
132,79,2000,1243,1998,2018,0
132,80,2000,1243,485,796,0
132,81,2000,1243,11,2314,0
132,82,2000,1243,55,2348,0
132,83,2000,1243,2951,586,0
132,84,2000,1243,972,630,0
132,85,2000,1243,2272,663,0
132,86,2000,1243,2187,1884,0
132,87,2000,1243,835,2771,0
132,88,2000,1243,1205,1326,0
132,89,2000,1243,1932,616,0
132,90,2000,1243,1276,50,0
132,91,2000,1243,1968,2093,0
132,92,2000,1243,834,1683,0
132,93,2000,1243,1092,318,0
132,94,2000,1243,1408,102,0
132,95,2000,1243,1162,1463,0
132,96,2000,1243,2454,81,0
132,97,2000,1243,1027,1503,0
132,98,2000,1243,328,2685,0
132,99,2000,1243,1047,1127,0
132,100,2000,1243,2376,2097,0
132,101,2000,1243,1507,2064,0
132,102,2000,1243,1735,1517,0
132,103,2000,1243,2111,103,0
132,104,2000,1243,21,329,0
132,105,2000,1243,2868,849,0
132,106,2000,1243,1471,167,0
132,107,2000,1243,2373,783,0
132,108,2000,1243,2621,1680,0
132,109,2000,1243,170,2120,0
132,110,2000,1243,2377,1545,0
132,111,2000,1243,910,2380,0
132,112,2000,1243,1661,2195,0
132,113,2000,1243,2991,2168,0
132,114,2000,1243,546,1098,0
132,115,2000,1243,1623,2891,0
132,116,2000,1243,869,1014,0
132,117,2000,1243,2629,835,0
132,118,2000,1243,451,822,0
132,119,2000,1243,1715,636,0
132,120,2000,1243,1598,516,0
132,121,2000,1243,611,1374,0
132,122,2000,1243,573,26,0
132,123,2000,1243,2071,2923,0
132,124,2000,1243,51,271,0
132,125,2000,1243,875,769,0
132,126,2000,1243,152,2740,0
132,127,2000,1243,1986,213,0
132,128,2000,1243,1386,1070,0
132,129,2000,1243,2517,1148,0
132,130,2000,1243,1211,24,0
132,131,2000,1243,2910,1043,0
