from_node,to_node,from_x,from_y,to_x,to_y,is_in_tour
0,1,1639,2892,1329,745,0
0,2,1639,2892,443,1218,0
0,3,1639,2892,2514,1181,0
0,4,1639,2892,2286,223,0
0,5,1639,2892,595,2408,0
0,6,1639,2892,1383,2289,0
0,7,1639,2892,1795,201,0
0,8,1639,2892,2598,838,0
0,9,1639,2892,813,1715,0
0,10,1639,2892,1135,391,0
0,11,1639,2892,1132,1878,0
0,12,1639,2892,2041,661,0
0,13,1639,2892,1434,670,0
0,14,1639,2892,300,623,0
0,15,1639,2892,1559,2032,0
0,16,1639,2892,1224,2119,0
0,17,1639,2892,838,460,0
0,18,1639,2892,352,2688,0
0,19,1639,2892,2179,352,0
0,20,1639,2892,525,672,0
0,21,1639,2892,1652,2883,0
0,22,1639,2892,1373,2660,0
0,23,1639,2892,2814,1659,0
0,24,1639,2892,1449,1659,0
0,25,1639,2892,2305,1303,0
0,26,1639,2892,769,677,0
0,27,1639,2892,2295,2940,0
0,28,1639,2892,577,2880,0
0,29,1639,2892,1614,2810,1
0,30,1639,2892,47,1395,0
0,31,1639,2892,2664,803,0
0,32,1639,2892,2309,2153,0
0,33,1639,2892,2074,2182,0
0,34,1639,2892,1554,11,0
0,35,1639,2892,1400,2146,0
0,36,1639,2892,1795,740,0
0,37,1639,2892,931,567,0
0,38,1639,2892,1254,1779,0
0,39,1639,2892,45,883,0
0,40,1639,2892,1359,119,0
0,41,1639,2892,2127,1277,0
0,42,1639,2892,2925,1375,0
0,43,1639,2892,2505,1463,0
0,44,1639,2892,1791,2744,0
0,45,1639,2892,1916,1718,0
0,46,1639,2892,167,2831,0
0,47,1639,2892,2315,236,0
0,48,1639,2892,1902,1139,0
0,49,1639,2892,1443,2554,0
0,50,1639,2892,194,2519,0
0,51,1639,2892,301,248,0
0,52,1639,2892,934,2502,0
0,53,1639,2892,343,1045,0
0,54,1639,2892,1542,1250,0
0,55,1639,2892,2149,1171,0
0,56,1639,2892,2055,1783,0
0,57,1639,2892,941,1993,0
0,58,1639,2892,123,1452,0
0,59,1639,2892,2845,2865,0
0,60,1639,2892,1089,2442,0
0,61,1639,2892,859,1946,0
0,62,1639,2892,1024,191,0
0,63,1639,2892,640,1179,0
0,64,1639,2892,2225,946,0
0,65,1639,2892,349,822,0
0,66,1639,2892,826,2377,0
0,67,1639,2892,1638,96,0
0,68,1639,2892,2727,990,0
0,69,1639,2892,2915,1910,0
0,70,1639,2892,1406,1407,0
0,71,1639,2892,2216,2614,0
0,72,1639,2892,1497,453,0
0,73,1639,2892,1462,1798,0
0,74,1639,2892,1212,215,0
0,75,1639,2892,2881,2014,0
0,76,1639,2892,32,1929,0
0,77,1639,2892,2695,266,0
0,78,1639,2892,2042,2855,0
0,79,1639,2892,193,1354,0
0,80,1639,2892,123,892,0
0,81,1639,2892,2391,199,0
0,82,1639,2892,738,1556,0
0,83,1639,2892,656,1512,0
0,84,1639,2892,2081,2886,0
0,85,1639,2892,2720,2097,0
0,86,1639,2892,2245,1289,0
0,87,1639,2892,714,2990,0
0,88,1639,2892,2800,641,0
0,89,1639,2892,2389,2741,0
0,90,1639,2892,538,2170,0
0,91,1639,2892,2767,2393,0
0,92,1639,2892,1270,693,0
0,93,1639,2892,2649,133,0
0,94,1639,2892,782,2023,0
0,95,1639,2892,551,1308,0
0,96,1639,2892,2784,254,0
0,97,1639,2892,2443,1306,0
0,98,1639,2892,1619,1722,0
0,99,1639,2892,508,1060,0
0,100,1639,2892,2201,1345,0
0,101,1639,2892,2587,861,0
0,102,1639,2892,2593,412,0
0,103,1639,2892,2995,1976,0
0,104,1639,2892,2546,755,0
0,105,1639,2892,1384,10,0
0,106,1639,2892,1458,697,0
0,107,1639,2892,52,2157,0
0,108,1639,2892,2017,217,0
0,109,1639,2892,2750,1252,0
0,110,1639,2892,1972,2182,0
0,111,1639,2892,736,1220,0
0,112,1639,2892,1701,2178,0
0,113,1639,2892,27,769,0
0,114,1639,2892,148,1215,0
0,115,1639,2892,1308,917,0
0,116,1639,2892,579,885,0
0,117,1639,2892,2737,2060,0
0,118,1639,2892,1739,2828,0
0,119,1639,2892,1339,2055,0
0,120,1639,2892,1479,618,0
0,121,1639,2892,1518,2678,0
0,122,1639,2892,2663,2085,0
0,123,1639,2892,1536,440,0
0,124,1639,2892,2347,485,0
0,125,1639,2892,2244,1545,0
0,126,1639,2892,1821,2562,0
0,127,1639,2892,1162,1754,0
0,128,1639,2892,476,1205,0
0,129,1639,2892,1692,876,0
0,130,1639,2892,300,1205,0
0,131,1639,2892,2003,1714,0
0,132,1639,2892,381,1336,0
0,133,1639,2892,2948,2728,0
0,134,1639,2892,1258,2583,0
0,135,1639,2892,1121,2987,0
0,136,1639,2892,2245,575,0
0,137,1639,2892,721,430,0
0,138,1639,2892,1441,992,0
0,139,1639,2892,2326,2998,0
0,140,1639,2892,976,329,0
0,141,1639,2892,2900,191,0
0,142,1639,2892,1962,1771,0
0,143,1639,2892,238,1665,0
0,144,1639,2892,295,1936,0
0,145,1639,2892,1854,141,0
0,146,1639,2892,2927,2918,0
0,147,1639,2892,652,2117,0
0,148,1639,2892,1281,1593,0
0,149,1639,2892,1093,2355,0
0,150,1639,2892,821,2889,0
0,151,1639,2892,2640,293,0
0,152,1639,2892,2213,1092,0
0,153,1639,2892,2554,526,0
0,154,1639,2892,773,2759,0
0,155,1639,2892,2398,2598,0
0,156,1639,2892,352,1773,0
0,157,1639,2892,136,1123,0
0,158,1639,2892,2533,1961,0
0,159,1639,2892,1274,2648,0
0,160,1639,2892,2856,1016,0
0,161,1639,2892,723,68,0
0,162,1639,2892,1849,735,0
0,163,1639,2892,1750,564,0
0,164,1639,2892,21,376,0
0,165,1639,2892,2035,939,0
0,166,1639,2892,1752,1825,0
0,167,1639,2892,2384,871,0
0,168,1639,2892,1034,788,0
0,169,1639,2892,1867,2645,0
0,170,1639,2892,940,504,0
0,171,1639,2892,1519,1618,0
0,172,1639,2892,1392,2416,0
0,173,1639,2892,1843,947,0
0,174,1639,2892,1387,1345,0
0,175,1639,2892,2479,1210,0
0,176,1639,2892,1555,1680,0
0,177,1639,2892,160,2470,0
0,178,1639,2892,2692,2143,0
0,179,1639,2892,158,2357,0
0,180,1639,2892,2335,890,0
0,181,1639,2892,1761,1075,0
0,182,1639,2892,2099,406,0
1,0,1329,745,1639,2892,0
1,2,1329,745,443,1218,0
1,3,1329,745,2514,1181,0
1,4,1329,745,2286,223,0
1,5,1329,745,595,2408,0
1,6,1329,745,1383,2289,0
1,7,1329,745,1795,201,0
1,8,1329,745,2598,838,0
1,9,1329,745,813,1715,0
1,10,1329,745,1135,391,0
1,11,1329,745,1132,1878,0
1,12,1329,745,2041,661,0
1,13,1329,745,1434,670,0
1,14,1329,745,300,623,0
1,15,1329,745,1559,2032,0
1,16,1329,745,1224,2119,0
1,17,1329,745,838,460,0
1,18,1329,745,352,2688,0
1,19,1329,745,2179,352,0
1,20,1329,745,525,672,0
1,21,1329,745,1652,2883,0
1,22,1329,745,1373,2660,0
1,23,1329,745,2814,1659,0
1,24,1329,745,1449,1659,0
1,25,1329,745,2305,1303,0
1,26,1329,745,769,677,0
1,27,1329,745,2295,2940,0
1,28,1329,745,577,2880,0
1,29,1329,745,1614,2810,0
1,30,1329,745,47,1395,0
1,31,1329,745,2664,803,0
1,32,1329,745,2309,2153,0
1,33,1329,745,2074,2182,0
1,34,1329,745,1554,11,0
1,35,1329,745,1400,2146,0
1,36,1329,745,1795,740,0
1,37,1329,745,931,567,0
1,38,1329,745,1254,1779,0
1,39,1329,745,45,883,0
1,40,1329,745,1359,119,0
1,41,1329,745,2127,1277,0
1,42,1329,745,2925,1375,0
1,43,1329,745,2505,1463,0
1,44,1329,745,1791,2744,0
1,45,1329,745,1916,1718,0
1,46,1329,745,167,2831,0
1,47,1329,745,2315,236,0
1,48,1329,745,1902,1139,0
1,49,1329,745,1443,2554,0
1,50,1329,745,194,2519,0
1,51,1329,745,301,248,0
1,52,1329,745,934,2502,0
1,53,1329,745,343,1045,0
1,54,1329,745,1542,1250,0
1,55,1329,745,2149,1171,0
1,56,1329,745,2055,1783,0
1,57,1329,745,941,1993,0
1,58,1329,745,123,1452,0
1,59,1329,745,2845,2865,0
1,60,1329,745,1089,2442,0
1,61,1329,745,859,1946,0
1,62,1329,745,1024,191,0
1,63,1329,745,640,1179,0
1,64,1329,745,2225,946,0
1,65,1329,745,349,822,0
1,66,1329,745,826,2377,0
1,67,1329,745,1638,96,0
1,68,1329,745,2727,990,0
1,69,1329,745,2915,1910,0
1,70,1329,745,1406,1407,0
1,71,1329,745,2216,2614,0
1,72,1329,745,1497,453,0
1,73,1329,745,1462,1798,0
1,74,1329,745,1212,215,0
1,75,1329,745,2881,2014,0
1,76,1329,745,32,1929,0
1,77,1329,745,2695,266,0
1,78,1329,745,2042,2855,0
1,79,1329,745,193,1354,0
1,80,1329,745,123,892,0
1,81,1329,745,2391,199,0
1,82,1329,745,738,1556,0
1,83,1329,745,656,1512,0
1,84,1329,745,2081,2886,0
1,85,1329,745,2720,2097,0
1,86,1329,745,2245,1289,0
1,87,1329,745,714,2990,0
1,88,1329,745,2800,641,0
1,89,1329,745,2389,2741,0
1,90,1329,745,538,2170,0
1,91,1329,745,2767,2393,0
1,92,1329,745,1270,693,1
1,93,1329,745,2649,133,0
1,94,1329,745,782,2023,0
1,95,1329,745,551,1308,0
1,96,1329,745,2784,254,0
1,97,1329,745,2443,1306,0
1,98,1329,745,1619,1722,0
1,99,1329,745,508,1060,0
1,100,1329,745,2201,1345,0
1,101,1329,745,2587,861,0
1,102,1329,745,2593,412,0
1,103,1329,745,2995,1976,0
1,104,1329,745,2546,755,0
1,105,1329,745,1384,10,0
1,106,1329,745,1458,697,0
1,107,1329,745,52,2157,0
1,108,1329,745,2017,217,0
1,109,1329,745,2750,1252,0
1,110,1329,745,1972,2182,0
1,111,1329,745,736,1220,0
1,112,1329,745,1701,2178,0
1,113,1329,745,27,769,0
1,114,1329,745,148,1215,0
1,115,1329,745,1308,917,0
1,116,1329,745,579,885,0
1,117,1329,745,2737,2060,0
1,118,1329,745,1739,2828,0
1,119,1329,745,1339,2055,0
1,120,1329,745,1479,618,0
1,121,1329,745,1518,2678,0
1,122,1329,745,2663,2085,0
1,123,1329,745,1536,440,0
1,124,1329,745,2347,485,0
1,125,1329,745,2244,1545,0
1,126,1329,745,1821,2562,0
1,127,1329,745,1162,1754,0
1,128,1329,745,476,1205,0
1,129,1329,745,1692,876,0
1,130,1329,745,300,1205,0
1,131,1329,745,2003,1714,0
1,132,1329,745,381,1336,0
1,133,1329,745,2948,2728,0
1,134,1329,745,1258,2583,0
1,135,1329,745,1121,2987,0
1,136,1329,745,2245,575,0
1,137,1329,745,721,430,0
1,138,1329,745,1441,992,0
1,139,1329,745,2326,2998,0
1,140,1329,745,976,329,0
1,141,1329,745,2900,191,0
1,142,1329,745,1962,1771,0
1,143,1329,745,238,1665,0
1,144,1329,745,295,1936,0
1,145,1329,745,1854,141,0
1,146,1329,745,2927,2918,0
1,147,1329,745,652,2117,0
1,148,1329,745,1281,1593,0
1,149,1329,745,1093,2355,0
1,150,1329,745,821,2889,0
1,151,1329,745,2640,293,0
1,152,1329,745,2213,1092,0
1,153,1329,745,2554,526,0
1,154,1329,745,773,2759,0
1,155,1329,745,2398,2598,0
1,156,1329,745,352,1773,0
1,157,1329,745,136,1123,0
1,158,1329,745,2533,1961,0
1,159,1329,745,1274,2648,0
1,160,1329,745,2856,1016,0
1,161,1329,745,723,68,0
1,162,1329,745,1849,735,0
1,163,1329,745,1750,564,0
1,164,1329,745,21,376,0
1,165,1329,745,2035,939,0
1,166,1329,745,1752,1825,0
1,167,1329,745,2384,871,0
1,168,1329,745,1034,788,0
1,169,1329,745,1867,2645,0
1,170,1329,745,940,504,0
1,171,1329,745,1519,1618,0
1,172,1329,745,1392,2416,0
1,173,1329,745,1843,947,0
1,174,1329,745,1387,1345,0
1,175,1329,745,2479,1210,0
1,176,1329,745,1555,1680,0
1,177,1329,745,160,2470,0
1,178,1329,745,2692,2143,0
1,179,1329,745,158,2357,0
1,180,1329,745,2335,890,0
1,181,1329,745,1761,1075,0
1,182,1329,745,2099,406,0
2,0,443,1218,1639,2892,0
2,1,443,1218,1329,745,0
2,3,443,1218,2514,1181,0
2,4,443,1218,2286,223,0
2,5,443,1218,595,2408,0
2,6,443,1218,1383,2289,0
2,7,443,1218,1795,201,0
2,8,443,1218,2598,838,0
2,9,443,1218,813,1715,0
2,10,443,1218,1135,391,0
2,11,443,1218,1132,1878,0
2,12,443,1218,2041,661,0
2,13,443,1218,1434,670,0
2,14,443,1218,300,623,0
2,15,443,1218,1559,2032,0
2,16,443,1218,1224,2119,0
2,17,443,1218,838,460,0
2,18,443,1218,352,2688,0
2,19,443,1218,2179,352,0
2,20,443,1218,525,672,0
2,21,443,1218,1652,2883,0
2,22,443,1218,1373,2660,0
2,23,443,1218,2814,1659,0
2,24,443,1218,1449,1659,0
2,25,443,1218,2305,1303,0
2,26,443,1218,769,677,0
2,27,443,1218,2295,2940,0
2,28,443,1218,577,2880,0
2,29,443,1218,1614,2810,0
2,30,443,1218,47,1395,0
2,31,443,1218,2664,803,0
2,32,443,1218,2309,2153,0
2,33,443,1218,2074,2182,0
2,34,443,1218,1554,11,0
2,35,443,1218,1400,2146,0
2,36,443,1218,1795,740,0
2,37,443,1218,931,567,0
2,38,443,1218,1254,1779,0
2,39,443,1218,45,883,0
2,40,443,1218,1359,119,0
2,41,443,1218,2127,1277,0
2,42,443,1218,2925,1375,0
2,43,443,1218,2505,1463,0
2,44,443,1218,1791,2744,0
2,45,443,1218,1916,1718,0
2,46,443,1218,167,2831,0
2,47,443,1218,2315,236,0
2,48,443,1218,1902,1139,0
2,49,443,1218,1443,2554,0
2,50,443,1218,194,2519,0
2,51,443,1218,301,248,0
2,52,443,1218,934,2502,0
2,53,443,1218,343,1045,0
2,54,443,1218,1542,1250,0
2,55,443,1218,2149,1171,0
2,56,443,1218,2055,1783,0
2,57,443,1218,941,1993,0
2,58,443,1218,123,1452,0
2,59,443,1218,2845,2865,0
2,60,443,1218,1089,2442,0
2,61,443,1218,859,1946,0
2,62,443,1218,1024,191,0
2,63,443,1218,640,1179,0
2,64,443,1218,2225,946,0
2,65,443,1218,349,822,0
2,66,443,1218,826,2377,0
2,67,443,1218,1638,96,0
2,68,443,1218,2727,990,0
2,69,443,1218,2915,1910,0
2,70,443,1218,1406,1407,0
2,71,443,1218,2216,2614,0
2,72,443,1218,1497,453,0
2,73,443,1218,1462,1798,0
2,74,443,1218,1212,215,0
2,75,443,1218,2881,2014,0
2,76,443,1218,32,1929,0
2,77,443,1218,2695,266,0
2,78,443,1218,2042,2855,0
2,79,443,1218,193,1354,0
2,80,443,1218,123,892,0
2,81,443,1218,2391,199,0
2,82,443,1218,738,1556,0
2,83,443,1218,656,1512,0
2,84,443,1218,2081,2886,0
2,85,443,1218,2720,2097,0
2,86,443,1218,2245,1289,0
2,87,443,1218,714,2990,0
2,88,443,1218,2800,641,0
2,89,443,1218,2389,2741,0
2,90,443,1218,538,2170,0
2,91,443,1218,2767,2393,0
2,92,443,1218,1270,693,0
2,93,443,1218,2649,133,0
2,94,443,1218,782,2023,0
2,95,443,1218,551,1308,0
2,96,443,1218,2784,254,0
2,97,443,1218,2443,1306,0
2,98,443,1218,1619,1722,0
2,99,443,1218,508,1060,0
2,100,443,1218,2201,1345,0
2,101,443,1218,2587,861,0
2,102,443,1218,2593,412,0
2,103,443,1218,2995,1976,0
2,104,443,1218,2546,755,0
2,105,443,1218,1384,10,0
2,106,443,1218,1458,697,0
2,107,443,1218,52,2157,0
2,108,443,1218,2017,217,0
2,109,443,1218,2750,1252,0
2,110,443,1218,1972,2182,0
2,111,443,1218,736,1220,0
2,112,443,1218,1701,2178,0
2,113,443,1218,27,769,0
2,114,443,1218,148,1215,0
2,115,443,1218,1308,917,0
2,116,443,1218,579,885,0
2,117,443,1218,2737,2060,0
2,118,443,1218,1739,2828,0
2,119,443,1218,1339,2055,0
2,120,443,1218,1479,618,0
2,121,443,1218,1518,2678,0
2,122,443,1218,2663,2085,0
2,123,443,1218,1536,440,0
2,124,443,1218,2347,485,0
2,125,443,1218,2244,1545,0
2,126,443,1218,1821,2562,0
2,127,443,1218,1162,1754,0
2,128,443,1218,476,1205,1
2,129,443,1218,1692,876,0
2,130,443,1218,300,1205,0
2,131,443,1218,2003,1714,0
2,132,443,1218,381,1336,0
2,133,443,1218,2948,2728,0
2,134,443,1218,1258,2583,0
2,135,443,1218,1121,2987,0
2,136,443,1218,2245,575,0
2,137,443,1218,721,430,0
2,138,443,1218,1441,992,0
2,139,443,1218,2326,2998,0
2,140,443,1218,976,329,0
2,141,443,1218,2900,191,0
2,142,443,1218,1962,1771,0
2,143,443,1218,238,1665,0
2,144,443,1218,295,1936,0
2,145,443,1218,1854,141,0
2,146,443,1218,2927,2918,0
2,147,443,1218,652,2117,0
2,148,443,1218,1281,1593,0
2,149,443,1218,1093,2355,0
2,150,443,1218,821,2889,0
2,151,443,1218,2640,293,0
2,152,443,1218,2213,1092,0
2,153,443,1218,2554,526,0
2,154,443,1218,773,2759,0
2,155,443,1218,2398,2598,0
2,156,443,1218,352,1773,0
2,157,443,1218,136,1123,0
2,158,443,1218,2533,1961,0
2,159,443,1218,1274,2648,0
2,160,443,1218,2856,1016,0
2,161,443,1218,723,68,0
2,162,443,1218,1849,735,0
2,163,443,1218,1750,564,0
2,164,443,1218,21,376,0
2,165,443,1218,2035,939,0
2,166,443,1218,1752,1825,0
2,167,443,1218,2384,871,0
2,168,443,1218,1034,788,0
2,169,443,1218,1867,2645,0
2,170,443,1218,940,504,0
2,171,443,1218,1519,1618,0
2,172,443,1218,1392,2416,0
2,173,443,1218,1843,947,0
2,174,443,1218,1387,1345,0
2,175,443,1218,2479,1210,0
2,176,443,1218,1555,1680,0
2,177,443,1218,160,2470,0
2,178,443,1218,2692,2143,0
2,179,443,1218,158,2357,0
2,180,443,1218,2335,890,0
2,181,443,1218,1761,1075,0
2,182,443,1218,2099,406,0
3,0,2514,1181,1639,2892,0
3,1,2514,1181,1329,745,0
3,2,2514,1181,443,1218,0
3,4,2514,1181,2286,223,0
3,5,2514,1181,595,2408,0
3,6,2514,1181,1383,2289,0
3,7,2514,1181,1795,201,0
3,8,2514,1181,2598,838,0
3,9,2514,1181,813,1715,0
3,10,2514,1181,1135,391,0
3,11,2514,1181,1132,1878,0
3,12,2514,1181,2041,661,0
3,13,2514,1181,1434,670,0
3,14,2514,1181,300,623,0
3,15,2514,1181,1559,2032,0
3,16,2514,1181,1224,2119,0
3,17,2514,1181,838,460,0
3,18,2514,1181,352,2688,0
3,19,2514,1181,2179,352,0
3,20,2514,1181,525,672,0
3,21,2514,1181,1652,2883,0
3,22,2514,1181,1373,2660,0
3,23,2514,1181,2814,1659,0
3,24,2514,1181,1449,1659,0
3,25,2514,1181,2305,1303,0
3,26,2514,1181,769,677,0
3,27,2514,1181,2295,2940,0
3,28,2514,1181,577,2880,0
3,29,2514,1181,1614,2810,0
3,30,2514,1181,47,1395,0
3,31,2514,1181,2664,803,0
3,32,2514,1181,2309,2153,0
3,33,2514,1181,2074,2182,0
3,34,2514,1181,1554,11,0
3,35,2514,1181,1400,2146,0
3,36,2514,1181,1795,740,0
3,37,2514,1181,931,567,0
3,38,2514,1181,1254,1779,0
3,39,2514,1181,45,883,0
3,40,2514,1181,1359,119,0
3,41,2514,1181,2127,1277,0
3,42,2514,1181,2925,1375,0
3,43,2514,1181,2505,1463,0
3,44,2514,1181,1791,2744,0
3,45,2514,1181,1916,1718,0
3,46,2514,1181,167,2831,0
3,47,2514,1181,2315,236,0
3,48,2514,1181,1902,1139,0
3,49,2514,1181,1443,2554,0
3,50,2514,1181,194,2519,0
3,51,2514,1181,301,248,0
3,52,2514,1181,934,2502,0
3,53,2514,1181,343,1045,0
3,54,2514,1181,1542,1250,0
3,55,2514,1181,2149,1171,0
3,56,2514,1181,2055,1783,0
3,57,2514,1181,941,1993,0
3,58,2514,1181,123,1452,0
3,59,2514,1181,2845,2865,0
3,60,2514,1181,1089,2442,0
3,61,2514,1181,859,1946,0
3,62,2514,1181,1024,191,0
3,63,2514,1181,640,1179,0
3,64,2514,1181,2225,946,0
3,65,2514,1181,349,822,0
3,66,2514,1181,826,2377,0
3,67,2514,1181,1638,96,0
3,68,2514,1181,2727,990,0
3,69,2514,1181,2915,1910,0
3,70,2514,1181,1406,1407,0
3,71,2514,1181,2216,2614,0
3,72,2514,1181,1497,453,0
3,73,2514,1181,1462,1798,0
3,74,2514,1181,1212,215,0
3,75,2514,1181,2881,2014,0
3,76,2514,1181,32,1929,0
3,77,2514,1181,2695,266,0
3,78,2514,1181,2042,2855,0
3,79,2514,1181,193,1354,0
3,80,2514,1181,123,892,0
3,81,2514,1181,2391,199,0
3,82,2514,1181,738,1556,0
3,83,2514,1181,656,1512,0
3,84,2514,1181,2081,2886,0
3,85,2514,1181,2720,2097,0
3,86,2514,1181,2245,1289,0
3,87,2514,1181,714,2990,0
3,88,2514,1181,2800,641,0
3,89,2514,1181,2389,2741,0
3,90,2514,1181,538,2170,0
3,91,2514,1181,2767,2393,0
3,92,2514,1181,1270,693,0
3,93,2514,1181,2649,133,0
3,94,2514,1181,782,2023,0
3,95,2514,1181,551,1308,0
3,96,2514,1181,2784,254,0
3,97,2514,1181,2443,1306,0
3,98,2514,1181,1619,1722,0
3,99,2514,1181,508,1060,0
3,100,2514,1181,2201,1345,0
3,101,2514,1181,2587,861,0
3,102,2514,1181,2593,412,0
3,103,2514,1181,2995,1976,0
3,104,2514,1181,2546,755,0
3,105,2514,1181,1384,10,0
3,106,2514,1181,1458,697,0
3,107,2514,1181,52,2157,0
3,108,2514,1181,2017,217,0
3,109,2514,1181,2750,1252,0
3,110,2514,1181,1972,2182,0
3,111,2514,1181,736,1220,0
3,112,2514,1181,1701,2178,0
3,113,2514,1181,27,769,0
3,114,2514,1181,148,1215,0
3,115,2514,1181,1308,917,0
3,116,2514,1181,579,885,0
3,117,2514,1181,2737,2060,0
3,118,2514,1181,1739,2828,0
3,119,2514,1181,1339,2055,0
3,120,2514,1181,1479,618,0
3,121,2514,1181,1518,2678,0
3,122,2514,1181,2663,2085,0
3,123,2514,1181,1536,440,0
3,124,2514,1181,2347,485,0
3,125,2514,1181,2244,1545,0
3,126,2514,1181,1821,2562,0
3,127,2514,1181,1162,1754,0
3,128,2514,1181,476,1205,0
3,129,2514,1181,1692,876,0
3,130,2514,1181,300,1205,0
3,131,2514,1181,2003,1714,0
3,132,2514,1181,381,1336,0
3,133,2514,1181,2948,2728,0
3,134,2514,1181,1258,2583,0
3,135,2514,1181,1121,2987,0
3,136,2514,1181,2245,575,0
3,137,2514,1181,721,430,0
3,138,2514,1181,1441,992,0
3,139,2514,1181,2326,2998,0
3,140,2514,1181,976,329,0
3,141,2514,1181,2900,191,0
3,142,2514,1181,1962,1771,0
3,143,2514,1181,238,1665,0
3,144,2514,1181,295,1936,0
3,145,2514,1181,1854,141,0
3,146,2514,1181,2927,2918,0
3,147,2514,1181,652,2117,0
3,148,2514,1181,1281,1593,0
3,149,2514,1181,1093,2355,0
3,150,2514,1181,821,2889,0
3,151,2514,1181,2640,293,0
3,152,2514,1181,2213,1092,1
3,153,2514,1181,2554,526,0
3,154,2514,1181,773,2759,0
3,155,2514,1181,2398,2598,0
3,156,2514,1181,352,1773,0
3,157,2514,1181,136,1123,0
3,158,2514,1181,2533,1961,0
3,159,2514,1181,1274,2648,0
3,160,2514,1181,2856,1016,0
3,161,2514,1181,723,68,0
3,162,2514,1181,1849,735,0
3,163,2514,1181,1750,564,0
3,164,2514,1181,21,376,0
3,165,2514,1181,2035,939,0
3,166,2514,1181,1752,1825,0
3,167,2514,1181,2384,871,0
3,168,2514,1181,1034,788,0
3,169,2514,1181,1867,2645,0
3,170,2514,1181,940,504,0
3,171,2514,1181,1519,1618,0
3,172,2514,1181,1392,2416,0
3,173,2514,1181,1843,947,0
3,174,2514,1181,1387,1345,0
3,175,2514,1181,2479,1210,0
3,176,2514,1181,1555,1680,0
3,177,2514,1181,160,2470,0
3,178,2514,1181,2692,2143,0
3,179,2514,1181,158,2357,0
3,180,2514,1181,2335,890,0
3,181,2514,1181,1761,1075,0
3,182,2514,1181,2099,406,0
4,0,2286,223,1639,2892,0
4,1,2286,223,1329,745,0
4,2,2286,223,443,1218,0
4,3,2286,223,2514,1181,0
4,5,2286,223,595,2408,0
4,6,2286,223,1383,2289,0
4,7,2286,223,1795,201,0
4,8,2286,223,2598,838,0
4,9,2286,223,813,1715,0
4,10,2286,223,1135,391,0
4,11,2286,223,1132,1878,0
4,12,2286,223,2041,661,0
4,13,2286,223,1434,670,0
4,14,2286,223,300,623,0
4,15,2286,223,1559,2032,0
4,16,2286,223,1224,2119,0
4,17,2286,223,838,460,0
4,18,2286,223,352,2688,0
4,19,2286,223,2179,352,0
4,20,2286,223,525,672,0
4,21,2286,223,1652,2883,0
4,22,2286,223,1373,2660,0
4,23,2286,223,2814,1659,0
4,24,2286,223,1449,1659,0
4,25,2286,223,2305,1303,0
4,26,2286,223,769,677,0
4,27,2286,223,2295,2940,0
4,28,2286,223,577,2880,0
4,29,2286,223,1614,2810,0
4,30,2286,223,47,1395,0
4,31,2286,223,2664,803,0
4,32,2286,223,2309,2153,0
4,33,2286,223,2074,2182,0
4,34,2286,223,1554,11,0
4,35,2286,223,1400,2146,0
4,36,2286,223,1795,740,0
4,37,2286,223,931,567,0
4,38,2286,223,1254,1779,0
4,39,2286,223,45,883,0
4,40,2286,223,1359,119,0
4,41,2286,223,2127,1277,0
4,42,2286,223,2925,1375,0
4,43,2286,223,2505,1463,0
4,44,2286,223,1791,2744,0
4,45,2286,223,1916,1718,0
4,46,2286,223,167,2831,0
4,47,2286,223,2315,236,1
4,48,2286,223,1902,1139,0
4,49,2286,223,1443,2554,0
4,50,2286,223,194,2519,0
4,51,2286,223,301,248,0
4,52,2286,223,934,2502,0
4,53,2286,223,343,1045,0
4,54,2286,223,1542,1250,0
4,55,2286,223,2149,1171,0
4,56,2286,223,2055,1783,0
4,57,2286,223,941,1993,0
4,58,2286,223,123,1452,0
4,59,2286,223,2845,2865,0
4,60,2286,223,1089,2442,0
4,61,2286,223,859,1946,0
4,62,2286,223,1024,191,0
4,63,2286,223,640,1179,0
4,64,2286,223,2225,946,0
4,65,2286,223,349,822,0
4,66,2286,223,826,2377,0
4,67,2286,223,1638,96,0
4,68,2286,223,2727,990,0
4,69,2286,223,2915,1910,0
4,70,2286,223,1406,1407,0
4,71,2286,223,2216,2614,0
4,72,2286,223,1497,453,0
4,73,2286,223,1462,1798,0
4,74,2286,223,1212,215,0
4,75,2286,223,2881,2014,0
4,76,2286,223,32,1929,0
4,77,2286,223,2695,266,0
4,78,2286,223,2042,2855,0
4,79,2286,223,193,1354,0
4,80,2286,223,123,892,0
4,81,2286,223,2391,199,0
4,82,2286,223,738,1556,0
4,83,2286,223,656,1512,0
4,84,2286,223,2081,2886,0
4,85,2286,223,2720,2097,0
4,86,2286,223,2245,1289,0
4,87,2286,223,714,2990,0
4,88,2286,223,2800,641,0
4,89,2286,223,2389,2741,0
4,90,2286,223,538,2170,0
4,91,2286,223,2767,2393,0
4,92,2286,223,1270,693,0
4,93,2286,223,2649,133,0
4,94,2286,223,782,2023,0
4,95,2286,223,551,1308,0
4,96,2286,223,2784,254,0
4,97,2286,223,2443,1306,0
4,98,2286,223,1619,1722,0
4,99,2286,223,508,1060,0
4,100,2286,223,2201,1345,0
4,101,2286,223,2587,861,0
4,102,2286,223,2593,412,0
4,103,2286,223,2995,1976,0
4,104,2286,223,2546,755,0
4,105,2286,223,1384,10,0
4,106,2286,223,1458,697,0
4,107,2286,223,52,2157,0
4,108,2286,223,2017,217,0
4,109,2286,223,2750,1252,0
4,110,2286,223,1972,2182,0
4,111,2286,223,736,1220,0
4,112,2286,223,1701,2178,0
4,113,2286,223,27,769,0
4,114,2286,223,148,1215,0
4,115,2286,223,1308,917,0
4,116,2286,223,579,885,0
4,117,2286,223,2737,2060,0
4,118,2286,223,1739,2828,0
4,119,2286,223,1339,2055,0
4,120,2286,223,1479,618,0
4,121,2286,223,1518,2678,0
4,122,2286,223,2663,2085,0
4,123,2286,223,1536,440,0
4,124,2286,223,2347,485,0
4,125,2286,223,2244,1545,0
4,126,2286,223,1821,2562,0
4,127,2286,223,1162,1754,0
4,128,2286,223,476,1205,0
4,129,2286,223,1692,876,0
4,130,2286,223,300,1205,0
4,131,2286,223,2003,1714,0
4,132,2286,223,381,1336,0
4,133,2286,223,2948,2728,0
4,134,2286,223,1258,2583,0
4,135,2286,223,1121,2987,0
4,136,2286,223,2245,575,0
4,137,2286,223,721,430,0
4,138,2286,223,1441,992,0
4,139,2286,223,2326,2998,0
4,140,2286,223,976,329,0
4,141,2286,223,2900,191,0
4,142,2286,223,1962,1771,0
4,143,2286,223,238,1665,0
4,144,2286,223,295,1936,0
4,145,2286,223,1854,141,0
4,146,2286,223,2927,2918,0
4,147,2286,223,652,2117,0
4,148,2286,223,1281,1593,0
4,149,2286,223,1093,2355,0
4,150,2286,223,821,2889,0
4,151,2286,223,2640,293,0
4,152,2286,223,2213,1092,0
4,153,2286,223,2554,526,0
4,154,2286,223,773,2759,0
4,155,2286,223,2398,2598,0
4,156,2286,223,352,1773,0
4,157,2286,223,136,1123,0
4,158,2286,223,2533,1961,0
4,159,2286,223,1274,2648,0
4,160,2286,223,2856,1016,0
4,161,2286,223,723,68,0
4,162,2286,223,1849,735,0
4,163,2286,223,1750,564,0
4,164,2286,223,21,376,0
4,165,2286,223,2035,939,0
4,166,2286,223,1752,1825,0
4,167,2286,223,2384,871,0
4,168,2286,223,1034,788,0
4,169,2286,223,1867,2645,0
4,170,2286,223,940,504,0
4,171,2286,223,1519,1618,0
4,172,2286,223,1392,2416,0
4,173,2286,223,1843,947,0
4,174,2286,223,1387,1345,0
4,175,2286,223,2479,1210,0
4,176,2286,223,1555,1680,0
4,177,2286,223,160,2470,0
4,178,2286,223,2692,2143,0
4,179,2286,223,158,2357,0
4,180,2286,223,2335,890,0
4,181,2286,223,1761,1075,0
4,182,2286,223,2099,406,0
5,0,595,2408,1639,2892,0
5,1,595,2408,1329,745,0
5,2,595,2408,443,1218,0
5,3,595,2408,2514,1181,0
5,4,595,2408,2286,223,0
5,6,595,2408,1383,2289,0
5,7,595,2408,1795,201,0
5,8,595,2408,2598,838,0
5,9,595,2408,813,1715,0
5,10,595,2408,1135,391,0
5,11,595,2408,1132,1878,0
5,12,595,2408,2041,661,0
5,13,595,2408,1434,670,0
5,14,595,2408,300,623,0
5,15,595,2408,1559,2032,0
5,16,595,2408,1224,2119,0
5,17,595,2408,838,460,0
5,18,595,2408,352,2688,0
5,19,595,2408,2179,352,0
5,20,595,2408,525,672,0
5,21,595,2408,1652,2883,0
5,22,595,2408,1373,2660,0
5,23,595,2408,2814,1659,0
5,24,595,2408,1449,1659,0
5,25,595,2408,2305,1303,0
5,26,595,2408,769,677,0
5,27,595,2408,2295,2940,0
5,28,595,2408,577,2880,0
5,29,595,2408,1614,2810,0
5,30,595,2408,47,1395,0
5,31,595,2408,2664,803,0
5,32,595,2408,2309,2153,0
5,33,595,2408,2074,2182,0
5,34,595,2408,1554,11,0
5,35,595,2408,1400,2146,0
5,36,595,2408,1795,740,0
5,37,595,2408,931,567,0
5,38,595,2408,1254,1779,0
5,39,595,2408,45,883,0
5,40,595,2408,1359,119,0
5,41,595,2408,2127,1277,0
5,42,595,2408,2925,1375,0
5,43,595,2408,2505,1463,0
5,44,595,2408,1791,2744,0
5,45,595,2408,1916,1718,0
5,46,595,2408,167,2831,0
5,47,595,2408,2315,236,0
5,48,595,2408,1902,1139,0
5,49,595,2408,1443,2554,0
5,50,595,2408,194,2519,0
5,51,595,2408,301,248,0
5,52,595,2408,934,2502,0
5,53,595,2408,343,1045,0
5,54,595,2408,1542,1250,0
5,55,595,2408,2149,1171,0
5,56,595,2408,2055,1783,0
5,57,595,2408,941,1993,0
5,58,595,2408,123,1452,0
5,59,595,2408,2845,2865,0
5,60,595,2408,1089,2442,0
5,61,595,2408,859,1946,0
5,62,595,2408,1024,191,0
5,63,595,2408,640,1179,0
5,64,595,2408,2225,946,0
5,65,595,2408,349,822,0
5,66,595,2408,826,2377,1
5,67,595,2408,1638,96,0
5,68,595,2408,2727,990,0
5,69,595,2408,2915,1910,0
5,70,595,2408,1406,1407,0
5,71,595,2408,2216,2614,0
5,72,595,2408,1497,453,0
5,73,595,2408,1462,1798,0
5,74,595,2408,1212,215,0
5,75,595,2408,2881,2014,0
5,76,595,2408,32,1929,0
5,77,595,2408,2695,266,0
5,78,595,2408,2042,2855,0
5,79,595,2408,193,1354,0
5,80,595,2408,123,892,0
5,81,595,2408,2391,199,0
5,82,595,2408,738,1556,0
5,83,595,2408,656,1512,0
5,84,595,2408,2081,2886,0
5,85,595,2408,2720,2097,0
5,86,595,2408,2245,1289,0
5,87,595,2408,714,2990,0
5,88,595,2408,2800,641,0
5,89,595,2408,2389,2741,0
5,90,595,2408,538,2170,0
5,91,595,2408,2767,2393,0
5,92,595,2408,1270,693,0
5,93,595,2408,2649,133,0
5,94,595,2408,782,2023,0
5,95,595,2408,551,1308,0
5,96,595,2408,2784,254,0
5,97,595,2408,2443,1306,0
5,98,595,2408,1619,1722,0
5,99,595,2408,508,1060,0
5,100,595,2408,2201,1345,0
5,101,595,2408,2587,861,0
5,102,595,2408,2593,412,0
5,103,595,2408,2995,1976,0
5,104,595,2408,2546,755,0
5,105,595,2408,1384,10,0
5,106,595,2408,1458,697,0
5,107,595,2408,52,2157,0
5,108,595,2408,2017,217,0
5,109,595,2408,2750,1252,0
5,110,595,2408,1972,2182,0
5,111,595,2408,736,1220,0
5,112,595,2408,1701,2178,0
5,113,595,2408,27,769,0
5,114,595,2408,148,1215,0
5,115,595,2408,1308,917,0
5,116,595,2408,579,885,0
5,117,595,2408,2737,2060,0
5,118,595,2408,1739,2828,0
5,119,595,2408,1339,2055,0
5,120,595,2408,1479,618,0
5,121,595,2408,1518,2678,0
5,122,595,2408,2663,2085,0
5,123,595,2408,1536,440,0
5,124,595,2408,2347,485,0
5,125,595,2408,2244,1545,0
5,126,595,2408,1821,2562,0
5,127,595,2408,1162,1754,0
5,128,595,2408,476,1205,0
5,129,595,2408,1692,876,0
5,130,595,2408,300,1205,0
5,131,595,2408,2003,1714,0
5,132,595,2408,381,1336,0
5,133,595,2408,2948,2728,0
5,134,595,2408,1258,2583,0
5,135,595,2408,1121,2987,0
5,136,595,2408,2245,575,0
5,137,595,2408,721,430,0
5,138,595,2408,1441,992,0
5,139,595,2408,2326,2998,0
5,140,595,2408,976,329,0
5,141,595,2408,2900,191,0
5,142,595,2408,1962,1771,0
5,143,595,2408,238,1665,0
5,144,595,2408,295,1936,0
5,145,595,2408,1854,141,0
5,146,595,2408,2927,2918,0
5,147,595,2408,652,2117,0
5,148,595,2408,1281,1593,0
5,149,595,2408,1093,2355,0
5,150,595,2408,821,2889,0
5,151,595,2408,2640,293,0
5,152,595,2408,2213,1092,0
5,153,595,2408,2554,526,0
5,154,595,2408,773,2759,0
5,155,595,2408,2398,2598,0
5,156,595,2408,352,1773,0
5,157,595,2408,136,1123,0
5,158,595,2408,2533,1961,0
5,159,595,2408,1274,2648,0
5,160,595,2408,2856,1016,0
5,161,595,2408,723,68,0
5,162,595,2408,1849,735,0
5,163,595,2408,1750,564,0
5,164,595,2408,21,376,0
5,165,595,2408,2035,939,0
5,166,595,2408,1752,1825,0
5,167,595,2408,2384,871,0
5,168,595,2408,1034,788,0
5,169,595,2408,1867,2645,0
5,170,595,2408,940,504,0
5,171,595,2408,1519,1618,0
5,172,595,2408,1392,2416,0
5,173,595,2408,1843,947,0
5,174,595,2408,1387,1345,0
5,175,595,2408,2479,1210,0
5,176,595,2408,1555,1680,0
5,177,595,2408,160,2470,0
5,178,595,2408,2692,2143,0
5,179,595,2408,158,2357,0
5,180,595,2408,2335,890,0
5,181,595,2408,1761,1075,0
5,182,595,2408,2099,406,0
6,0,1383,2289,1639,2892,0
6,1,1383,2289,1329,745,0
6,2,1383,2289,443,1218,0
6,3,1383,2289,2514,1181,0
6,4,1383,2289,2286,223,0
6,5,1383,2289,595,2408,0
6,7,1383,2289,1795,201,0
6,8,1383,2289,2598,838,0
6,9,1383,2289,813,1715,0
6,10,1383,2289,1135,391,0
6,11,1383,2289,1132,1878,0
6,12,1383,2289,2041,661,0
6,13,1383,2289,1434,670,0
6,14,1383,2289,300,623,0
6,15,1383,2289,1559,2032,0
6,16,1383,2289,1224,2119,0
6,17,1383,2289,838,460,0
6,18,1383,2289,352,2688,0
6,19,1383,2289,2179,352,0
6,20,1383,2289,525,672,0
6,21,1383,2289,1652,2883,0
6,22,1383,2289,1373,2660,0
6,23,1383,2289,2814,1659,0
6,24,1383,2289,1449,1659,0
6,25,1383,2289,2305,1303,0
6,26,1383,2289,769,677,0
6,27,1383,2289,2295,2940,0
6,28,1383,2289,577,2880,0
6,29,1383,2289,1614,2810,0
6,30,1383,2289,47,1395,0
6,31,1383,2289,2664,803,0
6,32,1383,2289,2309,2153,0
6,33,1383,2289,2074,2182,0
6,34,1383,2289,1554,11,0
6,35,1383,2289,1400,2146,1
6,36,1383,2289,1795,740,0
6,37,1383,2289,931,567,0
6,38,1383,2289,1254,1779,0
6,39,1383,2289,45,883,0
6,40,1383,2289,1359,119,0
6,41,1383,2289,2127,1277,0
6,42,1383,2289,2925,1375,0
6,43,1383,2289,2505,1463,0
6,44,1383,2289,1791,2744,0
6,45,1383,2289,1916,1718,0
6,46,1383,2289,167,2831,0
6,47,1383,2289,2315,236,0
6,48,1383,2289,1902,1139,0
6,49,1383,2289,1443,2554,0
6,50,1383,2289,194,2519,0
6,51,1383,2289,301,248,0
6,52,1383,2289,934,2502,0
6,53,1383,2289,343,1045,0
6,54,1383,2289,1542,1250,0
6,55,1383,2289,2149,1171,0
6,56,1383,2289,2055,1783,0
6,57,1383,2289,941,1993,0
6,58,1383,2289,123,1452,0
6,59,1383,2289,2845,2865,0
6,60,1383,2289,1089,2442,0
6,61,1383,2289,859,1946,0
6,62,1383,2289,1024,191,0
6,63,1383,2289,640,1179,0
6,64,1383,2289,2225,946,0
6,65,1383,2289,349,822,0
6,66,1383,2289,826,2377,0
6,67,1383,2289,1638,96,0
6,68,1383,2289,2727,990,0
6,69,1383,2289,2915,1910,0
6,70,1383,2289,1406,1407,0
6,71,1383,2289,2216,2614,0
6,72,1383,2289,1497,453,0
6,73,1383,2289,1462,1798,0
6,74,1383,2289,1212,215,0
6,75,1383,2289,2881,2014,0
6,76,1383,2289,32,1929,0
6,77,1383,2289,2695,266,0
6,78,1383,2289,2042,2855,0
6,79,1383,2289,193,1354,0
6,80,1383,2289,123,892,0
6,81,1383,2289,2391,199,0
6,82,1383,2289,738,1556,0
6,83,1383,2289,656,1512,0
6,84,1383,2289,2081,2886,0
6,85,1383,2289,2720,2097,0
6,86,1383,2289,2245,1289,0
6,87,1383,2289,714,2990,0
6,88,1383,2289,2800,641,0
6,89,1383,2289,2389,2741,0
6,90,1383,2289,538,2170,0
6,91,1383,2289,2767,2393,0
6,92,1383,2289,1270,693,0
6,93,1383,2289,2649,133,0
6,94,1383,2289,782,2023,0
6,95,1383,2289,551,1308,0
6,96,1383,2289,2784,254,0
6,97,1383,2289,2443,1306,0
6,98,1383,2289,1619,1722,0
6,99,1383,2289,508,1060,0
6,100,1383,2289,2201,1345,0
6,101,1383,2289,2587,861,0
6,102,1383,2289,2593,412,0
6,103,1383,2289,2995,1976,0
6,104,1383,2289,2546,755,0
6,105,1383,2289,1384,10,0
6,106,1383,2289,1458,697,0
6,107,1383,2289,52,2157,0
6,108,1383,2289,2017,217,0
6,109,1383,2289,2750,1252,0
6,110,1383,2289,1972,2182,0
6,111,1383,2289,736,1220,0
6,112,1383,2289,1701,2178,0
6,113,1383,2289,27,769,0
6,114,1383,2289,148,1215,0
6,115,1383,2289,1308,917,0
6,116,1383,2289,579,885,0
6,117,1383,2289,2737,2060,0
6,118,1383,2289,1739,2828,0
6,119,1383,2289,1339,2055,0
6,120,1383,2289,1479,618,0
6,121,1383,2289,1518,2678,0
6,122,1383,2289,2663,2085,0
6,123,1383,2289,1536,440,0
6,124,1383,2289,2347,485,0
6,125,1383,2289,2244,1545,0
6,126,1383,2289,1821,2562,0
6,127,1383,2289,1162,1754,0
6,128,1383,2289,476,1205,0
6,129,1383,2289,1692,876,0
6,130,1383,2289,300,1205,0
6,131,1383,2289,2003,1714,0
6,132,1383,2289,381,1336,0
6,133,1383,2289,2948,2728,0
6,134,1383,2289,1258,2583,0
6,135,1383,2289,1121,2987,0
6,136,1383,2289,2245,575,0
6,137,1383,2289,721,430,0
6,138,1383,2289,1441,992,0
6,139,1383,2289,2326,2998,0
6,140,1383,2289,976,329,0
6,141,1383,2289,2900,191,0
6,142,1383,2289,1962,1771,0
6,143,1383,2289,238,1665,0
6,144,1383,2289,295,1936,0
6,145,1383,2289,1854,141,0
6,146,1383,2289,2927,2918,0
6,147,1383,2289,652,2117,0
6,148,1383,2289,1281,1593,0
6,149,1383,2289,1093,2355,0
6,150,1383,2289,821,2889,0
6,151,1383,2289,2640,293,0
6,152,1383,2289,2213,1092,0
6,153,1383,2289,2554,526,0
6,154,1383,2289,773,2759,0
6,155,1383,2289,2398,2598,0
6,156,1383,2289,352,1773,0
6,157,1383,2289,136,1123,0
6,158,1383,2289,2533,1961,0
6,159,1383,2289,1274,2648,0
6,160,1383,2289,2856,1016,0
6,161,1383,2289,723,68,0
6,162,1383,2289,1849,735,0
6,163,1383,2289,1750,564,0
6,164,1383,2289,21,376,0
6,165,1383,2289,2035,939,0
6,166,1383,2289,1752,1825,0
6,167,1383,2289,2384,871,0
6,168,1383,2289,1034,788,0
6,169,1383,2289,1867,2645,0
6,170,1383,2289,940,504,0
6,171,1383,2289,1519,1618,0
6,172,1383,2289,1392,2416,0
6,173,1383,2289,1843,947,0
6,174,1383,2289,1387,1345,0
6,175,1383,2289,2479,1210,0
6,176,1383,2289,1555,1680,0
6,177,1383,2289,160,2470,0
6,178,1383,2289,2692,2143,0
6,179,1383,2289,158,2357,0
6,180,1383,2289,2335,890,0
6,181,1383,2289,1761,1075,0
6,182,1383,2289,2099,406,0
7,0,1795,201,1639,2892,0
7,1,1795,201,1329,745,0
7,2,1795,201,443,1218,0
7,3,1795,201,2514,1181,0
7,4,1795,201,2286,223,0
7,5,1795,201,595,2408,0
7,6,1795,201,1383,2289,0
7,8,1795,201,2598,838,0
7,9,1795,201,813,1715,0
7,10,1795,201,1135,391,0
7,11,1795,201,1132,1878,0
7,12,1795,201,2041,661,0
7,13,1795,201,1434,670,0
7,14,1795,201,300,623,0
7,15,1795,201,1559,2032,0
7,16,1795,201,1224,2119,0
7,17,1795,201,838,460,0
7,18,1795,201,352,2688,0
7,19,1795,201,2179,352,0
7,20,1795,201,525,672,0
7,21,1795,201,1652,2883,0
7,22,1795,201,1373,2660,0
7,23,1795,201,2814,1659,0
7,24,1795,201,1449,1659,0
7,25,1795,201,2305,1303,0
7,26,1795,201,769,677,0
7,27,1795,201,2295,2940,0
7,28,1795,201,577,2880,0
7,29,1795,201,1614,2810,0
7,30,1795,201,47,1395,0
7,31,1795,201,2664,803,0
7,32,1795,201,2309,2153,0
7,33,1795,201,2074,2182,0
7,34,1795,201,1554,11,0
7,35,1795,201,1400,2146,0
7,36,1795,201,1795,740,0
7,37,1795,201,931,567,0
7,38,1795,201,1254,1779,0
7,39,1795,201,45,883,0
7,40,1795,201,1359,119,0
7,41,1795,201,2127,1277,0
7,42,1795,201,2925,1375,0
7,43,1795,201,2505,1463,0
7,44,1795,201,1791,2744,0
7,45,1795,201,1916,1718,0
7,46,1795,201,167,2831,0
7,47,1795,201,2315,236,0
7,48,1795,201,1902,1139,0
7,49,1795,201,1443,2554,0
7,50,1795,201,194,2519,0
7,51,1795,201,301,248,0
7,52,1795,201,934,2502,0
7,53,1795,201,343,1045,0
7,54,1795,201,1542,1250,0
7,55,1795,201,2149,1171,0
7,56,1795,201,2055,1783,0
7,57,1795,201,941,1993,0
7,58,1795,201,123,1452,0
7,59,1795,201,2845,2865,0
7,60,1795,201,1089,2442,0
7,61,1795,201,859,1946,0
7,62,1795,201,1024,191,0
7,63,1795,201,640,1179,0
7,64,1795,201,2225,946,0
7,65,1795,201,349,822,0
7,66,1795,201,826,2377,0
7,67,1795,201,1638,96,0
7,68,1795,201,2727,990,0
7,69,1795,201,2915,1910,0
7,70,1795,201,1406,1407,0
7,71,1795,201,2216,2614,0
7,72,1795,201,1497,453,0
7,73,1795,201,1462,1798,0
7,74,1795,201,1212,215,0
7,75,1795,201,2881,2014,0
7,76,1795,201,32,1929,0
7,77,1795,201,2695,266,0
7,78,1795,201,2042,2855,0
7,79,1795,201,193,1354,0
7,80,1795,201,123,892,0
7,81,1795,201,2391,199,0
7,82,1795,201,738,1556,0
7,83,1795,201,656,1512,0
7,84,1795,201,2081,2886,0
7,85,1795,201,2720,2097,0
7,86,1795,201,2245,1289,0
7,87,1795,201,714,2990,0
7,88,1795,201,2800,641,0
7,89,1795,201,2389,2741,0
7,90,1795,201,538,2170,0
7,91,1795,201,2767,2393,0
7,92,1795,201,1270,693,0
7,93,1795,201,2649,133,0
7,94,1795,201,782,2023,0
7,95,1795,201,551,1308,0
7,96,1795,201,2784,254,0
7,97,1795,201,2443,1306,0
7,98,1795,201,1619,1722,0
7,99,1795,201,508,1060,0
7,100,1795,201,2201,1345,0
7,101,1795,201,2587,861,0
7,102,1795,201,2593,412,0
7,103,1795,201,2995,1976,0
7,104,1795,201,2546,755,0
7,105,1795,201,1384,10,0
7,106,1795,201,1458,697,0
7,107,1795,201,52,2157,0
7,108,1795,201,2017,217,0
7,109,1795,201,2750,1252,0
7,110,1795,201,1972,2182,0
7,111,1795,201,736,1220,0
7,112,1795,201,1701,2178,0
7,113,1795,201,27,769,0
7,114,1795,201,148,1215,0
7,115,1795,201,1308,917,0
7,116,1795,201,579,885,0
7,117,1795,201,2737,2060,0
7,118,1795,201,1739,2828,0
7,119,1795,201,1339,2055,0
7,120,1795,201,1479,618,0
7,121,1795,201,1518,2678,0
7,122,1795,201,2663,2085,0
7,123,1795,201,1536,440,0
7,124,1795,201,2347,485,0
7,125,1795,201,2244,1545,0
7,126,1795,201,1821,2562,0
7,127,1795,201,1162,1754,0
7,128,1795,201,476,1205,0
7,129,1795,201,1692,876,0
7,130,1795,201,300,1205,0
7,131,1795,201,2003,1714,0
7,132,1795,201,381,1336,0
7,133,1795,201,2948,2728,0
7,134,1795,201,1258,2583,0
7,135,1795,201,1121,2987,0
7,136,1795,201,2245,575,0
7,137,1795,201,721,430,0
7,138,1795,201,1441,992,0
7,139,1795,201,2326,2998,0
7,140,1795,201,976,329,0
7,141,1795,201,2900,191,0
7,142,1795,201,1962,1771,0
7,143,1795,201,238,1665,0
7,144,1795,201,295,1936,0
7,145,1795,201,1854,141,1
7,146,1795,201,2927,2918,0
7,147,1795,201,652,2117,0
7,148,1795,201,1281,1593,0
7,149,1795,201,1093,2355,0
7,150,1795,201,821,2889,0
7,151,1795,201,2640,293,0
7,152,1795,201,2213,1092,0
7,153,1795,201,2554,526,0
7,154,1795,201,773,2759,0
7,155,1795,201,2398,2598,0
7,156,1795,201,352,1773,0
7,157,1795,201,136,1123,0
7,158,1795,201,2533,1961,0
7,159,1795,201,1274,2648,0
7,160,1795,201,2856,1016,0
7,161,1795,201,723,68,0
7,162,1795,201,1849,735,0
7,163,1795,201,1750,564,0
7,164,1795,201,21,376,0
7,165,1795,201,2035,939,0
7,166,1795,201,1752,1825,0
7,167,1795,201,2384,871,0
7,168,1795,201,1034,788,0
7,169,1795,201,1867,2645,0
7,170,1795,201,940,504,0
7,171,1795,201,1519,1618,0
7,172,1795,201,1392,2416,0
7,173,1795,201,1843,947,0
7,174,1795,201,1387,1345,0
7,175,1795,201,2479,1210,0
7,176,1795,201,1555,1680,0
7,177,1795,201,160,2470,0
7,178,1795,201,2692,2143,0
7,179,1795,201,158,2357,0
7,180,1795,201,2335,890,0
7,181,1795,201,1761,1075,0
7,182,1795,201,2099,406,0
8,0,2598,838,1639,2892,0
8,1,2598,838,1329,745,0
8,2,2598,838,443,1218,0
8,3,2598,838,2514,1181,0
8,4,2598,838,2286,223,0
8,5,2598,838,595,2408,0
8,6,2598,838,1383,2289,0
8,7,2598,838,1795,201,0
8,9,2598,838,813,1715,0
8,10,2598,838,1135,391,0
8,11,2598,838,1132,1878,0
8,12,2598,838,2041,661,0
8,13,2598,838,1434,670,0
8,14,2598,838,300,623,0
8,15,2598,838,1559,2032,0
8,16,2598,838,1224,2119,0
8,17,2598,838,838,460,0
8,18,2598,838,352,2688,0
8,19,2598,838,2179,352,0
8,20,2598,838,525,672,0
8,21,2598,838,1652,2883,0
8,22,2598,838,1373,2660,0
8,23,2598,838,2814,1659,0
8,24,2598,838,1449,1659,0
8,25,2598,838,2305,1303,0
8,26,2598,838,769,677,0
8,27,2598,838,2295,2940,0
8,28,2598,838,577,2880,0
8,29,2598,838,1614,2810,0
8,30,2598,838,47,1395,0
8,31,2598,838,2664,803,0
8,32,2598,838,2309,2153,0
8,33,2598,838,2074,2182,0
8,34,2598,838,1554,11,0
8,35,2598,838,1400,2146,0
8,36,2598,838,1795,740,0
8,37,2598,838,931,567,0
8,38,2598,838,1254,1779,0
8,39,2598,838,45,883,0
8,40,2598,838,1359,119,0
8,41,2598,838,2127,1277,0
8,42,2598,838,2925,1375,0
8,43,2598,838,2505,1463,0
8,44,2598,838,1791,2744,0
8,45,2598,838,1916,1718,0
8,46,2598,838,167,2831,0
8,47,2598,838,2315,236,0
8,48,2598,838,1902,1139,0
8,49,2598,838,1443,2554,0
8,50,2598,838,194,2519,0
8,51,2598,838,301,248,0
8,52,2598,838,934,2502,0
8,53,2598,838,343,1045,0
8,54,2598,838,1542,1250,0
8,55,2598,838,2149,1171,0
8,56,2598,838,2055,1783,0
8,57,2598,838,941,1993,0
8,58,2598,838,123,1452,0
8,59,2598,838,2845,2865,0
8,60,2598,838,1089,2442,0
8,61,2598,838,859,1946,0
8,62,2598,838,1024,191,0
8,63,2598,838,640,1179,0
8,64,2598,838,2225,946,0
8,65,2598,838,349,822,0
8,66,2598,838,826,2377,0
8,67,2598,838,1638,96,0
8,68,2598,838,2727,990,0
8,69,2598,838,2915,1910,0
8,70,2598,838,1406,1407,0
8,71,2598,838,2216,2614,0
8,72,2598,838,1497,453,0
8,73,2598,838,1462,1798,0
8,74,2598,838,1212,215,0
8,75,2598,838,2881,2014,0
8,76,2598,838,32,1929,0
8,77,2598,838,2695,266,0
8,78,2598,838,2042,2855,0
8,79,2598,838,193,1354,0
8,80,2598,838,123,892,0
8,81,2598,838,2391,199,0
8,82,2598,838,738,1556,0
8,83,2598,838,656,1512,0
8,84,2598,838,2081,2886,0
8,85,2598,838,2720,2097,0
8,86,2598,838,2245,1289,0
8,87,2598,838,714,2990,0
8,88,2598,838,2800,641,0
8,89,2598,838,2389,2741,0
8,90,2598,838,538,2170,0
8,91,2598,838,2767,2393,0
8,92,2598,838,1270,693,0
8,93,2598,838,2649,133,0
8,94,2598,838,782,2023,0
8,95,2598,838,551,1308,0
8,96,2598,838,2784,254,0
8,97,2598,838,2443,1306,0
8,98,2598,838,1619,1722,0
8,99,2598,838,508,1060,0
8,100,2598,838,2201,1345,0
8,101,2598,838,2587,861,1
8,102,2598,838,2593,412,0
8,103,2598,838,2995,1976,0
8,104,2598,838,2546,755,0
8,105,2598,838,1384,10,0
8,106,2598,838,1458,697,0
8,107,2598,838,52,2157,0
8,108,2598,838,2017,217,0
8,109,2598,838,2750,1252,0
8,110,2598,838,1972,2182,0
8,111,2598,838,736,1220,0
8,112,2598,838,1701,2178,0
8,113,2598,838,27,769,0
8,114,2598,838,148,1215,0
8,115,2598,838,1308,917,0
8,116,2598,838,579,885,0
8,117,2598,838,2737,2060,0
8,118,2598,838,1739,2828,0
8,119,2598,838,1339,2055,0
8,120,2598,838,1479,618,0
8,121,2598,838,1518,2678,0
8,122,2598,838,2663,2085,0
8,123,2598,838,1536,440,0
8,124,2598,838,2347,485,0
8,125,2598,838,2244,1545,0
8,126,2598,838,1821,2562,0
8,127,2598,838,1162,1754,0
8,128,2598,838,476,1205,0
8,129,2598,838,1692,876,0
8,130,2598,838,300,1205,0
8,131,2598,838,2003,1714,0
8,132,2598,838,381,1336,0
8,133,2598,838,2948,2728,0
8,134,2598,838,1258,2583,0
8,135,2598,838,1121,2987,0
8,136,2598,838,2245,575,0
8,137,2598,838,721,430,0
8,138,2598,838,1441,992,0
8,139,2598,838,2326,2998,0
8,140,2598,838,976,329,0
8,141,2598,838,2900,191,0
8,142,2598,838,1962,1771,0
8,143,2598,838,238,1665,0
8,144,2598,838,295,1936,0
8,145,2598,838,1854,141,0
8,146,2598,838,2927,2918,0
8,147,2598,838,652,2117,0
8,148,2598,838,1281,1593,0
8,149,2598,838,1093,2355,0
8,150,2598,838,821,2889,0
8,151,2598,838,2640,293,0
8,152,2598,838,2213,1092,0
8,153,2598,838,2554,526,0
8,154,2598,838,773,2759,0
8,155,2598,838,2398,2598,0
8,156,2598,838,352,1773,0
8,157,2598,838,136,1123,0
8,158,2598,838,2533,1961,0
8,159,2598,838,1274,2648,0
8,160,2598,838,2856,1016,0
8,161,2598,838,723,68,0
8,162,2598,838,1849,735,0
8,163,2598,838,1750,564,0
8,164,2598,838,21,376,0
8,165,2598,838,2035,939,0
8,166,2598,838,1752,1825,0
8,167,2598,838,2384,871,0
8,168,2598,838,1034,788,0
8,169,2598,838,1867,2645,0
8,170,2598,838,940,504,0
8,171,2598,838,1519,1618,0
8,172,2598,838,1392,2416,0
8,173,2598,838,1843,947,0
8,174,2598,838,1387,1345,0
8,175,2598,838,2479,1210,0
8,176,2598,838,1555,1680,0
8,177,2598,838,160,2470,0
8,178,2598,838,2692,2143,0
8,179,2598,838,158,2357,0
8,180,2598,838,2335,890,0
8,181,2598,838,1761,1075,0
8,182,2598,838,2099,406,0
9,0,813,1715,1639,2892,0
9,1,813,1715,1329,745,0
9,2,813,1715,443,1218,0
9,3,813,1715,2514,1181,0
9,4,813,1715,2286,223,0
9,5,813,1715,595,2408,0
9,6,813,1715,1383,2289,0
9,7,813,1715,1795,201,0
9,8,813,1715,2598,838,0
9,10,813,1715,1135,391,0
9,11,813,1715,1132,1878,0
9,12,813,1715,2041,661,0
9,13,813,1715,1434,670,0
9,14,813,1715,300,623,0
9,15,813,1715,1559,2032,0
9,16,813,1715,1224,2119,0
9,17,813,1715,838,460,0
9,18,813,1715,352,2688,0
9,19,813,1715,2179,352,0
9,20,813,1715,525,672,0
9,21,813,1715,1652,2883,0
9,22,813,1715,1373,2660,0
9,23,813,1715,2814,1659,0
9,24,813,1715,1449,1659,0
9,25,813,1715,2305,1303,0
9,26,813,1715,769,677,0
9,27,813,1715,2295,2940,0
9,28,813,1715,577,2880,0
9,29,813,1715,1614,2810,0
9,30,813,1715,47,1395,0
9,31,813,1715,2664,803,0
9,32,813,1715,2309,2153,0
9,33,813,1715,2074,2182,0
9,34,813,1715,1554,11,0
9,35,813,1715,1400,2146,0
9,36,813,1715,1795,740,0
9,37,813,1715,931,567,0
9,38,813,1715,1254,1779,0
9,39,813,1715,45,883,0
9,40,813,1715,1359,119,0
9,41,813,1715,2127,1277,0
9,42,813,1715,2925,1375,0
9,43,813,1715,2505,1463,0
9,44,813,1715,1791,2744,0
9,45,813,1715,1916,1718,0
9,46,813,1715,167,2831,0
9,47,813,1715,2315,236,0
9,48,813,1715,1902,1139,0
9,49,813,1715,1443,2554,0
9,50,813,1715,194,2519,0
9,51,813,1715,301,248,0
9,52,813,1715,934,2502,0
9,53,813,1715,343,1045,0
9,54,813,1715,1542,1250,0
9,55,813,1715,2149,1171,0
9,56,813,1715,2055,1783,0
9,57,813,1715,941,1993,0
9,58,813,1715,123,1452,0
9,59,813,1715,2845,2865,0
9,60,813,1715,1089,2442,0
9,61,813,1715,859,1946,1
9,62,813,1715,1024,191,0
9,63,813,1715,640,1179,0
9,64,813,1715,2225,946,0
9,65,813,1715,349,822,0
9,66,813,1715,826,2377,0
9,67,813,1715,1638,96,0
9,68,813,1715,2727,990,0
9,69,813,1715,2915,1910,0
9,70,813,1715,1406,1407,0
9,71,813,1715,2216,2614,0
9,72,813,1715,1497,453,0
9,73,813,1715,1462,1798,0
9,74,813,1715,1212,215,0
9,75,813,1715,2881,2014,0
9,76,813,1715,32,1929,0
9,77,813,1715,2695,266,0
9,78,813,1715,2042,2855,0
9,79,813,1715,193,1354,0
9,80,813,1715,123,892,0
9,81,813,1715,2391,199,0
9,82,813,1715,738,1556,0
9,83,813,1715,656,1512,0
9,84,813,1715,2081,2886,0
9,85,813,1715,2720,2097,0
9,86,813,1715,2245,1289,0
9,87,813,1715,714,2990,0
9,88,813,1715,2800,641,0
9,89,813,1715,2389,2741,0
9,90,813,1715,538,2170,0
9,91,813,1715,2767,2393,0
9,92,813,1715,1270,693,0
9,93,813,1715,2649,133,0
9,94,813,1715,782,2023,0
9,95,813,1715,551,1308,0
9,96,813,1715,2784,254,0
9,97,813,1715,2443,1306,0
9,98,813,1715,1619,1722,0
9,99,813,1715,508,1060,0
9,100,813,1715,2201,1345,0
9,101,813,1715,2587,861,0
9,102,813,1715,2593,412,0
9,103,813,1715,2995,1976,0
9,104,813,1715,2546,755,0
9,105,813,1715,1384,10,0
9,106,813,1715,1458,697,0
9,107,813,1715,52,2157,0
9,108,813,1715,2017,217,0
9,109,813,1715,2750,1252,0
9,110,813,1715,1972,2182,0
9,111,813,1715,736,1220,0
9,112,813,1715,1701,2178,0
9,113,813,1715,27,769,0
9,114,813,1715,148,1215,0
9,115,813,1715,1308,917,0
9,116,813,1715,579,885,0
9,117,813,1715,2737,2060,0
9,118,813,1715,1739,2828,0
9,119,813,1715,1339,2055,0
9,120,813,1715,1479,618,0
9,121,813,1715,1518,2678,0
9,122,813,1715,2663,2085,0
9,123,813,1715,1536,440,0
9,124,813,1715,2347,485,0
9,125,813,1715,2244,1545,0
9,126,813,1715,1821,2562,0
9,127,813,1715,1162,1754,0
9,128,813,1715,476,1205,0
9,129,813,1715,1692,876,0
9,130,813,1715,300,1205,0
9,131,813,1715,2003,1714,0
9,132,813,1715,381,1336,0
9,133,813,1715,2948,2728,0
9,134,813,1715,1258,2583,0
9,135,813,1715,1121,2987,0
9,136,813,1715,2245,575,0
9,137,813,1715,721,430,0
9,138,813,1715,1441,992,0
9,139,813,1715,2326,2998,0
9,140,813,1715,976,329,0
9,141,813,1715,2900,191,0
9,142,813,1715,1962,1771,0
9,143,813,1715,238,1665,0
9,144,813,1715,295,1936,0
9,145,813,1715,1854,141,0
9,146,813,1715,2927,2918,0
9,147,813,1715,652,2117,0
9,148,813,1715,1281,1593,0
9,149,813,1715,1093,2355,0
9,150,813,1715,821,2889,0
9,151,813,1715,2640,293,0
9,152,813,1715,2213,1092,0
9,153,813,1715,2554,526,0
9,154,813,1715,773,2759,0
9,155,813,1715,2398,2598,0
9,156,813,1715,352,1773,0
9,157,813,1715,136,1123,0
9,158,813,1715,2533,1961,0
9,159,813,1715,1274,2648,0
9,160,813,1715,2856,1016,0
9,161,813,1715,723,68,0
9,162,813,1715,1849,735,0
9,163,813,1715,1750,564,0
9,164,813,1715,21,376,0
9,165,813,1715,2035,939,0
9,166,813,1715,1752,1825,0
9,167,813,1715,2384,871,0
9,168,813,1715,1034,788,0
9,169,813,1715,1867,2645,0
9,170,813,1715,940,504,0
9,171,813,1715,1519,1618,0
9,172,813,1715,1392,2416,0
9,173,813,1715,1843,947,0
9,174,813,1715,1387,1345,0
9,175,813,1715,2479,1210,0
9,176,813,1715,1555,1680,0
9,177,813,1715,160,2470,0
9,178,813,1715,2692,2143,0
9,179,813,1715,158,2357,0
9,180,813,1715,2335,890,0
9,181,813,1715,1761,1075,0
9,182,813,1715,2099,406,0
10,0,1135,391,1639,2892,0
10,1,1135,391,1329,745,0
10,2,1135,391,443,1218,0
10,3,1135,391,2514,1181,0
10,4,1135,391,2286,223,0
10,5,1135,391,595,2408,0
10,6,1135,391,1383,2289,0
10,7,1135,391,1795,201,0
10,8,1135,391,2598,838,0
10,9,1135,391,813,1715,0
10,11,1135,391,1132,1878,0
10,12,1135,391,2041,661,0
10,13,1135,391,1434,670,0
10,14,1135,391,300,623,0
10,15,1135,391,1559,2032,0
10,16,1135,391,1224,2119,0
10,17,1135,391,838,460,0
10,18,1135,391,352,2688,0
10,19,1135,391,2179,352,0
10,20,1135,391,525,672,0
10,21,1135,391,1652,2883,0
10,22,1135,391,1373,2660,0
10,23,1135,391,2814,1659,0
10,24,1135,391,1449,1659,0
10,25,1135,391,2305,1303,0
10,26,1135,391,769,677,0
10,27,1135,391,2295,2940,0
10,28,1135,391,577,2880,0
10,29,1135,391,1614,2810,0
10,30,1135,391,47,1395,0
10,31,1135,391,2664,803,0
10,32,1135,391,2309,2153,0
10,33,1135,391,2074,2182,0
10,34,1135,391,1554,11,0
10,35,1135,391,1400,2146,0
10,36,1135,391,1795,740,0
10,37,1135,391,931,567,0
10,38,1135,391,1254,1779,0
10,39,1135,391,45,883,0
10,40,1135,391,1359,119,0
10,41,1135,391,2127,1277,0
10,42,1135,391,2925,1375,0
10,43,1135,391,2505,1463,0
10,44,1135,391,1791,2744,0
10,45,1135,391,1916,1718,0
10,46,1135,391,167,2831,0
10,47,1135,391,2315,236,0
10,48,1135,391,1902,1139,0
10,49,1135,391,1443,2554,0
10,50,1135,391,194,2519,0
10,51,1135,391,301,248,0
10,52,1135,391,934,2502,0
10,53,1135,391,343,1045,0
10,54,1135,391,1542,1250,0
10,55,1135,391,2149,1171,0
10,56,1135,391,2055,1783,0
10,57,1135,391,941,1993,0
10,58,1135,391,123,1452,0
10,59,1135,391,2845,2865,0
10,60,1135,391,1089,2442,0
10,61,1135,391,859,1946,0
10,62,1135,391,1024,191,0
10,63,1135,391,640,1179,0
10,64,1135,391,2225,946,0
10,65,1135,391,349,822,0
10,66,1135,391,826,2377,0
10,67,1135,391,1638,96,0
10,68,1135,391,2727,990,0
10,69,1135,391,2915,1910,0
10,70,1135,391,1406,1407,0
10,71,1135,391,2216,2614,0
10,72,1135,391,1497,453,0
10,73,1135,391,1462,1798,0
10,74,1135,391,1212,215,1
10,75,1135,391,2881,2014,0
10,76,1135,391,32,1929,0
10,77,1135,391,2695,266,0
10,78,1135,391,2042,2855,0
10,79,1135,391,193,1354,0
10,80,1135,391,123,892,0
10,81,1135,391,2391,199,0
10,82,1135,391,738,1556,0
10,83,1135,391,656,1512,0
10,84,1135,391,2081,2886,0
10,85,1135,391,2720,2097,0
10,86,1135,391,2245,1289,0
10,87,1135,391,714,2990,0
10,88,1135,391,2800,641,0
10,89,1135,391,2389,2741,0
10,90,1135,391,538,2170,0
10,91,1135,391,2767,2393,0
10,92,1135,391,1270,693,0
10,93,1135,391,2649,133,0
10,94,1135,391,782,2023,0
10,95,1135,391,551,1308,0
10,96,1135,391,2784,254,0
10,97,1135,391,2443,1306,0
10,98,1135,391,1619,1722,0
10,99,1135,391,508,1060,0
10,100,1135,391,2201,1345,0
10,101,1135,391,2587,861,0
10,102,1135,391,2593,412,0
10,103,1135,391,2995,1976,0
10,104,1135,391,2546,755,0
10,105,1135,391,1384,10,0
10,106,1135,391,1458,697,0
10,107,1135,391,52,2157,0
10,108,1135,391,2017,217,0
10,109,1135,391,2750,1252,0
10,110,1135,391,1972,2182,0
10,111,1135,391,736,1220,0
10,112,1135,391,1701,2178,0
10,113,1135,391,27,769,0
10,114,1135,391,148,1215,0
10,115,1135,391,1308,917,0
10,116,1135,391,579,885,0
10,117,1135,391,2737,2060,0
10,118,1135,391,1739,2828,0
10,119,1135,391,1339,2055,0
10,120,1135,391,1479,618,0
10,121,1135,391,1518,2678,0
10,122,1135,391,2663,2085,0
10,123,1135,391,1536,440,0
10,124,1135,391,2347,485,0
10,125,1135,391,2244,1545,0
10,126,1135,391,1821,2562,0
10,127,1135,391,1162,1754,0
10,128,1135,391,476,1205,0
10,129,1135,391,1692,876,0
10,130,1135,391,300,1205,0
10,131,1135,391,2003,1714,0
10,132,1135,391,381,1336,0
10,133,1135,391,2948,2728,0
10,134,1135,391,1258,2583,0
10,135,1135,391,1121,2987,0
10,136,1135,391,2245,575,0
10,137,1135,391,721,430,0
10,138,1135,391,1441,992,0
10,139,1135,391,2326,2998,0
10,140,1135,391,976,329,0
10,141,1135,391,2900,191,0
10,142,1135,391,1962,1771,0
10,143,1135,391,238,1665,0
10,144,1135,391,295,1936,0
10,145,1135,391,1854,141,0
10,146,1135,391,2927,2918,0
10,147,1135,391,652,2117,0
10,148,1135,391,1281,1593,0
10,149,1135,391,1093,2355,0
10,150,1135,391,821,2889,0
10,151,1135,391,2640,293,0
10,152,1135,391,2213,1092,0
10,153,1135,391,2554,526,0
10,154,1135,391,773,2759,0
10,155,1135,391,2398,2598,0
10,156,1135,391,352,1773,0
10,157,1135,391,136,1123,0
10,158,1135,391,2533,1961,0
10,159,1135,391,1274,2648,0
10,160,1135,391,2856,1016,0
10,161,1135,391,723,68,0
10,162,1135,391,1849,735,0
10,163,1135,391,1750,564,0
10,164,1135,391,21,376,0
10,165,1135,391,2035,939,0
10,166,1135,391,1752,1825,0
10,167,1135,391,2384,871,0
10,168,1135,391,1034,788,0
10,169,1135,391,1867,2645,0
10,170,1135,391,940,504,0
10,171,1135,391,1519,1618,0
10,172,1135,391,1392,2416,0
10,173,1135,391,1843,947,0
10,174,1135,391,1387,1345,0
10,175,1135,391,2479,1210,0
10,176,1135,391,1555,1680,0
10,177,1135,391,160,2470,0
10,178,1135,391,2692,2143,0
10,179,1135,391,158,2357,0
10,180,1135,391,2335,890,0
10,181,1135,391,1761,1075,0
10,182,1135,391,2099,406,0
11,0,1132,1878,1639,2892,0
11,1,1132,1878,1329,745,0
11,2,1132,1878,443,1218,0
11,3,1132,1878,2514,1181,0
11,4,1132,1878,2286,223,0
11,5,1132,1878,595,2408,0
11,6,1132,1878,1383,2289,0
11,7,1132,1878,1795,201,0
11,8,1132,1878,2598,838,0
11,9,1132,1878,813,1715,0
11,10,1132,1878,1135,391,0
11,12,1132,1878,2041,661,0
11,13,1132,1878,1434,670,0
11,14,1132,1878,300,623,0
11,15,1132,1878,1559,2032,0
11,16,1132,1878,1224,2119,0
11,17,1132,1878,838,460,0
11,18,1132,1878,352,2688,0
11,19,1132,1878,2179,352,0
11,20,1132,1878,525,672,0
11,21,1132,1878,1652,2883,0
11,22,1132,1878,1373,2660,0
11,23,1132,1878,2814,1659,0
11,24,1132,1878,1449,1659,0
11,25,1132,1878,2305,1303,0
11,26,1132,1878,769,677,0
11,27,1132,1878,2295,2940,0
11,28,1132,1878,577,2880,0
11,29,1132,1878,1614,2810,0
11,30,1132,1878,47,1395,0
11,31,1132,1878,2664,803,0
11,32,1132,1878,2309,2153,0
11,33,1132,1878,2074,2182,0
11,34,1132,1878,1554,11,0
11,35,1132,1878,1400,2146,0
11,36,1132,1878,1795,740,0
11,37,1132,1878,931,567,0
11,38,1132,1878,1254,1779,0
11,39,1132,1878,45,883,0
11,40,1132,1878,1359,119,0
11,41,1132,1878,2127,1277,0
11,42,1132,1878,2925,1375,0
11,43,1132,1878,2505,1463,0
11,44,1132,1878,1791,2744,0
11,45,1132,1878,1916,1718,0
11,46,1132,1878,167,2831,0
11,47,1132,1878,2315,236,0
11,48,1132,1878,1902,1139,0
11,49,1132,1878,1443,2554,0
11,50,1132,1878,194,2519,0
11,51,1132,1878,301,248,0
11,52,1132,1878,934,2502,0
11,53,1132,1878,343,1045,0
11,54,1132,1878,1542,1250,0
11,55,1132,1878,2149,1171,0
11,56,1132,1878,2055,1783,0
11,57,1132,1878,941,1993,0
11,58,1132,1878,123,1452,0
11,59,1132,1878,2845,2865,0
11,60,1132,1878,1089,2442,0
11,61,1132,1878,859,1946,0
11,62,1132,1878,1024,191,0
11,63,1132,1878,640,1179,0
11,64,1132,1878,2225,946,0
11,65,1132,1878,349,822,0
11,66,1132,1878,826,2377,0
11,67,1132,1878,1638,96,0
11,68,1132,1878,2727,990,0
11,69,1132,1878,2915,1910,0
11,70,1132,1878,1406,1407,0
11,71,1132,1878,2216,2614,0
11,72,1132,1878,1497,453,0
11,73,1132,1878,1462,1798,0
11,74,1132,1878,1212,215,0
11,75,1132,1878,2881,2014,0
11,76,1132,1878,32,1929,0
11,77,1132,1878,2695,266,0
11,78,1132,1878,2042,2855,0
11,79,1132,1878,193,1354,0
11,80,1132,1878,123,892,0
11,81,1132,1878,2391,199,0
11,82,1132,1878,738,1556,0
11,83,1132,1878,656,1512,0
11,84,1132,1878,2081,2886,0
11,85,1132,1878,2720,2097,0
11,86,1132,1878,2245,1289,0
11,87,1132,1878,714,2990,0
11,88,1132,1878,2800,641,0
11,89,1132,1878,2389,2741,0
11,90,1132,1878,538,2170,0
11,91,1132,1878,2767,2393,0
11,92,1132,1878,1270,693,0
11,93,1132,1878,2649,133,0
11,94,1132,1878,782,2023,0
11,95,1132,1878,551,1308,0
11,96,1132,1878,2784,254,0
11,97,1132,1878,2443,1306,0
11,98,1132,1878,1619,1722,0
11,99,1132,1878,508,1060,0
11,100,1132,1878,2201,1345,0
11,101,1132,1878,2587,861,0
11,102,1132,1878,2593,412,0
11,103,1132,1878,2995,1976,0
11,104,1132,1878,2546,755,0
11,105,1132,1878,1384,10,0
11,106,1132,1878,1458,697,0
11,107,1132,1878,52,2157,0
11,108,1132,1878,2017,217,0
11,109,1132,1878,2750,1252,0
11,110,1132,1878,1972,2182,0
11,111,1132,1878,736,1220,0
11,112,1132,1878,1701,2178,0
11,113,1132,1878,27,769,0
11,114,1132,1878,148,1215,0
11,115,1132,1878,1308,917,0
11,116,1132,1878,579,885,0
11,117,1132,1878,2737,2060,0
11,118,1132,1878,1739,2828,0
11,119,1132,1878,1339,2055,0
11,120,1132,1878,1479,618,0
11,121,1132,1878,1518,2678,0
11,122,1132,1878,2663,2085,0
11,123,1132,1878,1536,440,0
11,124,1132,1878,2347,485,0
11,125,1132,1878,2244,1545,0
11,126,1132,1878,1821,2562,0
11,127,1132,1878,1162,1754,1
11,128,1132,1878,476,1205,0
11,129,1132,1878,1692,876,0
11,130,1132,1878,300,1205,0
11,131,1132,1878,2003,1714,0
11,132,1132,1878,381,1336,0
11,133,1132,1878,2948,2728,0
11,134,1132,1878,1258,2583,0
11,135,1132,1878,1121,2987,0
11,136,1132,1878,2245,575,0
11,137,1132,1878,721,430,0
11,138,1132,1878,1441,992,0
11,139,1132,1878,2326,2998,0
11,140,1132,1878,976,329,0
11,141,1132,1878,2900,191,0
11,142,1132,1878,1962,1771,0
11,143,1132,1878,238,1665,0
11,144,1132,1878,295,1936,0
11,145,1132,1878,1854,141,0
11,146,1132,1878,2927,2918,0
11,147,1132,1878,652,2117,0
11,148,1132,1878,1281,1593,0
11,149,1132,1878,1093,2355,0
11,150,1132,1878,821,2889,0
11,151,1132,1878,2640,293,0
11,152,1132,1878,2213,1092,0
11,153,1132,1878,2554,526,0
11,154,1132,1878,773,2759,0
11,155,1132,1878,2398,2598,0
11,156,1132,1878,352,1773,0
11,157,1132,1878,136,1123,0
11,158,1132,1878,2533,1961,0
11,159,1132,1878,1274,2648,0
11,160,1132,1878,2856,1016,0
11,161,1132,1878,723,68,0
11,162,1132,1878,1849,735,0
11,163,1132,1878,1750,564,0
11,164,1132,1878,21,376,0
11,165,1132,1878,2035,939,0
11,166,1132,1878,1752,1825,0
11,167,1132,1878,2384,871,0
11,168,1132,1878,1034,788,0
11,169,1132,1878,1867,2645,0
11,170,1132,1878,940,504,0
11,171,1132,1878,1519,1618,0
11,172,1132,1878,1392,2416,0
11,173,1132,1878,1843,947,0
11,174,1132,1878,1387,1345,0
11,175,1132,1878,2479,1210,0
11,176,1132,1878,1555,1680,0
11,177,1132,1878,160,2470,0
11,178,1132,1878,2692,2143,0
11,179,1132,1878,158,2357,0
11,180,1132,1878,2335,890,0
11,181,1132,1878,1761,1075,0
11,182,1132,1878,2099,406,0
12,0,2041,661,1639,2892,0
12,1,2041,661,1329,745,0
12,2,2041,661,443,1218,0
12,3,2041,661,2514,1181,0
12,4,2041,661,2286,223,0
12,5,2041,661,595,2408,0
12,6,2041,661,1383,2289,0
12,7,2041,661,1795,201,0
12,8,2041,661,2598,838,0
12,9,2041,661,813,1715,0
12,10,2041,661,1135,391,0
12,11,2041,661,1132,1878,0
12,13,2041,661,1434,670,0
12,14,2041,661,300,623,0
12,15,2041,661,1559,2032,0
12,16,2041,661,1224,2119,0
12,17,2041,661,838,460,0
12,18,2041,661,352,2688,0
12,19,2041,661,2179,352,0
12,20,2041,661,525,672,0
12,21,2041,661,1652,2883,0
12,22,2041,661,1373,2660,0
12,23,2041,661,2814,1659,0
12,24,2041,661,1449,1659,0
12,25,2041,661,2305,1303,0
12,26,2041,661,769,677,0
12,27,2041,661,2295,2940,0
12,28,2041,661,577,2880,0
12,29,2041,661,1614,2810,0
12,30,2041,661,47,1395,0
12,31,2041,661,2664,803,0
12,32,2041,661,2309,2153,0
12,33,2041,661,2074,2182,0
12,34,2041,661,1554,11,0
12,35,2041,661,1400,2146,0
12,36,2041,661,1795,740,0
12,37,2041,661,931,567,0
12,38,2041,661,1254,1779,0
12,39,2041,661,45,883,0
12,40,2041,661,1359,119,0
12,41,2041,661,2127,1277,0
12,42,2041,661,2925,1375,0
12,43,2041,661,2505,1463,0
12,44,2041,661,1791,2744,0
12,45,2041,661,1916,1718,0
12,46,2041,661,167,2831,0
12,47,2041,661,2315,236,0
12,48,2041,661,1902,1139,0
12,49,2041,661,1443,2554,0
12,50,2041,661,194,2519,0
12,51,2041,661,301,248,0
12,52,2041,661,934,2502,0
12,53,2041,661,343,1045,0
12,54,2041,661,1542,1250,0
12,55,2041,661,2149,1171,0
12,56,2041,661,2055,1783,0
12,57,2041,661,941,1993,0
12,58,2041,661,123,1452,0
12,59,2041,661,2845,2865,0
12,60,2041,661,1089,2442,0
12,61,2041,661,859,1946,0
12,62,2041,661,1024,191,0
12,63,2041,661,640,1179,0
12,64,2041,661,2225,946,0
12,65,2041,661,349,822,0
12,66,2041,661,826,2377,0
12,67,2041,661,1638,96,0
12,68,2041,661,2727,990,0
12,69,2041,661,2915,1910,0
12,70,2041,661,1406,1407,0
12,71,2041,661,2216,2614,0
12,72,2041,661,1497,453,0
12,73,2041,661,1462,1798,0
12,74,2041,661,1212,215,0
12,75,2041,661,2881,2014,0
12,76,2041,661,32,1929,0
12,77,2041,661,2695,266,0
12,78,2041,661,2042,2855,0
12,79,2041,661,193,1354,0
12,80,2041,661,123,892,0
12,81,2041,661,2391,199,0
12,82,2041,661,738,1556,0
12,83,2041,661,656,1512,0
12,84,2041,661,2081,2886,0
12,85,2041,661,2720,2097,0
12,86,2041,661,2245,1289,0
12,87,2041,661,714,2990,0
12,88,2041,661,2800,641,0
12,89,2041,661,2389,2741,0
12,90,2041,661,538,2170,0
12,91,2041,661,2767,2393,0
12,92,2041,661,1270,693,0
12,93,2041,661,2649,133,0
12,94,2041,661,782,2023,0
12,95,2041,661,551,1308,0
12,96,2041,661,2784,254,0
12,97,2041,661,2443,1306,0
12,98,2041,661,1619,1722,0
12,99,2041,661,508,1060,0
12,100,2041,661,2201,1345,0
12,101,2041,661,2587,861,0
12,102,2041,661,2593,412,0
12,103,2041,661,2995,1976,0
12,104,2041,661,2546,755,0
12,105,2041,661,1384,10,0
12,106,2041,661,1458,697,0
12,107,2041,661,52,2157,0
12,108,2041,661,2017,217,0
12,109,2041,661,2750,1252,0
12,110,2041,661,1972,2182,0
12,111,2041,661,736,1220,0
12,112,2041,661,1701,2178,0
12,113,2041,661,27,769,0
12,114,2041,661,148,1215,0
12,115,2041,661,1308,917,0
12,116,2041,661,579,885,0
12,117,2041,661,2737,2060,0
12,118,2041,661,1739,2828,0
12,119,2041,661,1339,2055,0
12,120,2041,661,1479,618,0
12,121,2041,661,1518,2678,0
12,122,2041,661,2663,2085,0
12,123,2041,661,1536,440,0
12,124,2041,661,2347,485,0
12,125,2041,661,2244,1545,0
12,126,2041,661,1821,2562,0
12,127,2041,661,1162,1754,0
12,128,2041,661,476,1205,0
12,129,2041,661,1692,876,0
12,130,2041,661,300,1205,0
12,131,2041,661,2003,1714,0
12,132,2041,661,381,1336,0
12,133,2041,661,2948,2728,0
12,134,2041,661,1258,2583,0
12,135,2041,661,1121,2987,0
12,136,2041,661,2245,575,0
12,137,2041,661,721,430,0
12,138,2041,661,1441,992,0
12,139,2041,661,2326,2998,0
12,140,2041,661,976,329,0
12,141,2041,661,2900,191,0
12,142,2041,661,1962,1771,0
12,143,2041,661,238,1665,0
12,144,2041,661,295,1936,0
12,145,2041,661,1854,141,0
12,146,2041,661,2927,2918,0
12,147,2041,661,652,2117,0
12,148,2041,661,1281,1593,0
12,149,2041,661,1093,2355,0
12,150,2041,661,821,2889,0
12,151,2041,661,2640,293,0
12,152,2041,661,2213,1092,0
12,153,2041,661,2554,526,0
12,154,2041,661,773,2759,0
12,155,2041,661,2398,2598,0
12,156,2041,661,352,1773,0
12,157,2041,661,136,1123,0
12,158,2041,661,2533,1961,0
12,159,2041,661,1274,2648,0
12,160,2041,661,2856,1016,0
12,161,2041,661,723,68,0
12,162,2041,661,1849,735,1
12,163,2041,661,1750,564,0
12,164,2041,661,21,376,0
12,165,2041,661,2035,939,0
12,166,2041,661,1752,1825,0
12,167,2041,661,2384,871,0
12,168,2041,661,1034,788,0
12,169,2041,661,1867,2645,0
12,170,2041,661,940,504,0
12,171,2041,661,1519,1618,0
12,172,2041,661,1392,2416,0
12,173,2041,661,1843,947,0
12,174,2041,661,1387,1345,0
12,175,2041,661,2479,1210,0
12,176,2041,661,1555,1680,0
12,177,2041,661,160,2470,0
12,178,2041,661,2692,2143,0
12,179,2041,661,158,2357,0
12,180,2041,661,2335,890,0
12,181,2041,661,1761,1075,0
12,182,2041,661,2099,406,0
13,0,1434,670,1639,2892,0
13,1,1434,670,1329,745,0
13,2,1434,670,443,1218,0
13,3,1434,670,2514,1181,0
13,4,1434,670,2286,223,0
13,5,1434,670,595,2408,0
13,6,1434,670,1383,2289,0
13,7,1434,670,1795,201,0
13,8,1434,670,2598,838,0
13,9,1434,670,813,1715,0
13,10,1434,670,1135,391,0
13,11,1434,670,1132,1878,0
13,12,1434,670,2041,661,0
13,14,1434,670,300,623,0
13,15,1434,670,1559,2032,0
13,16,1434,670,1224,2119,0
13,17,1434,670,838,460,0
13,18,1434,670,352,2688,0
13,19,1434,670,2179,352,0
13,20,1434,670,525,672,0
13,21,1434,670,1652,2883,0
13,22,1434,670,1373,2660,0
13,23,1434,670,2814,1659,0
13,24,1434,670,1449,1659,0
13,25,1434,670,2305,1303,0
13,26,1434,670,769,677,0
13,27,1434,670,2295,2940,0
13,28,1434,670,577,2880,0
13,29,1434,670,1614,2810,0
13,30,1434,670,47,1395,0
13,31,1434,670,2664,803,0
13,32,1434,670,2309,2153,0
13,33,1434,670,2074,2182,0
13,34,1434,670,1554,11,0
13,35,1434,670,1400,2146,0
13,36,1434,670,1795,740,0
13,37,1434,670,931,567,0
13,38,1434,670,1254,1779,0
13,39,1434,670,45,883,0
13,40,1434,670,1359,119,0
13,41,1434,670,2127,1277,0
13,42,1434,670,2925,1375,0
13,43,1434,670,2505,1463,0
13,44,1434,670,1791,2744,0
13,45,1434,670,1916,1718,0
13,46,1434,670,167,2831,0
13,47,1434,670,2315,236,0
13,48,1434,670,1902,1139,0
13,49,1434,670,1443,2554,0
13,50,1434,670,194,2519,0
13,51,1434,670,301,248,0
13,52,1434,670,934,2502,0
13,53,1434,670,343,1045,0
13,54,1434,670,1542,1250,0
13,55,1434,670,2149,1171,0
13,56,1434,670,2055,1783,0
13,57,1434,670,941,1993,0
13,58,1434,670,123,1452,0
13,59,1434,670,2845,2865,0
13,60,1434,670,1089,2442,0
13,61,1434,670,859,1946,0
13,62,1434,670,1024,191,0
13,63,1434,670,640,1179,0
13,64,1434,670,2225,946,0
13,65,1434,670,349,822,0
13,66,1434,670,826,2377,0
13,67,1434,670,1638,96,0
13,68,1434,670,2727,990,0
13,69,1434,670,2915,1910,0
13,70,1434,670,1406,1407,0
13,71,1434,670,2216,2614,0
13,72,1434,670,1497,453,0
13,73,1434,670,1462,1798,0
13,74,1434,670,1212,215,0
13,75,1434,670,2881,2014,0
13,76,1434,670,32,1929,0
13,77,1434,670,2695,266,0
13,78,1434,670,2042,2855,0
13,79,1434,670,193,1354,0
13,80,1434,670,123,892,0
13,81,1434,670,2391,199,0
13,82,1434,670,738,1556,0
13,83,1434,670,656,1512,0
13,84,1434,670,2081,2886,0
13,85,1434,670,2720,2097,0
13,86,1434,670,2245,1289,0
13,87,1434,670,714,2990,0
13,88,1434,670,2800,641,0
13,89,1434,670,2389,2741,0
13,90,1434,670,538,2170,0
13,91,1434,670,2767,2393,0
13,92,1434,670,1270,693,0
13,93,1434,670,2649,133,0
13,94,1434,670,782,2023,0
13,95,1434,670,551,1308,0
13,96,1434,670,2784,254,0
13,97,1434,670,2443,1306,0
13,98,1434,670,1619,1722,0
13,99,1434,670,508,1060,0
13,100,1434,670,2201,1345,0
13,101,1434,670,2587,861,0
13,102,1434,670,2593,412,0
13,103,1434,670,2995,1976,0
13,104,1434,670,2546,755,0
13,105,1434,670,1384,10,0
13,106,1434,670,1458,697,1
13,107,1434,670,52,2157,0
13,108,1434,670,2017,217,0
13,109,1434,670,2750,1252,0
13,110,1434,670,1972,2182,0
13,111,1434,670,736,1220,0
13,112,1434,670,1701,2178,0
13,113,1434,670,27,769,0
13,114,1434,670,148,1215,0
13,115,1434,670,1308,917,0
13,116,1434,670,579,885,0
13,117,1434,670,2737,2060,0
13,118,1434,670,1739,2828,0
13,119,1434,670,1339,2055,0
13,120,1434,670,1479,618,0
13,121,1434,670,1518,2678,0
13,122,1434,670,2663,2085,0
13,123,1434,670,1536,440,0
13,124,1434,670,2347,485,0
13,125,1434,670,2244,1545,0
13,126,1434,670,1821,2562,0
13,127,1434,670,1162,1754,0
13,128,1434,670,476,1205,0
13,129,1434,670,1692,876,0
13,130,1434,670,300,1205,0
13,131,1434,670,2003,1714,0
13,132,1434,670,381,1336,0
13,133,1434,670,2948,2728,0
13,134,1434,670,1258,2583,0
13,135,1434,670,1121,2987,0
13,136,1434,670,2245,575,0
13,137,1434,670,721,430,0
13,138,1434,670,1441,992,0
13,139,1434,670,2326,2998,0
13,140,1434,670,976,329,0
13,141,1434,670,2900,191,0
13,142,1434,670,1962,1771,0
13,143,1434,670,238,1665,0
13,144,1434,670,295,1936,0
13,145,1434,670,1854,141,0
13,146,1434,670,2927,2918,0
13,147,1434,670,652,2117,0
13,148,1434,670,1281,1593,0
13,149,1434,670,1093,2355,0
13,150,1434,670,821,2889,0
13,151,1434,670,2640,293,0
13,152,1434,670,2213,1092,0
13,153,1434,670,2554,526,0
13,154,1434,670,773,2759,0
13,155,1434,670,2398,2598,0
13,156,1434,670,352,1773,0
13,157,1434,670,136,1123,0
13,158,1434,670,2533,1961,0
13,159,1434,670,1274,2648,0
13,160,1434,670,2856,1016,0
13,161,1434,670,723,68,0
13,162,1434,670,1849,735,0
13,163,1434,670,1750,564,0
13,164,1434,670,21,376,0
13,165,1434,670,2035,939,0
13,166,1434,670,1752,1825,0
13,167,1434,670,2384,871,0
13,168,1434,670,1034,788,0
13,169,1434,670,1867,2645,0
13,170,1434,670,940,504,0
13,171,1434,670,1519,1618,0
13,172,1434,670,1392,2416,0
13,173,1434,670,1843,947,0
13,174,1434,670,1387,1345,0
13,175,1434,670,2479,1210,0
13,176,1434,670,1555,1680,0
13,177,1434,670,160,2470,0
13,178,1434,670,2692,2143,0
13,179,1434,670,158,2357,0
13,180,1434,670,2335,890,0
13,181,1434,670,1761,1075,0
13,182,1434,670,2099,406,0
14,0,300,623,1639,2892,0
14,1,300,623,1329,745,0
14,2,300,623,443,1218,0
14,3,300,623,2514,1181,0
14,4,300,623,2286,223,0
14,5,300,623,595,2408,0
14,6,300,623,1383,2289,0
14,7,300,623,1795,201,0
14,8,300,623,2598,838,0
14,9,300,623,813,1715,0
14,10,300,623,1135,391,0
14,11,300,623,1132,1878,0
14,12,300,623,2041,661,0
14,13,300,623,1434,670,0
14,15,300,623,1559,2032,0
14,16,300,623,1224,2119,0
14,17,300,623,838,460,0
14,18,300,623,352,2688,0
14,19,300,623,2179,352,0
14,20,300,623,525,672,0
14,21,300,623,1652,2883,0
14,22,300,623,1373,2660,0
14,23,300,623,2814,1659,0
14,24,300,623,1449,1659,0
14,25,300,623,2305,1303,0
14,26,300,623,769,677,0
14,27,300,623,2295,2940,0
14,28,300,623,577,2880,0
14,29,300,623,1614,2810,0
14,30,300,623,47,1395,0
14,31,300,623,2664,803,0
14,32,300,623,2309,2153,0
14,33,300,623,2074,2182,0
14,34,300,623,1554,11,0
14,35,300,623,1400,2146,0
14,36,300,623,1795,740,0
14,37,300,623,931,567,0
14,38,300,623,1254,1779,0
14,39,300,623,45,883,0
14,40,300,623,1359,119,0
14,41,300,623,2127,1277,0
14,42,300,623,2925,1375,0
14,43,300,623,2505,1463,0
14,44,300,623,1791,2744,0
14,45,300,623,1916,1718,0
14,46,300,623,167,2831,0
14,47,300,623,2315,236,0
14,48,300,623,1902,1139,0
14,49,300,623,1443,2554,0
14,50,300,623,194,2519,0
14,51,300,623,301,248,0
14,52,300,623,934,2502,0
14,53,300,623,343,1045,0
14,54,300,623,1542,1250,0
14,55,300,623,2149,1171,0
14,56,300,623,2055,1783,0
14,57,300,623,941,1993,0
14,58,300,623,123,1452,0
14,59,300,623,2845,2865,0
14,60,300,623,1089,2442,0
14,61,300,623,859,1946,0
14,62,300,623,1024,191,0
14,63,300,623,640,1179,0
14,64,300,623,2225,946,0
14,65,300,623,349,822,1
14,66,300,623,826,2377,0
14,67,300,623,1638,96,0
14,68,300,623,2727,990,0
14,69,300,623,2915,1910,0
14,70,300,623,1406,1407,0
14,71,300,623,2216,2614,0
14,72,300,623,1497,453,0
14,73,300,623,1462,1798,0
14,74,300,623,1212,215,0
14,75,300,623,2881,2014,0
14,76,300,623,32,1929,0
14,77,300,623,2695,266,0
14,78,300,623,2042,2855,0
14,79,300,623,193,1354,0
14,80,300,623,123,892,0
14,81,300,623,2391,199,0
14,82,300,623,738,1556,0
14,83,300,623,656,1512,0
14,84,300,623,2081,2886,0
14,85,300,623,2720,2097,0
14,86,300,623,2245,1289,0
14,87,300,623,714,2990,0
14,88,300,623,2800,641,0
14,89,300,623,2389,2741,0
14,90,300,623,538,2170,0
14,91,300,623,2767,2393,0
14,92,300,623,1270,693,0
14,93,300,623,2649,133,0
14,94,300,623,782,2023,0
14,95,300,623,551,1308,0
14,96,300,623,2784,254,0
14,97,300,623,2443,1306,0
14,98,300,623,1619,1722,0
14,99,300,623,508,1060,0
14,100,300,623,2201,1345,0
14,101,300,623,2587,861,0
14,102,300,623,2593,412,0
14,103,300,623,2995,1976,0
14,104,300,623,2546,755,0
14,105,300,623,1384,10,0
14,106,300,623,1458,697,0
14,107,300,623,52,2157,0
14,108,300,623,2017,217,0
14,109,300,623,2750,1252,0
14,110,300,623,1972,2182,0
14,111,300,623,736,1220,0
14,112,300,623,1701,2178,0
14,113,300,623,27,769,0
14,114,300,623,148,1215,0
14,115,300,623,1308,917,0
14,116,300,623,579,885,0
14,117,300,623,2737,2060,0
14,118,300,623,1739,2828,0
14,119,300,623,1339,2055,0
14,120,300,623,1479,618,0
14,121,300,623,1518,2678,0
14,122,300,623,2663,2085,0
14,123,300,623,1536,440,0
14,124,300,623,2347,485,0
14,125,300,623,2244,1545,0
14,126,300,623,1821,2562,0
14,127,300,623,1162,1754,0
14,128,300,623,476,1205,0
14,129,300,623,1692,876,0
14,130,300,623,300,1205,0
14,131,300,623,2003,1714,0
14,132,300,623,381,1336,0
14,133,300,623,2948,2728,0
14,134,300,623,1258,2583,0
14,135,300,623,1121,2987,0
14,136,300,623,2245,575,0
14,137,300,623,721,430,0
14,138,300,623,1441,992,0
14,139,300,623,2326,2998,0
14,140,300,623,976,329,0
14,141,300,623,2900,191,0
14,142,300,623,1962,1771,0
14,143,300,623,238,1665,0
14,144,300,623,295,1936,0
14,145,300,623,1854,141,0
14,146,300,623,2927,2918,0
14,147,300,623,652,2117,0
14,148,300,623,1281,1593,0
14,149,300,623,1093,2355,0
14,150,300,623,821,2889,0
14,151,300,623,2640,293,0
14,152,300,623,2213,1092,0
14,153,300,623,2554,526,0
14,154,300,623,773,2759,0
14,155,300,623,2398,2598,0
14,156,300,623,352,1773,0
14,157,300,623,136,1123,0
14,158,300,623,2533,1961,0
14,159,300,623,1274,2648,0
14,160,300,623,2856,1016,0
14,161,300,623,723,68,0
14,162,300,623,1849,735,0
14,163,300,623,1750,564,0
14,164,300,623,21,376,0
14,165,300,623,2035,939,0
14,166,300,623,1752,1825,0
14,167,300,623,2384,871,0
14,168,300,623,1034,788,0
14,169,300,623,1867,2645,0
14,170,300,623,940,504,0
14,171,300,623,1519,1618,0
14,172,300,623,1392,2416,0
14,173,300,623,1843,947,0
14,174,300,623,1387,1345,0
14,175,300,623,2479,1210,0
14,176,300,623,1555,1680,0
14,177,300,623,160,2470,0
14,178,300,623,2692,2143,0
14,179,300,623,158,2357,0
14,180,300,623,2335,890,0
14,181,300,623,1761,1075,0
14,182,300,623,2099,406,0
15,0,1559,2032,1639,2892,0
15,1,1559,2032,1329,745,0
15,2,1559,2032,443,1218,0
15,3,1559,2032,2514,1181,0
15,4,1559,2032,2286,223,0
15,5,1559,2032,595,2408,0
15,6,1559,2032,1383,2289,0
15,7,1559,2032,1795,201,0
15,8,1559,2032,2598,838,0
15,9,1559,2032,813,1715,0
15,10,1559,2032,1135,391,0
15,11,1559,2032,1132,1878,0
15,12,1559,2032,2041,661,0
15,13,1559,2032,1434,670,0
15,14,1559,2032,300,623,0
15,16,1559,2032,1224,2119,0
15,17,1559,2032,838,460,0
15,18,1559,2032,352,2688,0
15,19,1559,2032,2179,352,0
15,20,1559,2032,525,672,0
15,21,1559,2032,1652,2883,0
15,22,1559,2032,1373,2660,0
15,23,1559,2032,2814,1659,0
15,24,1559,2032,1449,1659,0
15,25,1559,2032,2305,1303,0
15,26,1559,2032,769,677,0
15,27,1559,2032,2295,2940,0
15,28,1559,2032,577,2880,0
15,29,1559,2032,1614,2810,0
15,30,1559,2032,47,1395,0
15,31,1559,2032,2664,803,0
15,32,1559,2032,2309,2153,0
15,33,1559,2032,2074,2182,0
15,34,1559,2032,1554,11,0
15,35,1559,2032,1400,2146,0
15,36,1559,2032,1795,740,0
15,37,1559,2032,931,567,0
15,38,1559,2032,1254,1779,0
15,39,1559,2032,45,883,0
15,40,1559,2032,1359,119,0
15,41,1559,2032,2127,1277,0
15,42,1559,2032,2925,1375,0
15,43,1559,2032,2505,1463,0
15,44,1559,2032,1791,2744,0
15,45,1559,2032,1916,1718,0
15,46,1559,2032,167,2831,0
15,47,1559,2032,2315,236,0
15,48,1559,2032,1902,1139,0
15,49,1559,2032,1443,2554,0
15,50,1559,2032,194,2519,0
15,51,1559,2032,301,248,0
15,52,1559,2032,934,2502,0
15,53,1559,2032,343,1045,0
15,54,1559,2032,1542,1250,0
15,55,1559,2032,2149,1171,0
15,56,1559,2032,2055,1783,0
15,57,1559,2032,941,1993,0
15,58,1559,2032,123,1452,0
15,59,1559,2032,2845,2865,0
15,60,1559,2032,1089,2442,0
15,61,1559,2032,859,1946,0
15,62,1559,2032,1024,191,0
15,63,1559,2032,640,1179,0
15,64,1559,2032,2225,946,0
15,65,1559,2032,349,822,0
15,66,1559,2032,826,2377,0
15,67,1559,2032,1638,96,0
15,68,1559,2032,2727,990,0
15,69,1559,2032,2915,1910,0
15,70,1559,2032,1406,1407,0
15,71,1559,2032,2216,2614,0
15,72,1559,2032,1497,453,0
15,73,1559,2032,1462,1798,0
15,74,1559,2032,1212,215,0
15,75,1559,2032,2881,2014,0
15,76,1559,2032,32,1929,0
15,77,1559,2032,2695,266,0
15,78,1559,2032,2042,2855,0
15,79,1559,2032,193,1354,0
15,80,1559,2032,123,892,0
15,81,1559,2032,2391,199,0
15,82,1559,2032,738,1556,0
15,83,1559,2032,656,1512,0
15,84,1559,2032,2081,2886,0
15,85,1559,2032,2720,2097,0
15,86,1559,2032,2245,1289,0
15,87,1559,2032,714,2990,0
15,88,1559,2032,2800,641,0
15,89,1559,2032,2389,2741,0
15,90,1559,2032,538,2170,0
15,91,1559,2032,2767,2393,0
15,92,1559,2032,1270,693,0
15,93,1559,2032,2649,133,0
15,94,1559,2032,782,2023,0
15,95,1559,2032,551,1308,0
15,96,1559,2032,2784,254,0
15,97,1559,2032,2443,1306,0
15,98,1559,2032,1619,1722,0
15,99,1559,2032,508,1060,0
15,100,1559,2032,2201,1345,0
15,101,1559,2032,2587,861,0
15,102,1559,2032,2593,412,0
15,103,1559,2032,2995,1976,0
15,104,1559,2032,2546,755,0
15,105,1559,2032,1384,10,0
15,106,1559,2032,1458,697,0
15,107,1559,2032,52,2157,0
15,108,1559,2032,2017,217,0
15,109,1559,2032,2750,1252,0
15,110,1559,2032,1972,2182,0
15,111,1559,2032,736,1220,0
15,112,1559,2032,1701,2178,1
15,113,1559,2032,27,769,0
15,114,1559,2032,148,1215,0
15,115,1559,2032,1308,917,0
15,116,1559,2032,579,885,0
15,117,1559,2032,2737,2060,0
15,118,1559,2032,1739,2828,0
15,119,1559,2032,1339,2055,0
15,120,1559,2032,1479,618,0
15,121,1559,2032,1518,2678,0
15,122,1559,2032,2663,2085,0
15,123,1559,2032,1536,440,0
15,124,1559,2032,2347,485,0
15,125,1559,2032,2244,1545,0
15,126,1559,2032,1821,2562,0
15,127,1559,2032,1162,1754,0
15,128,1559,2032,476,1205,0
15,129,1559,2032,1692,876,0
15,130,1559,2032,300,1205,0
15,131,1559,2032,2003,1714,0
15,132,1559,2032,381,1336,0
15,133,1559,2032,2948,2728,0
15,134,1559,2032,1258,2583,0
15,135,1559,2032,1121,2987,0
15,136,1559,2032,2245,575,0
15,137,1559,2032,721,430,0
15,138,1559,2032,1441,992,0
15,139,1559,2032,2326,2998,0
15,140,1559,2032,976,329,0
15,141,1559,2032,2900,191,0
15,142,1559,2032,1962,1771,0
15,143,1559,2032,238,1665,0
15,144,1559,2032,295,1936,0
15,145,1559,2032,1854,141,0
15,146,1559,2032,2927,2918,0
15,147,1559,2032,652,2117,0
15,148,1559,2032,1281,1593,0
15,149,1559,2032,1093,2355,0
15,150,1559,2032,821,2889,0
15,151,1559,2032,2640,293,0
15,152,1559,2032,2213,1092,0
15,153,1559,2032,2554,526,0
15,154,1559,2032,773,2759,0
15,155,1559,2032,2398,2598,0
15,156,1559,2032,352,1773,0
15,157,1559,2032,136,1123,0
15,158,1559,2032,2533,1961,0
15,159,1559,2032,1274,2648,0
15,160,1559,2032,2856,1016,0
15,161,1559,2032,723,68,0
15,162,1559,2032,1849,735,0
15,163,1559,2032,1750,564,0
15,164,1559,2032,21,376,0
15,165,1559,2032,2035,939,0
15,166,1559,2032,1752,1825,0
15,167,1559,2032,2384,871,0
15,168,1559,2032,1034,788,0
15,169,1559,2032,1867,2645,0
15,170,1559,2032,940,504,0
15,171,1559,2032,1519,1618,0
15,172,1559,2032,1392,2416,0
15,173,1559,2032,1843,947,0
15,174,1559,2032,1387,1345,0
15,175,1559,2032,2479,1210,0
15,176,1559,2032,1555,1680,0
15,177,1559,2032,160,2470,0
15,178,1559,2032,2692,2143,0
15,179,1559,2032,158,2357,0
15,180,1559,2032,2335,890,0
15,181,1559,2032,1761,1075,0
15,182,1559,2032,2099,406,0
16,0,1224,2119,1639,2892,0
16,1,1224,2119,1329,745,0
16,2,1224,2119,443,1218,0
16,3,1224,2119,2514,1181,0
16,4,1224,2119,2286,223,0
16,5,1224,2119,595,2408,0
16,6,1224,2119,1383,2289,0
16,7,1224,2119,1795,201,0
16,8,1224,2119,2598,838,0
16,9,1224,2119,813,1715,0
16,10,1224,2119,1135,391,0
16,11,1224,2119,1132,1878,1
16,12,1224,2119,2041,661,0
16,13,1224,2119,1434,670,0
16,14,1224,2119,300,623,0
16,15,1224,2119,1559,2032,0
16,17,1224,2119,838,460,0
16,18,1224,2119,352,2688,0
16,19,1224,2119,2179,352,0
16,20,1224,2119,525,672,0
16,21,1224,2119,1652,2883,0
16,22,1224,2119,1373,2660,0
16,23,1224,2119,2814,1659,0
16,24,1224,2119,1449,1659,0
16,25,1224,2119,2305,1303,0
16,26,1224,2119,769,677,0
16,27,1224,2119,2295,2940,0
16,28,1224,2119,577,2880,0
16,29,1224,2119,1614,2810,0
16,30,1224,2119,47,1395,0
16,31,1224,2119,2664,803,0
16,32,1224,2119,2309,2153,0
16,33,1224,2119,2074,2182,0
16,34,1224,2119,1554,11,0
16,35,1224,2119,1400,2146,0
16,36,1224,2119,1795,740,0
16,37,1224,2119,931,567,0
16,38,1224,2119,1254,1779,0
16,39,1224,2119,45,883,0
16,40,1224,2119,1359,119,0
16,41,1224,2119,2127,1277,0
16,42,1224,2119,2925,1375,0
16,43,1224,2119,2505,1463,0
16,44,1224,2119,1791,2744,0
16,45,1224,2119,1916,1718,0
16,46,1224,2119,167,2831,0
16,47,1224,2119,2315,236,0
16,48,1224,2119,1902,1139,0
16,49,1224,2119,1443,2554,0
16,50,1224,2119,194,2519,0
16,51,1224,2119,301,248,0
16,52,1224,2119,934,2502,0
16,53,1224,2119,343,1045,0
16,54,1224,2119,1542,1250,0
16,55,1224,2119,2149,1171,0
16,56,1224,2119,2055,1783,0
16,57,1224,2119,941,1993,0
16,58,1224,2119,123,1452,0
16,59,1224,2119,2845,2865,0
16,60,1224,2119,1089,2442,0
16,61,1224,2119,859,1946,0
16,62,1224,2119,1024,191,0
16,63,1224,2119,640,1179,0
16,64,1224,2119,2225,946,0
16,65,1224,2119,349,822,0
16,66,1224,2119,826,2377,0
16,67,1224,2119,1638,96,0
16,68,1224,2119,2727,990,0
16,69,1224,2119,2915,1910,0
16,70,1224,2119,1406,1407,0
16,71,1224,2119,2216,2614,0
16,72,1224,2119,1497,453,0
16,73,1224,2119,1462,1798,0
16,74,1224,2119,1212,215,0
16,75,1224,2119,2881,2014,0
16,76,1224,2119,32,1929,0
16,77,1224,2119,2695,266,0
16,78,1224,2119,2042,2855,0
16,79,1224,2119,193,1354,0
16,80,1224,2119,123,892,0
16,81,1224,2119,2391,199,0
16,82,1224,2119,738,1556,0
16,83,1224,2119,656,1512,0
16,84,1224,2119,2081,2886,0
16,85,1224,2119,2720,2097,0
16,86,1224,2119,2245,1289,0
16,87,1224,2119,714,2990,0
16,88,1224,2119,2800,641,0
16,89,1224,2119,2389,2741,0
16,90,1224,2119,538,2170,0
16,91,1224,2119,2767,2393,0
16,92,1224,2119,1270,693,0
16,93,1224,2119,2649,133,0
16,94,1224,2119,782,2023,0
16,95,1224,2119,551,1308,0
16,96,1224,2119,2784,254,0
16,97,1224,2119,2443,1306,0
16,98,1224,2119,1619,1722,0
16,99,1224,2119,508,1060,0
16,100,1224,2119,2201,1345,0
16,101,1224,2119,2587,861,0
16,102,1224,2119,2593,412,0
16,103,1224,2119,2995,1976,0
16,104,1224,2119,2546,755,0
16,105,1224,2119,1384,10,0
16,106,1224,2119,1458,697,0
16,107,1224,2119,52,2157,0
16,108,1224,2119,2017,217,0
16,109,1224,2119,2750,1252,0
16,110,1224,2119,1972,2182,0
16,111,1224,2119,736,1220,0
16,112,1224,2119,1701,2178,0
16,113,1224,2119,27,769,0
16,114,1224,2119,148,1215,0
16,115,1224,2119,1308,917,0
16,116,1224,2119,579,885,0
16,117,1224,2119,2737,2060,0
16,118,1224,2119,1739,2828,0
16,119,1224,2119,1339,2055,0
16,120,1224,2119,1479,618,0
16,121,1224,2119,1518,2678,0
16,122,1224,2119,2663,2085,0
16,123,1224,2119,1536,440,0
16,124,1224,2119,2347,485,0
16,125,1224,2119,2244,1545,0
16,126,1224,2119,1821,2562,0
16,127,1224,2119,1162,1754,0
16,128,1224,2119,476,1205,0
16,129,1224,2119,1692,876,0
16,130,1224,2119,300,1205,0
16,131,1224,2119,2003,1714,0
16,132,1224,2119,381,1336,0
16,133,1224,2119,2948,2728,0
16,134,1224,2119,1258,2583,0
16,135,1224,2119,1121,2987,0
16,136,1224,2119,2245,575,0
16,137,1224,2119,721,430,0
16,138,1224,2119,1441,992,0
16,139,1224,2119,2326,2998,0
16,140,1224,2119,976,329,0
16,141,1224,2119,2900,191,0
16,142,1224,2119,1962,1771,0
16,143,1224,2119,238,1665,0
16,144,1224,2119,295,1936,0
16,145,1224,2119,1854,141,0
16,146,1224,2119,2927,2918,0
16,147,1224,2119,652,2117,0
16,148,1224,2119,1281,1593,0
16,149,1224,2119,1093,2355,0
16,150,1224,2119,821,2889,0
16,151,1224,2119,2640,293,0
16,152,1224,2119,2213,1092,0
16,153,1224,2119,2554,526,0
16,154,1224,2119,773,2759,0
16,155,1224,2119,2398,2598,0
16,156,1224,2119,352,1773,0
16,157,1224,2119,136,1123,0
16,158,1224,2119,2533,1961,0
16,159,1224,2119,1274,2648,0
16,160,1224,2119,2856,1016,0
16,161,1224,2119,723,68,0
16,162,1224,2119,1849,735,0
16,163,1224,2119,1750,564,0
16,164,1224,2119,21,376,0
16,165,1224,2119,2035,939,0
16,166,1224,2119,1752,1825,0
16,167,1224,2119,2384,871,0
16,168,1224,2119,1034,788,0
16,169,1224,2119,1867,2645,0
16,170,1224,2119,940,504,0
16,171,1224,2119,1519,1618,0
16,172,1224,2119,1392,2416,0
16,173,1224,2119,1843,947,0
16,174,1224,2119,1387,1345,0
16,175,1224,2119,2479,1210,0
16,176,1224,2119,1555,1680,0
16,177,1224,2119,160,2470,0
16,178,1224,2119,2692,2143,0
16,179,1224,2119,158,2357,0
16,180,1224,2119,2335,890,0
16,181,1224,2119,1761,1075,0
16,182,1224,2119,2099,406,0
17,0,838,460,1639,2892,0
17,1,838,460,1329,745,0
17,2,838,460,443,1218,0
17,3,838,460,2514,1181,0
17,4,838,460,2286,223,0
17,5,838,460,595,2408,0
17,6,838,460,1383,2289,0
17,7,838,460,1795,201,0
17,8,838,460,2598,838,0
17,9,838,460,813,1715,0
17,10,838,460,1135,391,0
17,11,838,460,1132,1878,0
17,12,838,460,2041,661,0
17,13,838,460,1434,670,0
17,14,838,460,300,623,0
17,15,838,460,1559,2032,0
17,16,838,460,1224,2119,0
17,18,838,460,352,2688,0
17,19,838,460,2179,352,0
17,20,838,460,525,672,0
17,21,838,460,1652,2883,0
17,22,838,460,1373,2660,0
17,23,838,460,2814,1659,0
17,24,838,460,1449,1659,0
17,25,838,460,2305,1303,0
17,26,838,460,769,677,0
17,27,838,460,2295,2940,0
17,28,838,460,577,2880,0
17,29,838,460,1614,2810,0
17,30,838,460,47,1395,0
17,31,838,460,2664,803,0
17,32,838,460,2309,2153,0
17,33,838,460,2074,2182,0
17,34,838,460,1554,11,0
17,35,838,460,1400,2146,0
17,36,838,460,1795,740,0
17,37,838,460,931,567,0
17,38,838,460,1254,1779,0
17,39,838,460,45,883,0
17,40,838,460,1359,119,0
17,41,838,460,2127,1277,0
17,42,838,460,2925,1375,0
17,43,838,460,2505,1463,0
17,44,838,460,1791,2744,0
17,45,838,460,1916,1718,0
17,46,838,460,167,2831,0
17,47,838,460,2315,236,0
17,48,838,460,1902,1139,0
17,49,838,460,1443,2554,0
17,50,838,460,194,2519,0
17,51,838,460,301,248,0
17,52,838,460,934,2502,0
17,53,838,460,343,1045,0
17,54,838,460,1542,1250,0
17,55,838,460,2149,1171,0
17,56,838,460,2055,1783,0
17,57,838,460,941,1993,0
17,58,838,460,123,1452,0
17,59,838,460,2845,2865,0
17,60,838,460,1089,2442,0
17,61,838,460,859,1946,0
17,62,838,460,1024,191,0
17,63,838,460,640,1179,0
17,64,838,460,2225,946,0
17,65,838,460,349,822,0
17,66,838,460,826,2377,0
17,67,838,460,1638,96,0
17,68,838,460,2727,990,0
17,69,838,460,2915,1910,0
17,70,838,460,1406,1407,0
17,71,838,460,2216,2614,0
17,72,838,460,1497,453,0
17,73,838,460,1462,1798,0
17,74,838,460,1212,215,0
17,75,838,460,2881,2014,0
17,76,838,460,32,1929,0
17,77,838,460,2695,266,0
17,78,838,460,2042,2855,0
17,79,838,460,193,1354,0
17,80,838,460,123,892,0
17,81,838,460,2391,199,0
17,82,838,460,738,1556,0
17,83,838,460,656,1512,0
17,84,838,460,2081,2886,0
17,85,838,460,2720,2097,0
17,86,838,460,2245,1289,0
17,87,838,460,714,2990,0
17,88,838,460,2800,641,0
17,89,838,460,2389,2741,0
17,90,838,460,538,2170,0
17,91,838,460,2767,2393,0
17,92,838,460,1270,693,0
17,93,838,460,2649,133,0
17,94,838,460,782,2023,0
17,95,838,460,551,1308,0
17,96,838,460,2784,254,0
17,97,838,460,2443,1306,0
17,98,838,460,1619,1722,0
17,99,838,460,508,1060,0
17,100,838,460,2201,1345,0
17,101,838,460,2587,861,0
17,102,838,460,2593,412,0
17,103,838,460,2995,1976,0
17,104,838,460,2546,755,0
17,105,838,460,1384,10,0
17,106,838,460,1458,697,0
17,107,838,460,52,2157,0
17,108,838,460,2017,217,0
17,109,838,460,2750,1252,0
17,110,838,460,1972,2182,0
17,111,838,460,736,1220,0
17,112,838,460,1701,2178,0
17,113,838,460,27,769,0
17,114,838,460,148,1215,0
17,115,838,460,1308,917,0
17,116,838,460,579,885,0
17,117,838,460,2737,2060,0
17,118,838,460,1739,2828,0
17,119,838,460,1339,2055,0
17,120,838,460,1479,618,0
17,121,838,460,1518,2678,0
17,122,838,460,2663,2085,0
17,123,838,460,1536,440,0
17,124,838,460,2347,485,0
17,125,838,460,2244,1545,0
17,126,838,460,1821,2562,0
17,127,838,460,1162,1754,0
17,128,838,460,476,1205,0
17,129,838,460,1692,876,0
17,130,838,460,300,1205,0
17,131,838,460,2003,1714,0
17,132,838,460,381,1336,0
17,133,838,460,2948,2728,0
17,134,838,460,1258,2583,0
17,135,838,460,1121,2987,0
17,136,838,460,2245,575,0
17,137,838,460,721,430,1
17,138,838,460,1441,992,0
17,139,838,460,2326,2998,0
17,140,838,460,976,329,0
17,141,838,460,2900,191,0
17,142,838,460,1962,1771,0
17,143,838,460,238,1665,0
17,144,838,460,295,1936,0
17,145,838,460,1854,141,0
17,146,838,460,2927,2918,0
17,147,838,460,652,2117,0
17,148,838,460,1281,1593,0
17,149,838,460,1093,2355,0
17,150,838,460,821,2889,0
17,151,838,460,2640,293,0
17,152,838,460,2213,1092,0
17,153,838,460,2554,526,0
17,154,838,460,773,2759,0
17,155,838,460,2398,2598,0
17,156,838,460,352,1773,0
17,157,838,460,136,1123,0
17,158,838,460,2533,1961,0
17,159,838,460,1274,2648,0
17,160,838,460,2856,1016,0
17,161,838,460,723,68,0
17,162,838,460,1849,735,0
17,163,838,460,1750,564,0
17,164,838,460,21,376,0
17,165,838,460,2035,939,0
17,166,838,460,1752,1825,0
17,167,838,460,2384,871,0
17,168,838,460,1034,788,0
17,169,838,460,1867,2645,0
17,170,838,460,940,504,0
17,171,838,460,1519,1618,0
17,172,838,460,1392,2416,0
17,173,838,460,1843,947,0
17,174,838,460,1387,1345,0
17,175,838,460,2479,1210,0
17,176,838,460,1555,1680,0
17,177,838,460,160,2470,0
17,178,838,460,2692,2143,0
17,179,838,460,158,2357,0
17,180,838,460,2335,890,0
17,181,838,460,1761,1075,0
17,182,838,460,2099,406,0
18,0,352,2688,1639,2892,0
18,1,352,2688,1329,745,0
18,2,352,2688,443,1218,0
18,3,352,2688,2514,1181,0
18,4,352,2688,2286,223,0
18,5,352,2688,595,2408,0
18,6,352,2688,1383,2289,0
18,7,352,2688,1795,201,0
18,8,352,2688,2598,838,0
18,9,352,2688,813,1715,0
18,10,352,2688,1135,391,0
18,11,352,2688,1132,1878,0
18,12,352,2688,2041,661,0
18,13,352,2688,1434,670,0
18,14,352,2688,300,623,0
18,15,352,2688,1559,2032,0
18,16,352,2688,1224,2119,0
18,17,352,2688,838,460,0
18,19,352,2688,2179,352,0
18,20,352,2688,525,672,0
18,21,352,2688,1652,2883,0
18,22,352,2688,1373,2660,0
18,23,352,2688,2814,1659,0
18,24,352,2688,1449,1659,0
18,25,352,2688,2305,1303,0
18,26,352,2688,769,677,0
18,27,352,2688,2295,2940,0
18,28,352,2688,577,2880,0
18,29,352,2688,1614,2810,0
18,30,352,2688,47,1395,0
18,31,352,2688,2664,803,0
18,32,352,2688,2309,2153,0
18,33,352,2688,2074,2182,0
18,34,352,2688,1554,11,0
18,35,352,2688,1400,2146,0
18,36,352,2688,1795,740,0
18,37,352,2688,931,567,0
18,38,352,2688,1254,1779,0
18,39,352,2688,45,883,0
18,40,352,2688,1359,119,0
18,41,352,2688,2127,1277,0
18,42,352,2688,2925,1375,0
18,43,352,2688,2505,1463,0
18,44,352,2688,1791,2744,0
18,45,352,2688,1916,1718,0
18,46,352,2688,167,2831,1
18,47,352,2688,2315,236,0
18,48,352,2688,1902,1139,0
18,49,352,2688,1443,2554,0
18,50,352,2688,194,2519,0
18,51,352,2688,301,248,0
18,52,352,2688,934,2502,0
18,53,352,2688,343,1045,0
18,54,352,2688,1542,1250,0
18,55,352,2688,2149,1171,0
18,56,352,2688,2055,1783,0
18,57,352,2688,941,1993,0
18,58,352,2688,123,1452,0
18,59,352,2688,2845,2865,0
18,60,352,2688,1089,2442,0
18,61,352,2688,859,1946,0
18,62,352,2688,1024,191,0
18,63,352,2688,640,1179,0
18,64,352,2688,2225,946,0
18,65,352,2688,349,822,0
18,66,352,2688,826,2377,0
18,67,352,2688,1638,96,0
18,68,352,2688,2727,990,0
18,69,352,2688,2915,1910,0
18,70,352,2688,1406,1407,0
18,71,352,2688,2216,2614,0
18,72,352,2688,1497,453,0
18,73,352,2688,1462,1798,0
18,74,352,2688,1212,215,0
18,75,352,2688,2881,2014,0
18,76,352,2688,32,1929,0
18,77,352,2688,2695,266,0
18,78,352,2688,2042,2855,0
18,79,352,2688,193,1354,0
18,80,352,2688,123,892,0
18,81,352,2688,2391,199,0
18,82,352,2688,738,1556,0
18,83,352,2688,656,1512,0
18,84,352,2688,2081,2886,0
18,85,352,2688,2720,2097,0
18,86,352,2688,2245,1289,0
18,87,352,2688,714,2990,0
18,88,352,2688,2800,641,0
18,89,352,2688,2389,2741,0
18,90,352,2688,538,2170,0
18,91,352,2688,2767,2393,0
18,92,352,2688,1270,693,0
18,93,352,2688,2649,133,0
18,94,352,2688,782,2023,0
18,95,352,2688,551,1308,0
18,96,352,2688,2784,254,0
18,97,352,2688,2443,1306,0
18,98,352,2688,1619,1722,0
18,99,352,2688,508,1060,0
18,100,352,2688,2201,1345,0
18,101,352,2688,2587,861,0
18,102,352,2688,2593,412,0
18,103,352,2688,2995,1976,0
18,104,352,2688,2546,755,0
18,105,352,2688,1384,10,0
18,106,352,2688,1458,697,0
18,107,352,2688,52,2157,0
18,108,352,2688,2017,217,0
18,109,352,2688,2750,1252,0
18,110,352,2688,1972,2182,0
18,111,352,2688,736,1220,0
18,112,352,2688,1701,2178,0
18,113,352,2688,27,769,0
18,114,352,2688,148,1215,0
18,115,352,2688,1308,917,0
18,116,352,2688,579,885,0
18,117,352,2688,2737,2060,0
18,118,352,2688,1739,2828,0
18,119,352,2688,1339,2055,0
18,120,352,2688,1479,618,0
18,121,352,2688,1518,2678,0
18,122,352,2688,2663,2085,0
18,123,352,2688,1536,440,0
18,124,352,2688,2347,485,0
18,125,352,2688,2244,1545,0
18,126,352,2688,1821,2562,0
18,127,352,2688,1162,1754,0
18,128,352,2688,476,1205,0
18,129,352,2688,1692,876,0
18,130,352,2688,300,1205,0
18,131,352,2688,2003,1714,0
18,132,352,2688,381,1336,0
18,133,352,2688,2948,2728,0
18,134,352,2688,1258,2583,0
18,135,352,2688,1121,2987,0
18,136,352,2688,2245,575,0
18,137,352,2688,721,430,0
18,138,352,2688,1441,992,0
18,139,352,2688,2326,2998,0
18,140,352,2688,976,329,0
18,141,352,2688,2900,191,0
18,142,352,2688,1962,1771,0
18,143,352,2688,238,1665,0
18,144,352,2688,295,1936,0
18,145,352,2688,1854,141,0
18,146,352,2688,2927,2918,0
18,147,352,2688,652,2117,0
18,148,352,2688,1281,1593,0
18,149,352,2688,1093,2355,0
18,150,352,2688,821,2889,0
18,151,352,2688,2640,293,0
18,152,352,2688,2213,1092,0
18,153,352,2688,2554,526,0
18,154,352,2688,773,2759,0
18,155,352,2688,2398,2598,0
18,156,352,2688,352,1773,0
18,157,352,2688,136,1123,0
18,158,352,2688,2533,1961,0
18,159,352,2688,1274,2648,0
18,160,352,2688,2856,1016,0
18,161,352,2688,723,68,0
18,162,352,2688,1849,735,0
18,163,352,2688,1750,564,0
18,164,352,2688,21,376,0
18,165,352,2688,2035,939,0
18,166,352,2688,1752,1825,0
18,167,352,2688,2384,871,0
18,168,352,2688,1034,788,0
18,169,352,2688,1867,2645,0
18,170,352,2688,940,504,0
18,171,352,2688,1519,1618,0
18,172,352,2688,1392,2416,0
18,173,352,2688,1843,947,0
18,174,352,2688,1387,1345,0
18,175,352,2688,2479,1210,0
18,176,352,2688,1555,1680,0
18,177,352,2688,160,2470,0
18,178,352,2688,2692,2143,0
18,179,352,2688,158,2357,0
18,180,352,2688,2335,890,0
18,181,352,2688,1761,1075,0
18,182,352,2688,2099,406,0
19,0,2179,352,1639,2892,0
19,1,2179,352,1329,745,0
19,2,2179,352,443,1218,0
19,3,2179,352,2514,1181,0
19,4,2179,352,2286,223,1
19,5,2179,352,595,2408,0
19,6,2179,352,1383,2289,0
19,7,2179,352,1795,201,0
19,8,2179,352,2598,838,0
19,9,2179,352,813,1715,0
19,10,2179,352,1135,391,0
19,11,2179,352,1132,1878,0
19,12,2179,352,2041,661,0
19,13,2179,352,1434,670,0
19,14,2179,352,300,623,0
19,15,2179,352,1559,2032,0
19,16,2179,352,1224,2119,0
19,17,2179,352,838,460,0
19,18,2179,352,352,2688,0
19,20,2179,352,525,672,0
19,21,2179,352,1652,2883,0
19,22,2179,352,1373,2660,0
19,23,2179,352,2814,1659,0
19,24,2179,352,1449,1659,0
19,25,2179,352,2305,1303,0
19,26,2179,352,769,677,0
19,27,2179,352,2295,2940,0
19,28,2179,352,577,2880,0
19,29,2179,352,1614,2810,0
19,30,2179,352,47,1395,0
19,31,2179,352,2664,803,0
19,32,2179,352,2309,2153,0
19,33,2179,352,2074,2182,0
19,34,2179,352,1554,11,0
19,35,2179,352,1400,2146,0
19,36,2179,352,1795,740,0
19,37,2179,352,931,567,0
19,38,2179,352,1254,1779,0
19,39,2179,352,45,883,0
19,40,2179,352,1359,119,0
19,41,2179,352,2127,1277,0
19,42,2179,352,2925,1375,0
19,43,2179,352,2505,1463,0
19,44,2179,352,1791,2744,0
19,45,2179,352,1916,1718,0
19,46,2179,352,167,2831,0
19,47,2179,352,2315,236,0
19,48,2179,352,1902,1139,0
19,49,2179,352,1443,2554,0
19,50,2179,352,194,2519,0
19,51,2179,352,301,248,0
19,52,2179,352,934,2502,0
19,53,2179,352,343,1045,0
19,54,2179,352,1542,1250,0
19,55,2179,352,2149,1171,0
19,56,2179,352,2055,1783,0
19,57,2179,352,941,1993,0
19,58,2179,352,123,1452,0
19,59,2179,352,2845,2865,0
19,60,2179,352,1089,2442,0
19,61,2179,352,859,1946,0
19,62,2179,352,1024,191,0
19,63,2179,352,640,1179,0
19,64,2179,352,2225,946,0
19,65,2179,352,349,822,0
19,66,2179,352,826,2377,0
19,67,2179,352,1638,96,0
19,68,2179,352,2727,990,0
19,69,2179,352,2915,1910,0
19,70,2179,352,1406,1407,0
19,71,2179,352,2216,2614,0
19,72,2179,352,1497,453,0
19,73,2179,352,1462,1798,0
19,74,2179,352,1212,215,0
19,75,2179,352,2881,2014,0
19,76,2179,352,32,1929,0
19,77,2179,352,2695,266,0
19,78,2179,352,2042,2855,0
19,79,2179,352,193,1354,0
19,80,2179,352,123,892,0
19,81,2179,352,2391,199,0
19,82,2179,352,738,1556,0
19,83,2179,352,656,1512,0
19,84,2179,352,2081,2886,0
19,85,2179,352,2720,2097,0
19,86,2179,352,2245,1289,0
19,87,2179,352,714,2990,0
19,88,2179,352,2800,641,0
19,89,2179,352,2389,2741,0
19,90,2179,352,538,2170,0
19,91,2179,352,2767,2393,0
19,92,2179,352,1270,693,0
19,93,2179,352,2649,133,0
19,94,2179,352,782,2023,0
19,95,2179,352,551,1308,0
19,96,2179,352,2784,254,0
19,97,2179,352,2443,1306,0
19,98,2179,352,1619,1722,0
19,99,2179,352,508,1060,0
19,100,2179,352,2201,1345,0
19,101,2179,352,2587,861,0
19,102,2179,352,2593,412,0
19,103,2179,352,2995,1976,0
19,104,2179,352,2546,755,0
19,105,2179,352,1384,10,0
19,106,2179,352,1458,697,0
19,107,2179,352,52,2157,0
19,108,2179,352,2017,217,0
19,109,2179,352,2750,1252,0
19,110,2179,352,1972,2182,0
19,111,2179,352,736,1220,0
19,112,2179,352,1701,2178,0
19,113,2179,352,27,769,0
19,114,2179,352,148,1215,0
19,115,2179,352,1308,917,0
19,116,2179,352,579,885,0
19,117,2179,352,2737,2060,0
19,118,2179,352,1739,2828,0
19,119,2179,352,1339,2055,0
19,120,2179,352,1479,618,0
19,121,2179,352,1518,2678,0
19,122,2179,352,2663,2085,0
19,123,2179,352,1536,440,0
19,124,2179,352,2347,485,0
19,125,2179,352,2244,1545,0
19,126,2179,352,1821,2562,0
19,127,2179,352,1162,1754,0
19,128,2179,352,476,1205,0
19,129,2179,352,1692,876,0
19,130,2179,352,300,1205,0
19,131,2179,352,2003,1714,0
19,132,2179,352,381,1336,0
19,133,2179,352,2948,2728,0
19,134,2179,352,1258,2583,0
19,135,2179,352,1121,2987,0
19,136,2179,352,2245,575,0
19,137,2179,352,721,430,0
19,138,2179,352,1441,992,0
19,139,2179,352,2326,2998,0
19,140,2179,352,976,329,0
19,141,2179,352,2900,191,0
19,142,2179,352,1962,1771,0
19,143,2179,352,238,1665,0
19,144,2179,352,295,1936,0
19,145,2179,352,1854,141,0
19,146,2179,352,2927,2918,0
19,147,2179,352,652,2117,0
19,148,2179,352,1281,1593,0
19,149,2179,352,1093,2355,0
19,150,2179,352,821,2889,0
19,151,2179,352,2640,293,0
19,152,2179,352,2213,1092,0
19,153,2179,352,2554,526,0
19,154,2179,352,773,2759,0
19,155,2179,352,2398,2598,0
19,156,2179,352,352,1773,0
19,157,2179,352,136,1123,0
19,158,2179,352,2533,1961,0
19,159,2179,352,1274,2648,0
19,160,2179,352,2856,1016,0
19,161,2179,352,723,68,0
19,162,2179,352,1849,735,0
19,163,2179,352,1750,564,0
19,164,2179,352,21,376,0
19,165,2179,352,2035,939,0
19,166,2179,352,1752,1825,0
19,167,2179,352,2384,871,0
19,168,2179,352,1034,788,0
19,169,2179,352,1867,2645,0
19,170,2179,352,940,504,0
19,171,2179,352,1519,1618,0
19,172,2179,352,1392,2416,0
19,173,2179,352,1843,947,0
19,174,2179,352,1387,1345,0
19,175,2179,352,2479,1210,0
19,176,2179,352,1555,1680,0
19,177,2179,352,160,2470,0
19,178,2179,352,2692,2143,0
19,179,2179,352,158,2357,0
19,180,2179,352,2335,890,0
19,181,2179,352,1761,1075,0
19,182,2179,352,2099,406,0
20,0,525,672,1639,2892,0
20,1,525,672,1329,745,0
20,2,525,672,443,1218,0
20,3,525,672,2514,1181,0
20,4,525,672,2286,223,0
20,5,525,672,595,2408,0
20,6,525,672,1383,2289,0
20,7,525,672,1795,201,0
20,8,525,672,2598,838,0
20,9,525,672,813,1715,0
20,10,525,672,1135,391,0
20,11,525,672,1132,1878,0
20,12,525,672,2041,661,0
20,13,525,672,1434,670,0
20,14,525,672,300,623,1
20,15,525,672,1559,2032,0
20,16,525,672,1224,2119,0
20,17,525,672,838,460,0
20,18,525,672,352,2688,0
20,19,525,672,2179,352,0
20,21,525,672,1652,2883,0
20,22,525,672,1373,2660,0
20,23,525,672,2814,1659,0
20,24,525,672,1449,1659,0
20,25,525,672,2305,1303,0
20,26,525,672,769,677,0
20,27,525,672,2295,2940,0
20,28,525,672,577,2880,0
20,29,525,672,1614,2810,0
20,30,525,672,47,1395,0
20,31,525,672,2664,803,0
20,32,525,672,2309,2153,0
20,33,525,672,2074,2182,0
20,34,525,672,1554,11,0
20,35,525,672,1400,2146,0
20,36,525,672,1795,740,0
20,37,525,672,931,567,0
20,38,525,672,1254,1779,0
20,39,525,672,45,883,0
20,40,525,672,1359,119,0
20,41,525,672,2127,1277,0
20,42,525,672,2925,1375,0
20,43,525,672,2505,1463,0
20,44,525,672,1791,2744,0
20,45,525,672,1916,1718,0
20,46,525,672,167,2831,0
20,47,525,672,2315,236,0
20,48,525,672,1902,1139,0
20,49,525,672,1443,2554,0
20,50,525,672,194,2519,0
20,51,525,672,301,248,0
20,52,525,672,934,2502,0
20,53,525,672,343,1045,0
20,54,525,672,1542,1250,0
20,55,525,672,2149,1171,0
20,56,525,672,2055,1783,0
20,57,525,672,941,1993,0
20,58,525,672,123,1452,0
20,59,525,672,2845,2865,0
20,60,525,672,1089,2442,0
20,61,525,672,859,1946,0
20,62,525,672,1024,191,0
20,63,525,672,640,1179,0
20,64,525,672,2225,946,0
20,65,525,672,349,822,0
20,66,525,672,826,2377,0
20,67,525,672,1638,96,0
20,68,525,672,2727,990,0
20,69,525,672,2915,1910,0
20,70,525,672,1406,1407,0
20,71,525,672,2216,2614,0
20,72,525,672,1497,453,0
20,73,525,672,1462,1798,0
20,74,525,672,1212,215,0
20,75,525,672,2881,2014,0
20,76,525,672,32,1929,0
20,77,525,672,2695,266,0
20,78,525,672,2042,2855,0
20,79,525,672,193,1354,0
20,80,525,672,123,892,0
20,81,525,672,2391,199,0
20,82,525,672,738,1556,0
20,83,525,672,656,1512,0
20,84,525,672,2081,2886,0
20,85,525,672,2720,2097,0
20,86,525,672,2245,1289,0
20,87,525,672,714,2990,0
20,88,525,672,2800,641,0
20,89,525,672,2389,2741,0
20,90,525,672,538,2170,0
20,91,525,672,2767,2393,0
20,92,525,672,1270,693,0
20,93,525,672,2649,133,0
20,94,525,672,782,2023,0
20,95,525,672,551,1308,0
20,96,525,672,2784,254,0
20,97,525,672,2443,1306,0
20,98,525,672,1619,1722,0
20,99,525,672,508,1060,0
20,100,525,672,2201,1345,0
20,101,525,672,2587,861,0
20,102,525,672,2593,412,0
20,103,525,672,2995,1976,0
20,104,525,672,2546,755,0
20,105,525,672,1384,10,0
20,106,525,672,1458,697,0
20,107,525,672,52,2157,0
20,108,525,672,2017,217,0
20,109,525,672,2750,1252,0
20,110,525,672,1972,2182,0
20,111,525,672,736,1220,0
20,112,525,672,1701,2178,0
20,113,525,672,27,769,0
20,114,525,672,148,1215,0
20,115,525,672,1308,917,0
20,116,525,672,579,885,0
20,117,525,672,2737,2060,0
20,118,525,672,1739,2828,0
20,119,525,672,1339,2055,0
20,120,525,672,1479,618,0
20,121,525,672,1518,2678,0
20,122,525,672,2663,2085,0
20,123,525,672,1536,440,0
20,124,525,672,2347,485,0
20,125,525,672,2244,1545,0
20,126,525,672,1821,2562,0
20,127,525,672,1162,1754,0
20,128,525,672,476,1205,0
20,129,525,672,1692,876,0
20,130,525,672,300,1205,0
20,131,525,672,2003,1714,0
20,132,525,672,381,1336,0
20,133,525,672,2948,2728,0
20,134,525,672,1258,2583,0
20,135,525,672,1121,2987,0
20,136,525,672,2245,575,0
20,137,525,672,721,430,0
20,138,525,672,1441,992,0
20,139,525,672,2326,2998,0
20,140,525,672,976,329,0
20,141,525,672,2900,191,0
20,142,525,672,1962,1771,0
20,143,525,672,238,1665,0
20,144,525,672,295,1936,0
20,145,525,672,1854,141,0
20,146,525,672,2927,2918,0
20,147,525,672,652,2117,0
20,148,525,672,1281,1593,0
20,149,525,672,1093,2355,0
20,150,525,672,821,2889,0
20,151,525,672,2640,293,0
20,152,525,672,2213,1092,0
20,153,525,672,2554,526,0
20,154,525,672,773,2759,0
20,155,525,672,2398,2598,0
20,156,525,672,352,1773,0
20,157,525,672,136,1123,0
20,158,525,672,2533,1961,0
20,159,525,672,1274,2648,0
20,160,525,672,2856,1016,0
20,161,525,672,723,68,0
20,162,525,672,1849,735,0
20,163,525,672,1750,564,0
20,164,525,672,21,376,0
20,165,525,672,2035,939,0
20,166,525,672,1752,1825,0
20,167,525,672,2384,871,0
20,168,525,672,1034,788,0
20,169,525,672,1867,2645,0
20,170,525,672,940,504,0
20,171,525,672,1519,1618,0
20,172,525,672,1392,2416,0
20,173,525,672,1843,947,0
20,174,525,672,1387,1345,0
20,175,525,672,2479,1210,0
20,176,525,672,1555,1680,0
20,177,525,672,160,2470,0
20,178,525,672,2692,2143,0
20,179,525,672,158,2357,0
20,180,525,672,2335,890,0
20,181,525,672,1761,1075,0
20,182,525,672,2099,406,0
21,0,1652,2883,1639,2892,0
21,1,1652,2883,1329,745,0
21,2,1652,2883,443,1218,0
21,3,1652,2883,2514,1181,0
21,4,1652,2883,2286,223,0
21,5,1652,2883,595,2408,0
21,6,1652,2883,1383,2289,0
21,7,1652,2883,1795,201,0
21,8,1652,2883,2598,838,0
21,9,1652,2883,813,1715,0
21,10,1652,2883,1135,391,0
21,11,1652,2883,1132,1878,0
21,12,1652,2883,2041,661,0
21,13,1652,2883,1434,670,0
21,14,1652,2883,300,623,0
21,15,1652,2883,1559,2032,0
21,16,1652,2883,1224,2119,0
21,17,1652,2883,838,460,0
21,18,1652,2883,352,2688,0
21,19,1652,2883,2179,352,0
21,20,1652,2883,525,672,0
21,22,1652,2883,1373,2660,0
21,23,1652,2883,2814,1659,0
21,24,1652,2883,1449,1659,0
21,25,1652,2883,2305,1303,0
21,26,1652,2883,769,677,0
21,27,1652,2883,2295,2940,0
21,28,1652,2883,577,2880,0
21,29,1652,2883,1614,2810,0
21,30,1652,2883,47,1395,0
21,31,1652,2883,2664,803,0
21,32,1652,2883,2309,2153,0
21,33,1652,2883,2074,2182,0
21,34,1652,2883,1554,11,0
21,35,1652,2883,1400,2146,0
21,36,1652,2883,1795,740,0
21,37,1652,2883,931,567,0
21,38,1652,2883,1254,1779,0
21,39,1652,2883,45,883,0
21,40,1652,2883,1359,119,0
21,41,1652,2883,2127,1277,0
21,42,1652,2883,2925,1375,0
21,43,1652,2883,2505,1463,0
21,44,1652,2883,1791,2744,0
21,45,1652,2883,1916,1718,0
21,46,1652,2883,167,2831,0
21,47,1652,2883,2315,236,0
21,48,1652,2883,1902,1139,0
21,49,1652,2883,1443,2554,0
21,50,1652,2883,194,2519,0
21,51,1652,2883,301,248,0
21,52,1652,2883,934,2502,0
21,53,1652,2883,343,1045,0
21,54,1652,2883,1542,1250,0
21,55,1652,2883,2149,1171,0
21,56,1652,2883,2055,1783,0
21,57,1652,2883,941,1993,0
21,58,1652,2883,123,1452,0
21,59,1652,2883,2845,2865,0
21,60,1652,2883,1089,2442,0
21,61,1652,2883,859,1946,0
21,62,1652,2883,1024,191,0
21,63,1652,2883,640,1179,0
21,64,1652,2883,2225,946,0
21,65,1652,2883,349,822,0
21,66,1652,2883,826,2377,0
21,67,1652,2883,1638,96,0
21,68,1652,2883,2727,990,0
21,69,1652,2883,2915,1910,0
21,70,1652,2883,1406,1407,0
21,71,1652,2883,2216,2614,0
21,72,1652,2883,1497,453,0
21,73,1652,2883,1462,1798,0
21,74,1652,2883,1212,215,0
21,75,1652,2883,2881,2014,0
21,76,1652,2883,32,1929,0
21,77,1652,2883,2695,266,0
21,78,1652,2883,2042,2855,0
21,79,1652,2883,193,1354,0
21,80,1652,2883,123,892,0
21,81,1652,2883,2391,199,0
21,82,1652,2883,738,1556,0
21,83,1652,2883,656,1512,0
21,84,1652,2883,2081,2886,0
21,85,1652,2883,2720,2097,0
21,86,1652,2883,2245,1289,0
21,87,1652,2883,714,2990,0
21,88,1652,2883,2800,641,0
21,89,1652,2883,2389,2741,0
21,90,1652,2883,538,2170,0
21,91,1652,2883,2767,2393,0
21,92,1652,2883,1270,693,0
21,93,1652,2883,2649,133,0
21,94,1652,2883,782,2023,0
21,95,1652,2883,551,1308,0
21,96,1652,2883,2784,254,0
21,97,1652,2883,2443,1306,0
21,98,1652,2883,1619,1722,0
21,99,1652,2883,508,1060,0
21,100,1652,2883,2201,1345,0
21,101,1652,2883,2587,861,0
21,102,1652,2883,2593,412,0
21,103,1652,2883,2995,1976,0
21,104,1652,2883,2546,755,0
21,105,1652,2883,1384,10,0
21,106,1652,2883,1458,697,0
21,107,1652,2883,52,2157,0
21,108,1652,2883,2017,217,0
21,109,1652,2883,2750,1252,0
21,110,1652,2883,1972,2182,0
21,111,1652,2883,736,1220,0
21,112,1652,2883,1701,2178,0
21,113,1652,2883,27,769,0
21,114,1652,2883,148,1215,0
21,115,1652,2883,1308,917,0
21,116,1652,2883,579,885,0
21,117,1652,2883,2737,2060,0
21,118,1652,2883,1739,2828,0
21,119,1652,2883,1339,2055,0
21,120,1652,2883,1479,618,0
21,121,1652,2883,1518,2678,0
21,122,1652,2883,2663,2085,0
21,123,1652,2883,1536,440,0
21,124,1652,2883,2347,485,0
21,125,1652,2883,2244,1545,0
21,126,1652,2883,1821,2562,0
21,127,1652,2883,1162,1754,0
21,128,1652,2883,476,1205,0
21,129,1652,2883,1692,876,0
21,130,1652,2883,300,1205,0
21,131,1652,2883,2003,1714,0
21,132,1652,2883,381,1336,0
21,133,1652,2883,2948,2728,0
21,134,1652,2883,1258,2583,0
21,135,1652,2883,1121,2987,0
21,136,1652,2883,2245,575,0
21,137,1652,2883,721,430,0
21,138,1652,2883,1441,992,0
21,139,1652,2883,2326,2998,0
21,140,1652,2883,976,329,0
21,141,1652,2883,2900,191,0
21,142,1652,2883,1962,1771,0
21,143,1652,2883,238,1665,0
21,144,1652,2883,295,1936,0
21,145,1652,2883,1854,141,0
21,146,1652,2883,2927,2918,0
21,147,1652,2883,652,2117,0
21,148,1652,2883,1281,1593,0
21,149,1652,2883,1093,2355,0
21,150,1652,2883,821,2889,0
21,151,1652,2883,2640,293,0
21,152,1652,2883,2213,1092,0
21,153,1652,2883,2554,526,0
21,154,1652,2883,773,2759,0
21,155,1652,2883,2398,2598,0
21,156,1652,2883,352,1773,0
21,157,1652,2883,136,1123,0
21,158,1652,2883,2533,1961,0
21,159,1652,2883,1274,2648,0
21,160,1652,2883,2856,1016,0
21,161,1652,2883,723,68,0
21,162,1652,2883,1849,735,0
21,163,1652,2883,1750,564,0
21,164,1652,2883,21,376,0
21,165,1652,2883,2035,939,0
21,166,1652,2883,1752,1825,0
21,167,1652,2883,2384,871,0
21,168,1652,2883,1034,788,0
21,169,1652,2883,1867,2645,0
21,170,1652,2883,940,504,0
21,171,1652,2883,1519,1618,0
21,172,1652,2883,1392,2416,0
21,173,1652,2883,1843,947,0
21,174,1652,2883,1387,1345,0
21,175,1652,2883,2479,1210,0
21,176,1652,2883,1555,1680,0
21,177,1652,2883,160,2470,0
21,178,1652,2883,2692,2143,0
21,179,1652,2883,158,2357,0
21,180,1652,2883,2335,890,0
21,181,1652,2883,1761,1075,0
21,182,1652,2883,2099,406,0
22,0,1373,2660,1639,2892,0
22,1,1373,2660,1329,745,0
22,2,1373,2660,443,1218,0
22,3,1373,2660,2514,1181,0
22,4,1373,2660,2286,223,0
22,5,1373,2660,595,2408,0
22,6,1373,2660,1383,2289,0
22,7,1373,2660,1795,201,0
22,8,1373,2660,2598,838,0
22,9,1373,2660,813,1715,0
22,10,1373,2660,1135,391,0
22,11,1373,2660,1132,1878,0
22,12,1373,2660,2041,661,0
22,13,1373,2660,1434,670,0
22,14,1373,2660,300,623,0
22,15,1373,2660,1559,2032,0
22,16,1373,2660,1224,2119,0
22,17,1373,2660,838,460,0
22,18,1373,2660,352,2688,0
22,19,1373,2660,2179,352,0
22,20,1373,2660,525,672,0
22,21,1373,2660,1652,2883,0
22,23,1373,2660,2814,1659,0
22,24,1373,2660,1449,1659,0
22,25,1373,2660,2305,1303,0
22,26,1373,2660,769,677,0
22,27,1373,2660,2295,2940,0
22,28,1373,2660,577,2880,0
22,29,1373,2660,1614,2810,0
22,30,1373,2660,47,1395,0
22,31,1373,2660,2664,803,0
22,32,1373,2660,2309,2153,0
22,33,1373,2660,2074,2182,0
22,34,1373,2660,1554,11,0
22,35,1373,2660,1400,2146,0
22,36,1373,2660,1795,740,0
22,37,1373,2660,931,567,0
22,38,1373,2660,1254,1779,0
22,39,1373,2660,45,883,0
22,40,1373,2660,1359,119,0
22,41,1373,2660,2127,1277,0
22,42,1373,2660,2925,1375,0
22,43,1373,2660,2505,1463,0
22,44,1373,2660,1791,2744,0
22,45,1373,2660,1916,1718,0
22,46,1373,2660,167,2831,0
22,47,1373,2660,2315,236,0
22,48,1373,2660,1902,1139,0
22,49,1373,2660,1443,2554,1
22,50,1373,2660,194,2519,0
22,51,1373,2660,301,248,0
22,52,1373,2660,934,2502,0
22,53,1373,2660,343,1045,0
22,54,1373,2660,1542,1250,0
22,55,1373,2660,2149,1171,0
22,56,1373,2660,2055,1783,0
22,57,1373,2660,941,1993,0
22,58,1373,2660,123,1452,0
22,59,1373,2660,2845,2865,0
22,60,1373,2660,1089,2442,0
22,61,1373,2660,859,1946,0
22,62,1373,2660,1024,191,0
22,63,1373,2660,640,1179,0
22,64,1373,2660,2225,946,0
22,65,1373,2660,349,822,0
22,66,1373,2660,826,2377,0
22,67,1373,2660,1638,96,0
22,68,1373,2660,2727,990,0
22,69,1373,2660,2915,1910,0
22,70,1373,2660,1406,1407,0
22,71,1373,2660,2216,2614,0
22,72,1373,2660,1497,453,0
22,73,1373,2660,1462,1798,0
22,74,1373,2660,1212,215,0
22,75,1373,2660,2881,2014,0
22,76,1373,2660,32,1929,0
22,77,1373,2660,2695,266,0
22,78,1373,2660,2042,2855,0
22,79,1373,2660,193,1354,0
22,80,1373,2660,123,892,0
22,81,1373,2660,2391,199,0
22,82,1373,2660,738,1556,0
22,83,1373,2660,656,1512,0
22,84,1373,2660,2081,2886,0
22,85,1373,2660,2720,2097,0
22,86,1373,2660,2245,1289,0
22,87,1373,2660,714,2990,0
22,88,1373,2660,2800,641,0
22,89,1373,2660,2389,2741,0
22,90,1373,2660,538,2170,0
22,91,1373,2660,2767,2393,0
22,92,1373,2660,1270,693,0
22,93,1373,2660,2649,133,0
22,94,1373,2660,782,2023,0
22,95,1373,2660,551,1308,0
22,96,1373,2660,2784,254,0
22,97,1373,2660,2443,1306,0
22,98,1373,2660,1619,1722,0
22,99,1373,2660,508,1060,0
22,100,1373,2660,2201,1345,0
22,101,1373,2660,2587,861,0
22,102,1373,2660,2593,412,0
22,103,1373,2660,2995,1976,0
22,104,1373,2660,2546,755,0
22,105,1373,2660,1384,10,0
22,106,1373,2660,1458,697,0
22,107,1373,2660,52,2157,0
22,108,1373,2660,2017,217,0
22,109,1373,2660,2750,1252,0
22,110,1373,2660,1972,2182,0
22,111,1373,2660,736,1220,0
22,112,1373,2660,1701,2178,0
22,113,1373,2660,27,769,0
22,114,1373,2660,148,1215,0
22,115,1373,2660,1308,917,0
22,116,1373,2660,579,885,0
22,117,1373,2660,2737,2060,0
22,118,1373,2660,1739,2828,0
22,119,1373,2660,1339,2055,0
22,120,1373,2660,1479,618,0
22,121,1373,2660,1518,2678,0
22,122,1373,2660,2663,2085,0
22,123,1373,2660,1536,440,0
22,124,1373,2660,2347,485,0
22,125,1373,2660,2244,1545,0
22,126,1373,2660,1821,2562,0
22,127,1373,2660,1162,1754,0
22,128,1373,2660,476,1205,0
22,129,1373,2660,1692,876,0
22,130,1373,2660,300,1205,0
22,131,1373,2660,2003,1714,0
22,132,1373,2660,381,1336,0
22,133,1373,2660,2948,2728,0
22,134,1373,2660,1258,2583,0
22,135,1373,2660,1121,2987,0
22,136,1373,2660,2245,575,0
22,137,1373,2660,721,430,0
22,138,1373,2660,1441,992,0
22,139,1373,2660,2326,2998,0
22,140,1373,2660,976,329,0
22,141,1373,2660,2900,191,0
22,142,1373,2660,1962,1771,0
22,143,1373,2660,238,1665,0
22,144,1373,2660,295,1936,0
22,145,1373,2660,1854,141,0
22,146,1373,2660,2927,2918,0
22,147,1373,2660,652,2117,0
22,148,1373,2660,1281,1593,0
22,149,1373,2660,1093,2355,0
22,150,1373,2660,821,2889,0
22,151,1373,2660,2640,293,0
22,152,1373,2660,2213,1092,0
22,153,1373,2660,2554,526,0
22,154,1373,2660,773,2759,0
22,155,1373,2660,2398,2598,0
22,156,1373,2660,352,1773,0
22,157,1373,2660,136,1123,0
22,158,1373,2660,2533,1961,0
22,159,1373,2660,1274,2648,0
22,160,1373,2660,2856,1016,0
22,161,1373,2660,723,68,0
22,162,1373,2660,1849,735,0
22,163,1373,2660,1750,564,0
22,164,1373,2660,21,376,0
22,165,1373,2660,2035,939,0
22,166,1373,2660,1752,1825,0
22,167,1373,2660,2384,871,0
22,168,1373,2660,1034,788,0
22,169,1373,2660,1867,2645,0
22,170,1373,2660,940,504,0
22,171,1373,2660,1519,1618,0
22,172,1373,2660,1392,2416,0
22,173,1373,2660,1843,947,0
22,174,1373,2660,1387,1345,0
22,175,1373,2660,2479,1210,0
22,176,1373,2660,1555,1680,0
22,177,1373,2660,160,2470,0
22,178,1373,2660,2692,2143,0
22,179,1373,2660,158,2357,0
22,180,1373,2660,2335,890,0
22,181,1373,2660,1761,1075,0
22,182,1373,2660,2099,406,0
23,0,2814,1659,1639,2892,0
23,1,2814,1659,1329,745,0
23,2,2814,1659,443,1218,0
23,3,2814,1659,2514,1181,0
23,4,2814,1659,2286,223,0
23,5,2814,1659,595,2408,0
23,6,2814,1659,1383,2289,0
23,7,2814,1659,1795,201,0
23,8,2814,1659,2598,838,0
23,9,2814,1659,813,1715,0
23,10,2814,1659,1135,391,0
23,11,2814,1659,1132,1878,0
23,12,2814,1659,2041,661,0
23,13,2814,1659,1434,670,0
23,14,2814,1659,300,623,0
23,15,2814,1659,1559,2032,0
23,16,2814,1659,1224,2119,0
23,17,2814,1659,838,460,0
23,18,2814,1659,352,2688,0
23,19,2814,1659,2179,352,0
23,20,2814,1659,525,672,0
23,21,2814,1659,1652,2883,0
23,22,2814,1659,1373,2660,0
23,24,2814,1659,1449,1659,0
23,25,2814,1659,2305,1303,0
23,26,2814,1659,769,677,0
23,27,2814,1659,2295,2940,0
23,28,2814,1659,577,2880,0
23,29,2814,1659,1614,2810,0
23,30,2814,1659,47,1395,0
23,31,2814,1659,2664,803,0
23,32,2814,1659,2309,2153,0
23,33,2814,1659,2074,2182,0
23,34,2814,1659,1554,11,0
23,35,2814,1659,1400,2146,0
23,36,2814,1659,1795,740,0
23,37,2814,1659,931,567,0
23,38,2814,1659,1254,1779,0
23,39,2814,1659,45,883,0
23,40,2814,1659,1359,119,0
23,41,2814,1659,2127,1277,0
23,42,2814,1659,2925,1375,0
23,43,2814,1659,2505,1463,1
23,44,2814,1659,1791,2744,0
23,45,2814,1659,1916,1718,0
23,46,2814,1659,167,2831,0
23,47,2814,1659,2315,236,0
23,48,2814,1659,1902,1139,0
23,49,2814,1659,1443,2554,0
23,50,2814,1659,194,2519,0
23,51,2814,1659,301,248,0
23,52,2814,1659,934,2502,0
23,53,2814,1659,343,1045,0
23,54,2814,1659,1542,1250,0
23,55,2814,1659,2149,1171,0
23,56,2814,1659,2055,1783,0
23,57,2814,1659,941,1993,0
23,58,2814,1659,123,1452,0
23,59,2814,1659,2845,2865,0
23,60,2814,1659,1089,2442,0
23,61,2814,1659,859,1946,0
23,62,2814,1659,1024,191,0
23,63,2814,1659,640,1179,0
23,64,2814,1659,2225,946,0
23,65,2814,1659,349,822,0
23,66,2814,1659,826,2377,0
23,67,2814,1659,1638,96,0
23,68,2814,1659,2727,990,0
23,69,2814,1659,2915,1910,0
23,70,2814,1659,1406,1407,0
23,71,2814,1659,2216,2614,0
23,72,2814,1659,1497,453,0
23,73,2814,1659,1462,1798,0
23,74,2814,1659,1212,215,0
23,75,2814,1659,2881,2014,0
23,76,2814,1659,32,1929,0
23,77,2814,1659,2695,266,0
23,78,2814,1659,2042,2855,0
23,79,2814,1659,193,1354,0
23,80,2814,1659,123,892,0
23,81,2814,1659,2391,199,0
23,82,2814,1659,738,1556,0
23,83,2814,1659,656,1512,0
23,84,2814,1659,2081,2886,0
23,85,2814,1659,2720,2097,0
23,86,2814,1659,2245,1289,0
23,87,2814,1659,714,2990,0
23,88,2814,1659,2800,641,0
23,89,2814,1659,2389,2741,0
23,90,2814,1659,538,2170,0
23,91,2814,1659,2767,2393,0
23,92,2814,1659,1270,693,0
23,93,2814,1659,2649,133,0
23,94,2814,1659,782,2023,0
23,95,2814,1659,551,1308,0
23,96,2814,1659,2784,254,0
23,97,2814,1659,2443,1306,0
23,98,2814,1659,1619,1722,0
23,99,2814,1659,508,1060,0
23,100,2814,1659,2201,1345,0
23,101,2814,1659,2587,861,0
23,102,2814,1659,2593,412,0
23,103,2814,1659,2995,1976,0
23,104,2814,1659,2546,755,0
23,105,2814,1659,1384,10,0
23,106,2814,1659,1458,697,0
23,107,2814,1659,52,2157,0
23,108,2814,1659,2017,217,0
23,109,2814,1659,2750,1252,0
23,110,2814,1659,1972,2182,0
23,111,2814,1659,736,1220,0
23,112,2814,1659,1701,2178,0
23,113,2814,1659,27,769,0
23,114,2814,1659,148,1215,0
23,115,2814,1659,1308,917,0
23,116,2814,1659,579,885,0
23,117,2814,1659,2737,2060,0
23,118,2814,1659,1739,2828,0
23,119,2814,1659,1339,2055,0
23,120,2814,1659,1479,618,0
23,121,2814,1659,1518,2678,0
23,122,2814,1659,2663,2085,0
23,123,2814,1659,1536,440,0
23,124,2814,1659,2347,485,0
23,125,2814,1659,2244,1545,0
23,126,2814,1659,1821,2562,0
23,127,2814,1659,1162,1754,0
23,128,2814,1659,476,1205,0
23,129,2814,1659,1692,876,0
23,130,2814,1659,300,1205,0
23,131,2814,1659,2003,1714,0
23,132,2814,1659,381,1336,0
23,133,2814,1659,2948,2728,0
23,134,2814,1659,1258,2583,0
23,135,2814,1659,1121,2987,0
23,136,2814,1659,2245,575,0
23,137,2814,1659,721,430,0
23,138,2814,1659,1441,992,0
23,139,2814,1659,2326,2998,0
23,140,2814,1659,976,329,0
23,141,2814,1659,2900,191,0
23,142,2814,1659,1962,1771,0
23,143,2814,1659,238,1665,0
23,144,2814,1659,295,1936,0
23,145,2814,1659,1854,141,0
23,146,2814,1659,2927,2918,0
23,147,2814,1659,652,2117,0
23,148,2814,1659,1281,1593,0
23,149,2814,1659,1093,2355,0
23,150,2814,1659,821,2889,0
23,151,2814,1659,2640,293,0
23,152,2814,1659,2213,1092,0
23,153,2814,1659,2554,526,0
23,154,2814,1659,773,2759,0
23,155,2814,1659,2398,2598,0
23,156,2814,1659,352,1773,0
23,157,2814,1659,136,1123,0
23,158,2814,1659,2533,1961,0
23,159,2814,1659,1274,2648,0
23,160,2814,1659,2856,1016,0
23,161,2814,1659,723,68,0
23,162,2814,1659,1849,735,0
23,163,2814,1659,1750,564,0
23,164,2814,1659,21,376,0
23,165,2814,1659,2035,939,0
23,166,2814,1659,1752,1825,0
23,167,2814,1659,2384,871,0
23,168,2814,1659,1034,788,0
23,169,2814,1659,1867,2645,0
23,170,2814,1659,940,504,0
23,171,2814,1659,1519,1618,0
23,172,2814,1659,1392,2416,0
23,173,2814,1659,1843,947,0
23,174,2814,1659,1387,1345,0
23,175,2814,1659,2479,1210,0
23,176,2814,1659,1555,1680,0
23,177,2814,1659,160,2470,0
23,178,2814,1659,2692,2143,0
23,179,2814,1659,158,2357,0
23,180,2814,1659,2335,890,0
23,181,2814,1659,1761,1075,0
23,182,2814,1659,2099,406,0
24,0,1449,1659,1639,2892,0
24,1,1449,1659,1329,745,0
24,2,1449,1659,443,1218,0
24,3,1449,1659,2514,1181,0
24,4,1449,1659,2286,223,0
24,5,1449,1659,595,2408,0
24,6,1449,1659,1383,2289,0
24,7,1449,1659,1795,201,0
24,8,1449,1659,2598,838,0
24,9,1449,1659,813,1715,0
24,10,1449,1659,1135,391,0
24,11,1449,1659,1132,1878,0
24,12,1449,1659,2041,661,0
24,13,1449,1659,1434,670,0
24,14,1449,1659,300,623,0
24,15,1449,1659,1559,2032,0
24,16,1449,1659,1224,2119,0
24,17,1449,1659,838,460,0
24,18,1449,1659,352,2688,0
24,19,1449,1659,2179,352,0
24,20,1449,1659,525,672,0
24,21,1449,1659,1652,2883,0
24,22,1449,1659,1373,2660,0
24,23,1449,1659,2814,1659,0
24,25,1449,1659,2305,1303,0
24,26,1449,1659,769,677,0
24,27,1449,1659,2295,2940,0
24,28,1449,1659,577,2880,0
24,29,1449,1659,1614,2810,0
24,30,1449,1659,47,1395,0
24,31,1449,1659,2664,803,0
24,32,1449,1659,2309,2153,0
24,33,1449,1659,2074,2182,0
24,34,1449,1659,1554,11,0
24,35,1449,1659,1400,2146,0
24,36,1449,1659,1795,740,0
24,37,1449,1659,931,567,0
24,38,1449,1659,1254,1779,0
24,39,1449,1659,45,883,0
24,40,1449,1659,1359,119,0
24,41,1449,1659,2127,1277,0
24,42,1449,1659,2925,1375,0
24,43,1449,1659,2505,1463,0
24,44,1449,1659,1791,2744,0
24,45,1449,1659,1916,1718,0
24,46,1449,1659,167,2831,0
24,47,1449,1659,2315,236,0
24,48,1449,1659,1902,1139,0
24,49,1449,1659,1443,2554,0
24,50,1449,1659,194,2519,0
24,51,1449,1659,301,248,0
24,52,1449,1659,934,2502,0
24,53,1449,1659,343,1045,0
24,54,1449,1659,1542,1250,0
24,55,1449,1659,2149,1171,0
24,56,1449,1659,2055,1783,0
24,57,1449,1659,941,1993,0
24,58,1449,1659,123,1452,0
24,59,1449,1659,2845,2865,0
24,60,1449,1659,1089,2442,0
24,61,1449,1659,859,1946,0
24,62,1449,1659,1024,191,0
24,63,1449,1659,640,1179,0
24,64,1449,1659,2225,946,0
24,65,1449,1659,349,822,0
24,66,1449,1659,826,2377,0
24,67,1449,1659,1638,96,0
24,68,1449,1659,2727,990,0
24,69,1449,1659,2915,1910,0
24,70,1449,1659,1406,1407,0
24,71,1449,1659,2216,2614,0
24,72,1449,1659,1497,453,0
24,73,1449,1659,1462,1798,1
24,74,1449,1659,1212,215,0
24,75,1449,1659,2881,2014,0
24,76,1449,1659,32,1929,0
24,77,1449,1659,2695,266,0
24,78,1449,1659,2042,2855,0
24,79,1449,1659,193,1354,0
24,80,1449,1659,123,892,0
24,81,1449,1659,2391,199,0
24,82,1449,1659,738,1556,0
24,83,1449,1659,656,1512,0
24,84,1449,1659,2081,2886,0
24,85,1449,1659,2720,2097,0
24,86,1449,1659,2245,1289,0
24,87,1449,1659,714,2990,0
24,88,1449,1659,2800,641,0
24,89,1449,1659,2389,2741,0
24,90,1449,1659,538,2170,0
24,91,1449,1659,2767,2393,0
24,92,1449,1659,1270,693,0
24,93,1449,1659,2649,133,0
24,94,1449,1659,782,2023,0
24,95,1449,1659,551,1308,0
24,96,1449,1659,2784,254,0
24,97,1449,1659,2443,1306,0
24,98,1449,1659,1619,1722,0
24,99,1449,1659,508,1060,0
24,100,1449,1659,2201,1345,0
24,101,1449,1659,2587,861,0
24,102,1449,1659,2593,412,0
24,103,1449,1659,2995,1976,0
24,104,1449,1659,2546,755,0
24,105,1449,1659,1384,10,0
24,106,1449,1659,1458,697,0
24,107,1449,1659,52,2157,0
24,108,1449,1659,2017,217,0
24,109,1449,1659,2750,1252,0
24,110,1449,1659,1972,2182,0
24,111,1449,1659,736,1220,0
24,112,1449,1659,1701,2178,0
24,113,1449,1659,27,769,0
24,114,1449,1659,148,1215,0
24,115,1449,1659,1308,917,0
24,116,1449,1659,579,885,0
24,117,1449,1659,2737,2060,0
24,118,1449,1659,1739,2828,0
24,119,1449,1659,1339,2055,0
24,120,1449,1659,1479,618,0
24,121,1449,1659,1518,2678,0
24,122,1449,1659,2663,2085,0
24,123,1449,1659,1536,440,0
24,124,1449,1659,2347,485,0
24,125,1449,1659,2244,1545,0
24,126,1449,1659,1821,2562,0
24,127,1449,1659,1162,1754,0
24,128,1449,1659,476,1205,0
24,129,1449,1659,1692,876,0
24,130,1449,1659,300,1205,0
24,131,1449,1659,2003,1714,0
24,132,1449,1659,381,1336,0
24,133,1449,1659,2948,2728,0
24,134,1449,1659,1258,2583,0
24,135,1449,1659,1121,2987,0
24,136,1449,1659,2245,575,0
24,137,1449,1659,721,430,0
24,138,1449,1659,1441,992,0
24,139,1449,1659,2326,2998,0
24,140,1449,1659,976,329,0
24,141,1449,1659,2900,191,0
24,142,1449,1659,1962,1771,0
24,143,1449,1659,238,1665,0
24,144,1449,1659,295,1936,0
24,145,1449,1659,1854,141,0
24,146,1449,1659,2927,2918,0
24,147,1449,1659,652,2117,0
24,148,1449,1659,1281,1593,0
24,149,1449,1659,1093,2355,0
24,150,1449,1659,821,2889,0
24,151,1449,1659,2640,293,0
24,152,1449,1659,2213,1092,0
24,153,1449,1659,2554,526,0
24,154,1449,1659,773,2759,0
24,155,1449,1659,2398,2598,0
24,156,1449,1659,352,1773,0
24,157,1449,1659,136,1123,0
24,158,1449,1659,2533,1961,0
24,159,1449,1659,1274,2648,0
24,160,1449,1659,2856,1016,0
24,161,1449,1659,723,68,0
24,162,1449,1659,1849,735,0
24,163,1449,1659,1750,564,0
24,164,1449,1659,21,376,0
24,165,1449,1659,2035,939,0
24,166,1449,1659,1752,1825,0
24,167,1449,1659,2384,871,0
24,168,1449,1659,1034,788,0
24,169,1449,1659,1867,2645,0
24,170,1449,1659,940,504,0
24,171,1449,1659,1519,1618,0
24,172,1449,1659,1392,2416,0
24,173,1449,1659,1843,947,0
24,174,1449,1659,1387,1345,0
24,175,1449,1659,2479,1210,0
24,176,1449,1659,1555,1680,0
24,177,1449,1659,160,2470,0
24,178,1449,1659,2692,2143,0
24,179,1449,1659,158,2357,0
24,180,1449,1659,2335,890,0
24,181,1449,1659,1761,1075,0
24,182,1449,1659,2099,406,0
25,0,2305,1303,1639,2892,0
25,1,2305,1303,1329,745,0
25,2,2305,1303,443,1218,0
25,3,2305,1303,2514,1181,0
25,4,2305,1303,2286,223,0
25,5,2305,1303,595,2408,0
25,6,2305,1303,1383,2289,0
25,7,2305,1303,1795,201,0
25,8,2305,1303,2598,838,0
25,9,2305,1303,813,1715,0
25,10,2305,1303,1135,391,0
25,11,2305,1303,1132,1878,0
25,12,2305,1303,2041,661,0
25,13,2305,1303,1434,670,0
25,14,2305,1303,300,623,0
25,15,2305,1303,1559,2032,0
25,16,2305,1303,1224,2119,0
25,17,2305,1303,838,460,0
25,18,2305,1303,352,2688,0
25,19,2305,1303,2179,352,0
25,20,2305,1303,525,672,0
25,21,2305,1303,1652,2883,0
25,22,2305,1303,1373,2660,0
25,23,2305,1303,2814,1659,0
25,24,2305,1303,1449,1659,0
25,26,2305,1303,769,677,0
25,27,2305,1303,2295,2940,0
25,28,2305,1303,577,2880,0
25,29,2305,1303,1614,2810,0
25,30,2305,1303,47,1395,0
25,31,2305,1303,2664,803,0
25,32,2305,1303,2309,2153,0
25,33,2305,1303,2074,2182,0
25,34,2305,1303,1554,11,0
25,35,2305,1303,1400,2146,0
25,36,2305,1303,1795,740,0
25,37,2305,1303,931,567,0
25,38,2305,1303,1254,1779,0
25,39,2305,1303,45,883,0
25,40,2305,1303,1359,119,0
25,41,2305,1303,2127,1277,0
25,42,2305,1303,2925,1375,0
25,43,2305,1303,2505,1463,0
25,44,2305,1303,1791,2744,0
25,45,2305,1303,1916,1718,0
25,46,2305,1303,167,2831,0
25,47,2305,1303,2315,236,0
25,48,2305,1303,1902,1139,0
25,49,2305,1303,1443,2554,0
25,50,2305,1303,194,2519,0
25,51,2305,1303,301,248,0
25,52,2305,1303,934,2502,0
25,53,2305,1303,343,1045,0
25,54,2305,1303,1542,1250,0
25,55,2305,1303,2149,1171,0
25,56,2305,1303,2055,1783,0
25,57,2305,1303,941,1993,0
25,58,2305,1303,123,1452,0
25,59,2305,1303,2845,2865,0
25,60,2305,1303,1089,2442,0
25,61,2305,1303,859,1946,0
25,62,2305,1303,1024,191,0
25,63,2305,1303,640,1179,0
25,64,2305,1303,2225,946,0
25,65,2305,1303,349,822,0
25,66,2305,1303,826,2377,0
25,67,2305,1303,1638,96,0
25,68,2305,1303,2727,990,0
25,69,2305,1303,2915,1910,0
25,70,2305,1303,1406,1407,0
25,71,2305,1303,2216,2614,0
25,72,2305,1303,1497,453,0
25,73,2305,1303,1462,1798,0
25,74,2305,1303,1212,215,0
25,75,2305,1303,2881,2014,0
25,76,2305,1303,32,1929,0
25,77,2305,1303,2695,266,0
25,78,2305,1303,2042,2855,0
25,79,2305,1303,193,1354,0
25,80,2305,1303,123,892,0
25,81,2305,1303,2391,199,0
25,82,2305,1303,738,1556,0
25,83,2305,1303,656,1512,0
25,84,2305,1303,2081,2886,0
25,85,2305,1303,2720,2097,0
25,86,2305,1303,2245,1289,0
25,87,2305,1303,714,2990,0
25,88,2305,1303,2800,641,0
25,89,2305,1303,2389,2741,0
25,90,2305,1303,538,2170,0
25,91,2305,1303,2767,2393,0
25,92,2305,1303,1270,693,0
25,93,2305,1303,2649,133,0
25,94,2305,1303,782,2023,0
25,95,2305,1303,551,1308,0
25,96,2305,1303,2784,254,0
25,97,2305,1303,2443,1306,0
25,98,2305,1303,1619,1722,0
25,99,2305,1303,508,1060,0
25,100,2305,1303,2201,1345,0
25,101,2305,1303,2587,861,0
25,102,2305,1303,2593,412,0
25,103,2305,1303,2995,1976,0
25,104,2305,1303,2546,755,0
25,105,2305,1303,1384,10,0
25,106,2305,1303,1458,697,0
25,107,2305,1303,52,2157,0
25,108,2305,1303,2017,217,0
25,109,2305,1303,2750,1252,0
25,110,2305,1303,1972,2182,0
25,111,2305,1303,736,1220,0
25,112,2305,1303,1701,2178,0
25,113,2305,1303,27,769,0
25,114,2305,1303,148,1215,0
25,115,2305,1303,1308,917,0
25,116,2305,1303,579,885,0
25,117,2305,1303,2737,2060,0
25,118,2305,1303,1739,2828,0
25,119,2305,1303,1339,2055,0
25,120,2305,1303,1479,618,0
25,121,2305,1303,1518,2678,0
25,122,2305,1303,2663,2085,0
25,123,2305,1303,1536,440,0
25,124,2305,1303,2347,485,0
25,125,2305,1303,2244,1545,1
25,126,2305,1303,1821,2562,0
25,127,2305,1303,1162,1754,0
25,128,2305,1303,476,1205,0
25,129,2305,1303,1692,876,0
25,130,2305,1303,300,1205,0
25,131,2305,1303,2003,1714,0
25,132,2305,1303,381,1336,0
25,133,2305,1303,2948,2728,0
25,134,2305,1303,1258,2583,0
25,135,2305,1303,1121,2987,0
25,136,2305,1303,2245,575,0
25,137,2305,1303,721,430,0
25,138,2305,1303,1441,992,0
25,139,2305,1303,2326,2998,0
25,140,2305,1303,976,329,0
25,141,2305,1303,2900,191,0
25,142,2305,1303,1962,1771,0
25,143,2305,1303,238,1665,0
25,144,2305,1303,295,1936,0
25,145,2305,1303,1854,141,0
25,146,2305,1303,2927,2918,0
25,147,2305,1303,652,2117,0
25,148,2305,1303,1281,1593,0
25,149,2305,1303,1093,2355,0
25,150,2305,1303,821,2889,0
25,151,2305,1303,2640,293,0
25,152,2305,1303,2213,1092,0
25,153,2305,1303,2554,526,0
25,154,2305,1303,773,2759,0
25,155,2305,1303,2398,2598,0
25,156,2305,1303,352,1773,0
25,157,2305,1303,136,1123,0
25,158,2305,1303,2533,1961,0
25,159,2305,1303,1274,2648,0
25,160,2305,1303,2856,1016,0
25,161,2305,1303,723,68,0
25,162,2305,1303,1849,735,0
25,163,2305,1303,1750,564,0
25,164,2305,1303,21,376,0
25,165,2305,1303,2035,939,0
25,166,2305,1303,1752,1825,0
25,167,2305,1303,2384,871,0
25,168,2305,1303,1034,788,0
25,169,2305,1303,1867,2645,0
25,170,2305,1303,940,504,0
25,171,2305,1303,1519,1618,0
25,172,2305,1303,1392,2416,0
25,173,2305,1303,1843,947,0
25,174,2305,1303,1387,1345,0
25,175,2305,1303,2479,1210,0
25,176,2305,1303,1555,1680,0
25,177,2305,1303,160,2470,0
25,178,2305,1303,2692,2143,0
25,179,2305,1303,158,2357,0
25,180,2305,1303,2335,890,0
25,181,2305,1303,1761,1075,0
25,182,2305,1303,2099,406,0
26,0,769,677,1639,2892,0
26,1,769,677,1329,745,0
26,2,769,677,443,1218,0
26,3,769,677,2514,1181,0
26,4,769,677,2286,223,0
26,5,769,677,595,2408,0
26,6,769,677,1383,2289,0
26,7,769,677,1795,201,0
26,8,769,677,2598,838,0
26,9,769,677,813,1715,0
26,10,769,677,1135,391,0
26,11,769,677,1132,1878,0
26,12,769,677,2041,661,0
26,13,769,677,1434,670,0
26,14,769,677,300,623,0
26,15,769,677,1559,2032,0
26,16,769,677,1224,2119,0
26,17,769,677,838,460,0
26,18,769,677,352,2688,0
26,19,769,677,2179,352,0
26,20,769,677,525,672,1
26,21,769,677,1652,2883,0
26,22,769,677,1373,2660,0
26,23,769,677,2814,1659,0
26,24,769,677,1449,1659,0
26,25,769,677,2305,1303,0
26,27,769,677,2295,2940,0
26,28,769,677,577,2880,0
26,29,769,677,1614,2810,0
26,30,769,677,47,1395,0
26,31,769,677,2664,803,0
26,32,769,677,2309,2153,0
26,33,769,677,2074,2182,0
26,34,769,677,1554,11,0
26,35,769,677,1400,2146,0
26,36,769,677,1795,740,0
26,37,769,677,931,567,0
26,38,769,677,1254,1779,0
26,39,769,677,45,883,0
26,40,769,677,1359,119,0
26,41,769,677,2127,1277,0
26,42,769,677,2925,1375,0
26,43,769,677,2505,1463,0
26,44,769,677,1791,2744,0
26,45,769,677,1916,1718,0
26,46,769,677,167,2831,0
26,47,769,677,2315,236,0
26,48,769,677,1902,1139,0
26,49,769,677,1443,2554,0
26,50,769,677,194,2519,0
26,51,769,677,301,248,0
26,52,769,677,934,2502,0
26,53,769,677,343,1045,0
26,54,769,677,1542,1250,0
26,55,769,677,2149,1171,0
26,56,769,677,2055,1783,0
26,57,769,677,941,1993,0
26,58,769,677,123,1452,0
26,59,769,677,2845,2865,0
26,60,769,677,1089,2442,0
26,61,769,677,859,1946,0
26,62,769,677,1024,191,0
26,63,769,677,640,1179,0
26,64,769,677,2225,946,0
26,65,769,677,349,822,0
26,66,769,677,826,2377,0
26,67,769,677,1638,96,0
26,68,769,677,2727,990,0
26,69,769,677,2915,1910,0
26,70,769,677,1406,1407,0
26,71,769,677,2216,2614,0
26,72,769,677,1497,453,0
26,73,769,677,1462,1798,0
26,74,769,677,1212,215,0
26,75,769,677,2881,2014,0
26,76,769,677,32,1929,0
26,77,769,677,2695,266,0
26,78,769,677,2042,2855,0
26,79,769,677,193,1354,0
26,80,769,677,123,892,0
26,81,769,677,2391,199,0
26,82,769,677,738,1556,0
26,83,769,677,656,1512,0
26,84,769,677,2081,2886,0
26,85,769,677,2720,2097,0
26,86,769,677,2245,1289,0
26,87,769,677,714,2990,0
26,88,769,677,2800,641,0
26,89,769,677,2389,2741,0
26,90,769,677,538,2170,0
26,91,769,677,2767,2393,0
26,92,769,677,1270,693,0
26,93,769,677,2649,133,0
26,94,769,677,782,2023,0
26,95,769,677,551,1308,0
26,96,769,677,2784,254,0
26,97,769,677,2443,1306,0
26,98,769,677,1619,1722,0
26,99,769,677,508,1060,0
26,100,769,677,2201,1345,0
26,101,769,677,2587,861,0
26,102,769,677,2593,412,0
26,103,769,677,2995,1976,0
26,104,769,677,2546,755,0
26,105,769,677,1384,10,0
26,106,769,677,1458,697,0
26,107,769,677,52,2157,0
26,108,769,677,2017,217,0
26,109,769,677,2750,1252,0
26,110,769,677,1972,2182,0
26,111,769,677,736,1220,0
26,112,769,677,1701,2178,0
26,113,769,677,27,769,0
26,114,769,677,148,1215,0
26,115,769,677,1308,917,0
26,116,769,677,579,885,0
26,117,769,677,2737,2060,0
26,118,769,677,1739,2828,0
26,119,769,677,1339,2055,0
26,120,769,677,1479,618,0
26,121,769,677,1518,2678,0
26,122,769,677,2663,2085,0
26,123,769,677,1536,440,0
26,124,769,677,2347,485,0
26,125,769,677,2244,1545,0
26,126,769,677,1821,2562,0
26,127,769,677,1162,1754,0
26,128,769,677,476,1205,0
26,129,769,677,1692,876,0
26,130,769,677,300,1205,0
26,131,769,677,2003,1714,0
26,132,769,677,381,1336,0
26,133,769,677,2948,2728,0
26,134,769,677,1258,2583,0
26,135,769,677,1121,2987,0
26,136,769,677,2245,575,0
26,137,769,677,721,430,0
26,138,769,677,1441,992,0
26,139,769,677,2326,2998,0
26,140,769,677,976,329,0
26,141,769,677,2900,191,0
26,142,769,677,1962,1771,0
26,143,769,677,238,1665,0
26,144,769,677,295,1936,0
26,145,769,677,1854,141,0
26,146,769,677,2927,2918,0
26,147,769,677,652,2117,0
26,148,769,677,1281,1593,0
26,149,769,677,1093,2355,0
26,150,769,677,821,2889,0
26,151,769,677,2640,293,0
26,152,769,677,2213,1092,0
26,153,769,677,2554,526,0
26,154,769,677,773,2759,0
26,155,769,677,2398,2598,0
26,156,769,677,352,1773,0
26,157,769,677,136,1123,0
26,158,769,677,2533,1961,0
26,159,769,677,1274,2648,0
26,160,769,677,2856,1016,0
26,161,769,677,723,68,0
26,162,769,677,1849,735,0
26,163,769,677,1750,564,0
26,164,769,677,21,376,0
26,165,769,677,2035,939,0
26,166,769,677,1752,1825,0
26,167,769,677,2384,871,0
26,168,769,677,1034,788,0
26,169,769,677,1867,2645,0
26,170,769,677,940,504,0
26,171,769,677,1519,1618,0
26,172,769,677,1392,2416,0
26,173,769,677,1843,947,0
26,174,769,677,1387,1345,0
26,175,769,677,2479,1210,0
26,176,769,677,1555,1680,0
26,177,769,677,160,2470,0
26,178,769,677,2692,2143,0
26,179,769,677,158,2357,0
26,180,769,677,2335,890,0
26,181,769,677,1761,1075,0
26,182,769,677,2099,406,0
27,0,2295,2940,1639,2892,0
27,1,2295,2940,1329,745,0
27,2,2295,2940,443,1218,0
27,3,2295,2940,2514,1181,0
27,4,2295,2940,2286,223,0
27,5,2295,2940,595,2408,0
27,6,2295,2940,1383,2289,0
27,7,2295,2940,1795,201,0
27,8,2295,2940,2598,838,0
27,9,2295,2940,813,1715,0
27,10,2295,2940,1135,391,0
27,11,2295,2940,1132,1878,0
27,12,2295,2940,2041,661,0
27,13,2295,2940,1434,670,0
27,14,2295,2940,300,623,0
27,15,2295,2940,1559,2032,0
27,16,2295,2940,1224,2119,0
27,17,2295,2940,838,460,0
27,18,2295,2940,352,2688,0
27,19,2295,2940,2179,352,0
27,20,2295,2940,525,672,0
27,21,2295,2940,1652,2883,0
27,22,2295,2940,1373,2660,0
27,23,2295,2940,2814,1659,0
27,24,2295,2940,1449,1659,0
27,25,2295,2940,2305,1303,0
27,26,2295,2940,769,677,0
27,28,2295,2940,577,2880,0
27,29,2295,2940,1614,2810,0
27,30,2295,2940,47,1395,0
27,31,2295,2940,2664,803,0
27,32,2295,2940,2309,2153,0
27,33,2295,2940,2074,2182,0
27,34,2295,2940,1554,11,0
27,35,2295,2940,1400,2146,0
27,36,2295,2940,1795,740,0
27,37,2295,2940,931,567,0
27,38,2295,2940,1254,1779,0
27,39,2295,2940,45,883,0
27,40,2295,2940,1359,119,0
27,41,2295,2940,2127,1277,0
27,42,2295,2940,2925,1375,0
27,43,2295,2940,2505,1463,0
27,44,2295,2940,1791,2744,0
27,45,2295,2940,1916,1718,0
27,46,2295,2940,167,2831,0
27,47,2295,2940,2315,236,0
27,48,2295,2940,1902,1139,0
27,49,2295,2940,1443,2554,0
27,50,2295,2940,194,2519,0
27,51,2295,2940,301,248,0
27,52,2295,2940,934,2502,0
27,53,2295,2940,343,1045,0
27,54,2295,2940,1542,1250,0
27,55,2295,2940,2149,1171,0
27,56,2295,2940,2055,1783,0
27,57,2295,2940,941,1993,0
27,58,2295,2940,123,1452,0
27,59,2295,2940,2845,2865,0
27,60,2295,2940,1089,2442,0
27,61,2295,2940,859,1946,0
27,62,2295,2940,1024,191,0
27,63,2295,2940,640,1179,0
27,64,2295,2940,2225,946,0
27,65,2295,2940,349,822,0
27,66,2295,2940,826,2377,0
27,67,2295,2940,1638,96,0
27,68,2295,2940,2727,990,0
27,69,2295,2940,2915,1910,0
27,70,2295,2940,1406,1407,0
27,71,2295,2940,2216,2614,0
27,72,2295,2940,1497,453,0
27,73,2295,2940,1462,1798,0
27,74,2295,2940,1212,215,0
27,75,2295,2940,2881,2014,0
27,76,2295,2940,32,1929,0
27,77,2295,2940,2695,266,0
27,78,2295,2940,2042,2855,0
27,79,2295,2940,193,1354,0
27,80,2295,2940,123,892,0
27,81,2295,2940,2391,199,0
27,82,2295,2940,738,1556,0
27,83,2295,2940,656,1512,0
27,84,2295,2940,2081,2886,0
27,85,2295,2940,2720,2097,0
27,86,2295,2940,2245,1289,0
27,87,2295,2940,714,2990,0
27,88,2295,2940,2800,641,0
27,89,2295,2940,2389,2741,1
27,90,2295,2940,538,2170,0
27,91,2295,2940,2767,2393,0
27,92,2295,2940,1270,693,0
27,93,2295,2940,2649,133,0
27,94,2295,2940,782,2023,0
27,95,2295,2940,551,1308,0
27,96,2295,2940,2784,254,0
27,97,2295,2940,2443,1306,0
27,98,2295,2940,1619,1722,0
27,99,2295,2940,508,1060,0
27,100,2295,2940,2201,1345,0
27,101,2295,2940,2587,861,0
27,102,2295,2940,2593,412,0
27,103,2295,2940,2995,1976,0
27,104,2295,2940,2546,755,0
27,105,2295,2940,1384,10,0
27,106,2295,2940,1458,697,0
27,107,2295,2940,52,2157,0
27,108,2295,2940,2017,217,0
27,109,2295,2940,2750,1252,0
27,110,2295,2940,1972,2182,0
27,111,2295,2940,736,1220,0
27,112,2295,2940,1701,2178,0
27,113,2295,2940,27,769,0
27,114,2295,2940,148,1215,0
27,115,2295,2940,1308,917,0
27,116,2295,2940,579,885,0
27,117,2295,2940,2737,2060,0
27,118,2295,2940,1739,2828,0
27,119,2295,2940,1339,2055,0
27,120,2295,2940,1479,618,0
27,121,2295,2940,1518,2678,0
27,122,2295,2940,2663,2085,0
27,123,2295,2940,1536,440,0
27,124,2295,2940,2347,485,0
27,125,2295,2940,2244,1545,0
27,126,2295,2940,1821,2562,0
27,127,2295,2940,1162,1754,0
27,128,2295,2940,476,1205,0
27,129,2295,2940,1692,876,0
27,130,2295,2940,300,1205,0
27,131,2295,2940,2003,1714,0
27,132,2295,2940,381,1336,0
27,133,2295,2940,2948,2728,0
27,134,2295,2940,1258,2583,0
27,135,2295,2940,1121,2987,0
27,136,2295,2940,2245,575,0
27,137,2295,2940,721,430,0
27,138,2295,2940,1441,992,0
27,139,2295,2940,2326,2998,0
27,140,2295,2940,976,329,0
27,141,2295,2940,2900,191,0
27,142,2295,2940,1962,1771,0
27,143,2295,2940,238,1665,0
27,144,2295,2940,295,1936,0
27,145,2295,2940,1854,141,0
27,146,2295,2940,2927,2918,0
27,147,2295,2940,652,2117,0
27,148,2295,2940,1281,1593,0
27,149,2295,2940,1093,2355,0
27,150,2295,2940,821,2889,0
27,151,2295,2940,2640,293,0
27,152,2295,2940,2213,1092,0
27,153,2295,2940,2554,526,0
27,154,2295,2940,773,2759,0
27,155,2295,2940,2398,2598,0
27,156,2295,2940,352,1773,0
27,157,2295,2940,136,1123,0
27,158,2295,2940,2533,1961,0
27,159,2295,2940,1274,2648,0
27,160,2295,2940,2856,1016,0
27,161,2295,2940,723,68,0
27,162,2295,2940,1849,735,0
27,163,2295,2940,1750,564,0
27,164,2295,2940,21,376,0
27,165,2295,2940,2035,939,0
27,166,2295,2940,1752,1825,0
27,167,2295,2940,2384,871,0
27,168,2295,2940,1034,788,0
27,169,2295,2940,1867,2645,0
27,170,2295,2940,940,504,0
27,171,2295,2940,1519,1618,0
27,172,2295,2940,1392,2416,0
27,173,2295,2940,1843,947,0
27,174,2295,2940,1387,1345,0
27,175,2295,2940,2479,1210,0
27,176,2295,2940,1555,1680,0
27,177,2295,2940,160,2470,0
27,178,2295,2940,2692,2143,0
27,179,2295,2940,158,2357,0
27,180,2295,2940,2335,890,0
27,181,2295,2940,1761,1075,0
27,182,2295,2940,2099,406,0
28,0,577,2880,1639,2892,0
28,1,577,2880,1329,745,0
28,2,577,2880,443,1218,0
28,3,577,2880,2514,1181,0
28,4,577,2880,2286,223,0
28,5,577,2880,595,2408,0
28,6,577,2880,1383,2289,0
28,7,577,2880,1795,201,0
28,8,577,2880,2598,838,0
28,9,577,2880,813,1715,0
28,10,577,2880,1135,391,0
28,11,577,2880,1132,1878,0
28,12,577,2880,2041,661,0
28,13,577,2880,1434,670,0
28,14,577,2880,300,623,0
28,15,577,2880,1559,2032,0
28,16,577,2880,1224,2119,0
28,17,577,2880,838,460,0
28,18,577,2880,352,2688,1
28,19,577,2880,2179,352,0
28,20,577,2880,525,672,0
28,21,577,2880,1652,2883,0
28,22,577,2880,1373,2660,0
28,23,577,2880,2814,1659,0
28,24,577,2880,1449,1659,0
28,25,577,2880,2305,1303,0
28,26,577,2880,769,677,0
28,27,577,2880,2295,2940,0
28,29,577,2880,1614,2810,0
28,30,577,2880,47,1395,0
28,31,577,2880,2664,803,0
28,32,577,2880,2309,2153,0
28,33,577,2880,2074,2182,0
28,34,577,2880,1554,11,0
28,35,577,2880,1400,2146,0
28,36,577,2880,1795,740,0
28,37,577,2880,931,567,0
28,38,577,2880,1254,1779,0
28,39,577,2880,45,883,0
28,40,577,2880,1359,119,0
28,41,577,2880,2127,1277,0
28,42,577,2880,2925,1375,0
28,43,577,2880,2505,1463,0
28,44,577,2880,1791,2744,0
28,45,577,2880,1916,1718,0
28,46,577,2880,167,2831,0
28,47,577,2880,2315,236,0
28,48,577,2880,1902,1139,0
28,49,577,2880,1443,2554,0
28,50,577,2880,194,2519,0
28,51,577,2880,301,248,0
28,52,577,2880,934,2502,0
28,53,577,2880,343,1045,0
28,54,577,2880,1542,1250,0
28,55,577,2880,2149,1171,0
28,56,577,2880,2055,1783,0
28,57,577,2880,941,1993,0
28,58,577,2880,123,1452,0
28,59,577,2880,2845,2865,0
28,60,577,2880,1089,2442,0
28,61,577,2880,859,1946,0
28,62,577,2880,1024,191,0
28,63,577,2880,640,1179,0
28,64,577,2880,2225,946,0
28,65,577,2880,349,822,0
28,66,577,2880,826,2377,0
28,67,577,2880,1638,96,0
28,68,577,2880,2727,990,0
28,69,577,2880,2915,1910,0
28,70,577,2880,1406,1407,0
28,71,577,2880,2216,2614,0
28,72,577,2880,1497,453,0
28,73,577,2880,1462,1798,0
28,74,577,2880,1212,215,0
28,75,577,2880,2881,2014,0
28,76,577,2880,32,1929,0
28,77,577,2880,2695,266,0
28,78,577,2880,2042,2855,0
28,79,577,2880,193,1354,0
28,80,577,2880,123,892,0
28,81,577,2880,2391,199,0
28,82,577,2880,738,1556,0
28,83,577,2880,656,1512,0
28,84,577,2880,2081,2886,0
28,85,577,2880,2720,2097,0
28,86,577,2880,2245,1289,0
28,87,577,2880,714,2990,0
28,88,577,2880,2800,641,0
28,89,577,2880,2389,2741,0
28,90,577,2880,538,2170,0
28,91,577,2880,2767,2393,0
28,92,577,2880,1270,693,0
28,93,577,2880,2649,133,0
28,94,577,2880,782,2023,0
28,95,577,2880,551,1308,0
28,96,577,2880,2784,254,0
28,97,577,2880,2443,1306,0
28,98,577,2880,1619,1722,0
28,99,577,2880,508,1060,0
28,100,577,2880,2201,1345,0
28,101,577,2880,2587,861,0
28,102,577,2880,2593,412,0
28,103,577,2880,2995,1976,0
28,104,577,2880,2546,755,0
28,105,577,2880,1384,10,0
28,106,577,2880,1458,697,0
28,107,577,2880,52,2157,0
28,108,577,2880,2017,217,0
28,109,577,2880,2750,1252,0
28,110,577,2880,1972,2182,0
28,111,577,2880,736,1220,0
28,112,577,2880,1701,2178,0
28,113,577,2880,27,769,0
28,114,577,2880,148,1215,0
28,115,577,2880,1308,917,0
28,116,577,2880,579,885,0
28,117,577,2880,2737,2060,0
28,118,577,2880,1739,2828,0
28,119,577,2880,1339,2055,0
28,120,577,2880,1479,618,0
28,121,577,2880,1518,2678,0
28,122,577,2880,2663,2085,0
28,123,577,2880,1536,440,0
28,124,577,2880,2347,485,0
28,125,577,2880,2244,1545,0
28,126,577,2880,1821,2562,0
28,127,577,2880,1162,1754,0
28,128,577,2880,476,1205,0
28,129,577,2880,1692,876,0
28,130,577,2880,300,1205,0
28,131,577,2880,2003,1714,0
28,132,577,2880,381,1336,0
28,133,577,2880,2948,2728,0
28,134,577,2880,1258,2583,0
28,135,577,2880,1121,2987,0
28,136,577,2880,2245,575,0
28,137,577,2880,721,430,0
28,138,577,2880,1441,992,0
28,139,577,2880,2326,2998,0
28,140,577,2880,976,329,0
28,141,577,2880,2900,191,0
28,142,577,2880,1962,1771,0
28,143,577,2880,238,1665,0
28,144,577,2880,295,1936,0
28,145,577,2880,1854,141,0
28,146,577,2880,2927,2918,0
28,147,577,2880,652,2117,0
28,148,577,2880,1281,1593,0
28,149,577,2880,1093,2355,0
28,150,577,2880,821,2889,0
28,151,577,2880,2640,293,0
28,152,577,2880,2213,1092,0
28,153,577,2880,2554,526,0
28,154,577,2880,773,2759,0
28,155,577,2880,2398,2598,0
28,156,577,2880,352,1773,0
28,157,577,2880,136,1123,0
28,158,577,2880,2533,1961,0
28,159,577,2880,1274,2648,0
28,160,577,2880,2856,1016,0
28,161,577,2880,723,68,0
28,162,577,2880,1849,735,0
28,163,577,2880,1750,564,0
28,164,577,2880,21,376,0
28,165,577,2880,2035,939,0
28,166,577,2880,1752,1825,0
28,167,577,2880,2384,871,0
28,168,577,2880,1034,788,0
28,169,577,2880,1867,2645,0
28,170,577,2880,940,504,0
28,171,577,2880,1519,1618,0
28,172,577,2880,1392,2416,0
28,173,577,2880,1843,947,0
28,174,577,2880,1387,1345,0
28,175,577,2880,2479,1210,0
28,176,577,2880,1555,1680,0
28,177,577,2880,160,2470,0
28,178,577,2880,2692,2143,0
28,179,577,2880,158,2357,0
28,180,577,2880,2335,890,0
28,181,577,2880,1761,1075,0
28,182,577,2880,2099,406,0
29,0,1614,2810,1639,2892,0
29,1,1614,2810,1329,745,0
29,2,1614,2810,443,1218,0
29,3,1614,2810,2514,1181,0
29,4,1614,2810,2286,223,0
29,5,1614,2810,595,2408,0
29,6,1614,2810,1383,2289,0
29,7,1614,2810,1795,201,0
29,8,1614,2810,2598,838,0
29,9,1614,2810,813,1715,0
29,10,1614,2810,1135,391,0
29,11,1614,2810,1132,1878,0
29,12,1614,2810,2041,661,0
29,13,1614,2810,1434,670,0
29,14,1614,2810,300,623,0
29,15,1614,2810,1559,2032,0
29,16,1614,2810,1224,2119,0
29,17,1614,2810,838,460,0
29,18,1614,2810,352,2688,0
29,19,1614,2810,2179,352,0
29,20,1614,2810,525,672,0
29,21,1614,2810,1652,2883,0
29,22,1614,2810,1373,2660,0
29,23,1614,2810,2814,1659,0
29,24,1614,2810,1449,1659,0
29,25,1614,2810,2305,1303,0
29,26,1614,2810,769,677,0
29,27,1614,2810,2295,2940,0
29,28,1614,2810,577,2880,0
29,30,1614,2810,47,1395,0
29,31,1614,2810,2664,803,0
29,32,1614,2810,2309,2153,0
29,33,1614,2810,2074,2182,0
29,34,1614,2810,1554,11,0
29,35,1614,2810,1400,2146,0
29,36,1614,2810,1795,740,0
29,37,1614,2810,931,567,0
29,38,1614,2810,1254,1779,0
29,39,1614,2810,45,883,0
29,40,1614,2810,1359,119,0
29,41,1614,2810,2127,1277,0
29,42,1614,2810,2925,1375,0
29,43,1614,2810,2505,1463,0
29,44,1614,2810,1791,2744,0
29,45,1614,2810,1916,1718,0
29,46,1614,2810,167,2831,0
29,47,1614,2810,2315,236,0
29,48,1614,2810,1902,1139,0
29,49,1614,2810,1443,2554,0
29,50,1614,2810,194,2519,0
29,51,1614,2810,301,248,0
29,52,1614,2810,934,2502,0
29,53,1614,2810,343,1045,0
29,54,1614,2810,1542,1250,0
29,55,1614,2810,2149,1171,0
29,56,1614,2810,2055,1783,0
29,57,1614,2810,941,1993,0
29,58,1614,2810,123,1452,0
29,59,1614,2810,2845,2865,0
29,60,1614,2810,1089,2442,0
29,61,1614,2810,859,1946,0
29,62,1614,2810,1024,191,0
29,63,1614,2810,640,1179,0
29,64,1614,2810,2225,946,0
29,65,1614,2810,349,822,0
29,66,1614,2810,826,2377,0
29,67,1614,2810,1638,96,0
29,68,1614,2810,2727,990,0
29,69,1614,2810,2915,1910,0
29,70,1614,2810,1406,1407,0
29,71,1614,2810,2216,2614,0
29,72,1614,2810,1497,453,0
29,73,1614,2810,1462,1798,0
29,74,1614,2810,1212,215,0
29,75,1614,2810,2881,2014,0
29,76,1614,2810,32,1929,0
29,77,1614,2810,2695,266,0
29,78,1614,2810,2042,2855,0
29,79,1614,2810,193,1354,0
29,80,1614,2810,123,892,0
29,81,1614,2810,2391,199,0
29,82,1614,2810,738,1556,0
29,83,1614,2810,656,1512,0
29,84,1614,2810,2081,2886,0
29,85,1614,2810,2720,2097,0
29,86,1614,2810,2245,1289,0
29,87,1614,2810,714,2990,0
29,88,1614,2810,2800,641,0
29,89,1614,2810,2389,2741,0
29,90,1614,2810,538,2170,0
29,91,1614,2810,2767,2393,0
29,92,1614,2810,1270,693,0
29,93,1614,2810,2649,133,0
29,94,1614,2810,782,2023,0
29,95,1614,2810,551,1308,0
29,96,1614,2810,2784,254,0
29,97,1614,2810,2443,1306,0
29,98,1614,2810,1619,1722,0
29,99,1614,2810,508,1060,0
29,100,1614,2810,2201,1345,0
29,101,1614,2810,2587,861,0
29,102,1614,2810,2593,412,0
29,103,1614,2810,2995,1976,0
29,104,1614,2810,2546,755,0
29,105,1614,2810,1384,10,0
29,106,1614,2810,1458,697,0
29,107,1614,2810,52,2157,0
29,108,1614,2810,2017,217,0
29,109,1614,2810,2750,1252,0
29,110,1614,2810,1972,2182,0
29,111,1614,2810,736,1220,0
29,112,1614,2810,1701,2178,0
29,113,1614,2810,27,769,0
29,114,1614,2810,148,1215,0
29,115,1614,2810,1308,917,0
29,116,1614,2810,579,885,0
29,117,1614,2810,2737,2060,0
29,118,1614,2810,1739,2828,0
29,119,1614,2810,1339,2055,0
29,120,1614,2810,1479,618,0
29,121,1614,2810,1518,2678,1
29,122,1614,2810,2663,2085,0
29,123,1614,2810,1536,440,0
29,124,1614,2810,2347,485,0
29,125,1614,2810,2244,1545,0
29,126,1614,2810,1821,2562,0
29,127,1614,2810,1162,1754,0
29,128,1614,2810,476,1205,0
29,129,1614,2810,1692,876,0
29,130,1614,2810,300,1205,0
29,131,1614,2810,2003,1714,0
29,132,1614,2810,381,1336,0
29,133,1614,2810,2948,2728,0
29,134,1614,2810,1258,2583,0
29,135,1614,2810,1121,2987,0
29,136,1614,2810,2245,575,0
29,137,1614,2810,721,430,0
29,138,1614,2810,1441,992,0
29,139,1614,2810,2326,2998,0
29,140,1614,2810,976,329,0
29,141,1614,2810,2900,191,0
29,142,1614,2810,1962,1771,0
29,143,1614,2810,238,1665,0
29,144,1614,2810,295,1936,0
29,145,1614,2810,1854,141,0
29,146,1614,2810,2927,2918,0
29,147,1614,2810,652,2117,0
29,148,1614,2810,1281,1593,0
29,149,1614,2810,1093,2355,0
29,150,1614,2810,821,2889,0
29,151,1614,2810,2640,293,0
29,152,1614,2810,2213,1092,0
29,153,1614,2810,2554,526,0
29,154,1614,2810,773,2759,0
29,155,1614,2810,2398,2598,0
29,156,1614,2810,352,1773,0
29,157,1614,2810,136,1123,0
29,158,1614,2810,2533,1961,0
29,159,1614,2810,1274,2648,0
29,160,1614,2810,2856,1016,0
29,161,1614,2810,723,68,0
29,162,1614,2810,1849,735,0
29,163,1614,2810,1750,564,0
29,164,1614,2810,21,376,0
29,165,1614,2810,2035,939,0
29,166,1614,2810,1752,1825,0
29,167,1614,2810,2384,871,0
29,168,1614,2810,1034,788,0
29,169,1614,2810,1867,2645,0
29,170,1614,2810,940,504,0
29,171,1614,2810,1519,1618,0
29,172,1614,2810,1392,2416,0
29,173,1614,2810,1843,947,0
29,174,1614,2810,1387,1345,0
29,175,1614,2810,2479,1210,0
29,176,1614,2810,1555,1680,0
29,177,1614,2810,160,2470,0
29,178,1614,2810,2692,2143,0
29,179,1614,2810,158,2357,0
29,180,1614,2810,2335,890,0
29,181,1614,2810,1761,1075,0
29,182,1614,2810,2099,406,0
30,0,47,1395,1639,2892,0
30,1,47,1395,1329,745,0
30,2,47,1395,443,1218,0
30,3,47,1395,2514,1181,0
30,4,47,1395,2286,223,0
30,5,47,1395,595,2408,0
30,6,47,1395,1383,2289,0
30,7,47,1395,1795,201,0
30,8,47,1395,2598,838,0
30,9,47,1395,813,1715,0
30,10,47,1395,1135,391,0
30,11,47,1395,1132,1878,0
30,12,47,1395,2041,661,0
30,13,47,1395,1434,670,0
30,14,47,1395,300,623,0
30,15,47,1395,1559,2032,0
30,16,47,1395,1224,2119,0
30,17,47,1395,838,460,0
30,18,47,1395,352,2688,0
30,19,47,1395,2179,352,0
30,20,47,1395,525,672,0
30,21,47,1395,1652,2883,0
30,22,47,1395,1373,2660,0
30,23,47,1395,2814,1659,0
30,24,47,1395,1449,1659,0
30,25,47,1395,2305,1303,0
30,26,47,1395,769,677,0
30,27,47,1395,2295,2940,0
30,28,47,1395,577,2880,0
30,29,47,1395,1614,2810,0
30,31,47,1395,2664,803,0
30,32,47,1395,2309,2153,0
30,33,47,1395,2074,2182,0
30,34,47,1395,1554,11,0
30,35,47,1395,1400,2146,0
30,36,47,1395,1795,740,0
30,37,47,1395,931,567,0
30,38,47,1395,1254,1779,0
30,39,47,1395,45,883,0
30,40,47,1395,1359,119,0
30,41,47,1395,2127,1277,0
30,42,47,1395,2925,1375,0
30,43,47,1395,2505,1463,0
30,44,47,1395,1791,2744,0
30,45,47,1395,1916,1718,0
30,46,47,1395,167,2831,0
30,47,47,1395,2315,236,0
30,48,47,1395,1902,1139,0
30,49,47,1395,1443,2554,0
30,50,47,1395,194,2519,0
30,51,47,1395,301,248,0
30,52,47,1395,934,2502,0
30,53,47,1395,343,1045,0
30,54,47,1395,1542,1250,0
30,55,47,1395,2149,1171,0
30,56,47,1395,2055,1783,0
30,57,47,1395,941,1993,0
30,58,47,1395,123,1452,0
30,59,47,1395,2845,2865,0
30,60,47,1395,1089,2442,0
30,61,47,1395,859,1946,0
30,62,47,1395,1024,191,0
30,63,47,1395,640,1179,0
30,64,47,1395,2225,946,0
30,65,47,1395,349,822,0
30,66,47,1395,826,2377,0
30,67,47,1395,1638,96,0
30,68,47,1395,2727,990,0
30,69,47,1395,2915,1910,0
30,70,47,1395,1406,1407,0
30,71,47,1395,2216,2614,0
30,72,47,1395,1497,453,0
30,73,47,1395,1462,1798,0
30,74,47,1395,1212,215,0
30,75,47,1395,2881,2014,0
30,76,47,1395,32,1929,0
30,77,47,1395,2695,266,0
30,78,47,1395,2042,2855,0
30,79,47,1395,193,1354,1
30,80,47,1395,123,892,0
30,81,47,1395,2391,199,0
30,82,47,1395,738,1556,0
30,83,47,1395,656,1512,0
30,84,47,1395,2081,2886,0
30,85,47,1395,2720,2097,0
30,86,47,1395,2245,1289,0
30,87,47,1395,714,2990,0
30,88,47,1395,2800,641,0
30,89,47,1395,2389,2741,0
30,90,47,1395,538,2170,0
30,91,47,1395,2767,2393,0
30,92,47,1395,1270,693,0
30,93,47,1395,2649,133,0
30,94,47,1395,782,2023,0
30,95,47,1395,551,1308,0
30,96,47,1395,2784,254,0
30,97,47,1395,2443,1306,0
30,98,47,1395,1619,1722,0
30,99,47,1395,508,1060,0
30,100,47,1395,2201,1345,0
30,101,47,1395,2587,861,0
30,102,47,1395,2593,412,0
30,103,47,1395,2995,1976,0
30,104,47,1395,2546,755,0
30,105,47,1395,1384,10,0
30,106,47,1395,1458,697,0
30,107,47,1395,52,2157,0
30,108,47,1395,2017,217,0
30,109,47,1395,2750,1252,0
30,110,47,1395,1972,2182,0
30,111,47,1395,736,1220,0
30,112,47,1395,1701,2178,0
30,113,47,1395,27,769,0
30,114,47,1395,148,1215,0
30,115,47,1395,1308,917,0
30,116,47,1395,579,885,0
30,117,47,1395,2737,2060,0
30,118,47,1395,1739,2828,0
30,119,47,1395,1339,2055,0
30,120,47,1395,1479,618,0
30,121,47,1395,1518,2678,0
30,122,47,1395,2663,2085,0
30,123,47,1395,1536,440,0
30,124,47,1395,2347,485,0
30,125,47,1395,2244,1545,0
30,126,47,1395,1821,2562,0
30,127,47,1395,1162,1754,0
30,128,47,1395,476,1205,0
30,129,47,1395,1692,876,0
30,130,47,1395,300,1205,0
30,131,47,1395,2003,1714,0
30,132,47,1395,381,1336,0
30,133,47,1395,2948,2728,0
30,134,47,1395,1258,2583,0
30,135,47,1395,1121,2987,0
30,136,47,1395,2245,575,0
30,137,47,1395,721,430,0
30,138,47,1395,1441,992,0
30,139,47,1395,2326,2998,0
30,140,47,1395,976,329,0
30,141,47,1395,2900,191,0
30,142,47,1395,1962,1771,0
30,143,47,1395,238,1665,0
30,144,47,1395,295,1936,0
30,145,47,1395,1854,141,0
30,146,47,1395,2927,2918,0
30,147,47,1395,652,2117,0
30,148,47,1395,1281,1593,0
30,149,47,1395,1093,2355,0
30,150,47,1395,821,2889,0
30,151,47,1395,2640,293,0
30,152,47,1395,2213,1092,0
30,153,47,1395,2554,526,0
30,154,47,1395,773,2759,0
30,155,47,1395,2398,2598,0
30,156,47,1395,352,1773,0
30,157,47,1395,136,1123,0
30,158,47,1395,2533,1961,0
30,159,47,1395,1274,2648,0
30,160,47,1395,2856,1016,0
30,161,47,1395,723,68,0
30,162,47,1395,1849,735,0
30,163,47,1395,1750,564,0
30,164,47,1395,21,376,0
30,165,47,1395,2035,939,0
30,166,47,1395,1752,1825,0
30,167,47,1395,2384,871,0
30,168,47,1395,1034,788,0
30,169,47,1395,1867,2645,0
30,170,47,1395,940,504,0
30,171,47,1395,1519,1618,0
30,172,47,1395,1392,2416,0
30,173,47,1395,1843,947,0
30,174,47,1395,1387,1345,0
30,175,47,1395,2479,1210,0
30,176,47,1395,1555,1680,0
30,177,47,1395,160,2470,0
30,178,47,1395,2692,2143,0
30,179,47,1395,158,2357,0
30,180,47,1395,2335,890,0
30,181,47,1395,1761,1075,0
30,182,47,1395,2099,406,0
31,0,2664,803,1639,2892,0
31,1,2664,803,1329,745,0
31,2,2664,803,443,1218,0
31,3,2664,803,2514,1181,0
31,4,2664,803,2286,223,0
31,5,2664,803,595,2408,0
31,6,2664,803,1383,2289,0
31,7,2664,803,1795,201,0
31,8,2664,803,2598,838,1
31,9,2664,803,813,1715,0
31,10,2664,803,1135,391,0
31,11,2664,803,1132,1878,0
31,12,2664,803,2041,661,0
31,13,2664,803,1434,670,0
31,14,2664,803,300,623,0
31,15,2664,803,1559,2032,0
31,16,2664,803,1224,2119,0
31,17,2664,803,838,460,0
31,18,2664,803,352,2688,0
31,19,2664,803,2179,352,0
31,20,2664,803,525,672,0
31,21,2664,803,1652,2883,0
31,22,2664,803,1373,2660,0
31,23,2664,803,2814,1659,0
31,24,2664,803,1449,1659,0
31,25,2664,803,2305,1303,0
31,26,2664,803,769,677,0
31,27,2664,803,2295,2940,0
31,28,2664,803,577,2880,0
31,29,2664,803,1614,2810,0
31,30,2664,803,47,1395,0
31,32,2664,803,2309,2153,0
31,33,2664,803,2074,2182,0
31,34,2664,803,1554,11,0
31,35,2664,803,1400,2146,0
31,36,2664,803,1795,740,0
31,37,2664,803,931,567,0
31,38,2664,803,1254,1779,0
31,39,2664,803,45,883,0
31,40,2664,803,1359,119,0
31,41,2664,803,2127,1277,0
31,42,2664,803,2925,1375,0
31,43,2664,803,2505,1463,0
31,44,2664,803,1791,2744,0
31,45,2664,803,1916,1718,0
31,46,2664,803,167,2831,0
31,47,2664,803,2315,236,0
31,48,2664,803,1902,1139,0
31,49,2664,803,1443,2554,0
31,50,2664,803,194,2519,0
31,51,2664,803,301,248,0
31,52,2664,803,934,2502,0
31,53,2664,803,343,1045,0
31,54,2664,803,1542,1250,0
31,55,2664,803,2149,1171,0
31,56,2664,803,2055,1783,0
31,57,2664,803,941,1993,0
31,58,2664,803,123,1452,0
31,59,2664,803,2845,2865,0
31,60,2664,803,1089,2442,0
31,61,2664,803,859,1946,0
31,62,2664,803,1024,191,0
31,63,2664,803,640,1179,0
31,64,2664,803,2225,946,0
31,65,2664,803,349,822,0
31,66,2664,803,826,2377,0
31,67,2664,803,1638,96,0
31,68,2664,803,2727,990,0
31,69,2664,803,2915,1910,0
31,70,2664,803,1406,1407,0
31,71,2664,803,2216,2614,0
31,72,2664,803,1497,453,0
31,73,2664,803,1462,1798,0
31,74,2664,803,1212,215,0
31,75,2664,803,2881,2014,0
31,76,2664,803,32,1929,0
31,77,2664,803,2695,266,0
31,78,2664,803,2042,2855,0
31,79,2664,803,193,1354,0
31,80,2664,803,123,892,0
31,81,2664,803,2391,199,0
31,82,2664,803,738,1556,0
31,83,2664,803,656,1512,0
31,84,2664,803,2081,2886,0
31,85,2664,803,2720,2097,0
31,86,2664,803,2245,1289,0
31,87,2664,803,714,2990,0
31,88,2664,803,2800,641,0
31,89,2664,803,2389,2741,0
31,90,2664,803,538,2170,0
31,91,2664,803,2767,2393,0
31,92,2664,803,1270,693,0
31,93,2664,803,2649,133,0
31,94,2664,803,782,2023,0
31,95,2664,803,551,1308,0
31,96,2664,803,2784,254,0
31,97,2664,803,2443,1306,0
31,98,2664,803,1619,1722,0
31,99,2664,803,508,1060,0
31,100,2664,803,2201,1345,0
31,101,2664,803,2587,861,0
31,102,2664,803,2593,412,0
31,103,2664,803,2995,1976,0
31,104,2664,803,2546,755,0
31,105,2664,803,1384,10,0
31,106,2664,803,1458,697,0
31,107,2664,803,52,2157,0
31,108,2664,803,2017,217,0
31,109,2664,803,2750,1252,0
31,110,2664,803,1972,2182,0
31,111,2664,803,736,1220,0
31,112,2664,803,1701,2178,0
31,113,2664,803,27,769,0
31,114,2664,803,148,1215,0
31,115,2664,803,1308,917,0
31,116,2664,803,579,885,0
31,117,2664,803,2737,2060,0
31,118,2664,803,1739,2828,0
31,119,2664,803,1339,2055,0
31,120,2664,803,1479,618,0
31,121,2664,803,1518,2678,0
31,122,2664,803,2663,2085,0
31,123,2664,803,1536,440,0
31,124,2664,803,2347,485,0
31,125,2664,803,2244,1545,0
31,126,2664,803,1821,2562,0
31,127,2664,803,1162,1754,0
31,128,2664,803,476,1205,0
31,129,2664,803,1692,876,0
31,130,2664,803,300,1205,0
31,131,2664,803,2003,1714,0
31,132,2664,803,381,1336,0
31,133,2664,803,2948,2728,0
31,134,2664,803,1258,2583,0
31,135,2664,803,1121,2987,0
31,136,2664,803,2245,575,0
31,137,2664,803,721,430,0
31,138,2664,803,1441,992,0
31,139,2664,803,2326,2998,0
31,140,2664,803,976,329,0
31,141,2664,803,2900,191,0
31,142,2664,803,1962,1771,0
31,143,2664,803,238,1665,0
31,144,2664,803,295,1936,0
31,145,2664,803,1854,141,0
31,146,2664,803,2927,2918,0
31,147,2664,803,652,2117,0
31,148,2664,803,1281,1593,0
31,149,2664,803,1093,2355,0
31,150,2664,803,821,2889,0
31,151,2664,803,2640,293,0
31,152,2664,803,2213,1092,0
31,153,2664,803,2554,526,0
31,154,2664,803,773,2759,0
31,155,2664,803,2398,2598,0
31,156,2664,803,352,1773,0
31,157,2664,803,136,1123,0
31,158,2664,803,2533,1961,0
31,159,2664,803,1274,2648,0
31,160,2664,803,2856,1016,0
31,161,2664,803,723,68,0
31,162,2664,803,1849,735,0
31,163,2664,803,1750,564,0
31,164,2664,803,21,376,0
31,165,2664,803,2035,939,0
31,166,2664,803,1752,1825,0
31,167,2664,803,2384,871,0
31,168,2664,803,1034,788,0
31,169,2664,803,1867,2645,0
31,170,2664,803,940,504,0
31,171,2664,803,1519,1618,0
31,172,2664,803,1392,2416,0
31,173,2664,803,1843,947,0
31,174,2664,803,1387,1345,0
31,175,2664,803,2479,1210,0
31,176,2664,803,1555,1680,0
31,177,2664,803,160,2470,0
31,178,2664,803,2692,2143,0
31,179,2664,803,158,2357,0
31,180,2664,803,2335,890,0
31,181,2664,803,1761,1075,0
31,182,2664,803,2099,406,0
32,0,2309,2153,1639,2892,0
32,1,2309,2153,1329,745,0
32,2,2309,2153,443,1218,0
32,3,2309,2153,2514,1181,0
32,4,2309,2153,2286,223,0
32,5,2309,2153,595,2408,0
32,6,2309,2153,1383,2289,0
32,7,2309,2153,1795,201,0
32,8,2309,2153,2598,838,0
32,9,2309,2153,813,1715,0
32,10,2309,2153,1135,391,0
32,11,2309,2153,1132,1878,0
32,12,2309,2153,2041,661,0
32,13,2309,2153,1434,670,0
32,14,2309,2153,300,623,0
32,15,2309,2153,1559,2032,0
32,16,2309,2153,1224,2119,0
32,17,2309,2153,838,460,0
32,18,2309,2153,352,2688,0
32,19,2309,2153,2179,352,0
32,20,2309,2153,525,672,0
32,21,2309,2153,1652,2883,0
32,22,2309,2153,1373,2660,0
32,23,2309,2153,2814,1659,0
32,24,2309,2153,1449,1659,0
32,25,2309,2153,2305,1303,0
32,26,2309,2153,769,677,0
32,27,2309,2153,2295,2940,0
32,28,2309,2153,577,2880,0
32,29,2309,2153,1614,2810,0
32,30,2309,2153,47,1395,0
32,31,2309,2153,2664,803,0
32,33,2309,2153,2074,2182,0
32,34,2309,2153,1554,11,0
32,35,2309,2153,1400,2146,0
32,36,2309,2153,1795,740,0
32,37,2309,2153,931,567,0
32,38,2309,2153,1254,1779,0
32,39,2309,2153,45,883,0
32,40,2309,2153,1359,119,0
32,41,2309,2153,2127,1277,0
32,42,2309,2153,2925,1375,0
32,43,2309,2153,2505,1463,0
32,44,2309,2153,1791,2744,0
32,45,2309,2153,1916,1718,0
32,46,2309,2153,167,2831,0
32,47,2309,2153,2315,236,0
32,48,2309,2153,1902,1139,0
32,49,2309,2153,1443,2554,0
32,50,2309,2153,194,2519,0
32,51,2309,2153,301,248,0
32,52,2309,2153,934,2502,0
32,53,2309,2153,343,1045,0
32,54,2309,2153,1542,1250,0
32,55,2309,2153,2149,1171,0
32,56,2309,2153,2055,1783,0
32,57,2309,2153,941,1993,0
32,58,2309,2153,123,1452,0
32,59,2309,2153,2845,2865,0
32,60,2309,2153,1089,2442,0
32,61,2309,2153,859,1946,0
32,62,2309,2153,1024,191,0
32,63,2309,2153,640,1179,0
32,64,2309,2153,2225,946,0
32,65,2309,2153,349,822,0
32,66,2309,2153,826,2377,0
32,67,2309,2153,1638,96,0
32,68,2309,2153,2727,990,0
32,69,2309,2153,2915,1910,0
32,70,2309,2153,1406,1407,0
32,71,2309,2153,2216,2614,0
32,72,2309,2153,1497,453,0
32,73,2309,2153,1462,1798,0
32,74,2309,2153,1212,215,0
32,75,2309,2153,2881,2014,0
32,76,2309,2153,32,1929,0
32,77,2309,2153,2695,266,0
32,78,2309,2153,2042,2855,0
32,79,2309,2153,193,1354,0
32,80,2309,2153,123,892,0
32,81,2309,2153,2391,199,0
32,82,2309,2153,738,1556,0
32,83,2309,2153,656,1512,0
32,84,2309,2153,2081,2886,0
32,85,2309,2153,2720,2097,0
32,86,2309,2153,2245,1289,0
32,87,2309,2153,714,2990,0
32,88,2309,2153,2800,641,0
32,89,2309,2153,2389,2741,0
32,90,2309,2153,538,2170,0
32,91,2309,2153,2767,2393,0
32,92,2309,2153,1270,693,0
32,93,2309,2153,2649,133,0
32,94,2309,2153,782,2023,0
32,95,2309,2153,551,1308,0
32,96,2309,2153,2784,254,0
32,97,2309,2153,2443,1306,0
32,98,2309,2153,1619,1722,0
32,99,2309,2153,508,1060,0
32,100,2309,2153,2201,1345,0
32,101,2309,2153,2587,861,0
32,102,2309,2153,2593,412,0
32,103,2309,2153,2995,1976,0
32,104,2309,2153,2546,755,0
32,105,2309,2153,1384,10,0
32,106,2309,2153,1458,697,0
32,107,2309,2153,52,2157,0
32,108,2309,2153,2017,217,0
32,109,2309,2153,2750,1252,0
32,110,2309,2153,1972,2182,0
32,111,2309,2153,736,1220,0
32,112,2309,2153,1701,2178,0
32,113,2309,2153,27,769,0
32,114,2309,2153,148,1215,0
32,115,2309,2153,1308,917,0
32,116,2309,2153,579,885,0
32,117,2309,2153,2737,2060,0
32,118,2309,2153,1739,2828,0
32,119,2309,2153,1339,2055,0
32,120,2309,2153,1479,618,0
32,121,2309,2153,1518,2678,0
32,122,2309,2153,2663,2085,0
32,123,2309,2153,1536,440,0
32,124,2309,2153,2347,485,0
32,125,2309,2153,2244,1545,0
32,126,2309,2153,1821,2562,0
32,127,2309,2153,1162,1754,0
32,128,2309,2153,476,1205,0
32,129,2309,2153,1692,876,0
32,130,2309,2153,300,1205,0
32,131,2309,2153,2003,1714,0
32,132,2309,2153,381,1336,0
32,133,2309,2153,2948,2728,0
32,134,2309,2153,1258,2583,0
32,135,2309,2153,1121,2987,0
32,136,2309,2153,2245,575,0
32,137,2309,2153,721,430,0
32,138,2309,2153,1441,992,0
32,139,2309,2153,2326,2998,0
32,140,2309,2153,976,329,0
32,141,2309,2153,2900,191,0
32,142,2309,2153,1962,1771,0
32,143,2309,2153,238,1665,0
32,144,2309,2153,295,1936,0
32,145,2309,2153,1854,141,0
32,146,2309,2153,2927,2918,0
32,147,2309,2153,652,2117,0
32,148,2309,2153,1281,1593,0
32,149,2309,2153,1093,2355,0
32,150,2309,2153,821,2889,0
32,151,2309,2153,2640,293,0
32,152,2309,2153,2213,1092,0
32,153,2309,2153,2554,526,0
32,154,2309,2153,773,2759,0
32,155,2309,2153,2398,2598,0
32,156,2309,2153,352,1773,0
32,157,2309,2153,136,1123,0
32,158,2309,2153,2533,1961,1
32,159,2309,2153,1274,2648,0
32,160,2309,2153,2856,1016,0
32,161,2309,2153,723,68,0
32,162,2309,2153,1849,735,0
32,163,2309,2153,1750,564,0
32,164,2309,2153,21,376,0
32,165,2309,2153,2035,939,0
32,166,2309,2153,1752,1825,0
32,167,2309,2153,2384,871,0
32,168,2309,2153,1034,788,0
32,169,2309,2153,1867,2645,0
32,170,2309,2153,940,504,0
32,171,2309,2153,1519,1618,0
32,172,2309,2153,1392,2416,0
32,173,2309,2153,1843,947,0
32,174,2309,2153,1387,1345,0
32,175,2309,2153,2479,1210,0
32,176,2309,2153,1555,1680,0
32,177,2309,2153,160,2470,0
32,178,2309,2153,2692,2143,0
32,179,2309,2153,158,2357,0
32,180,2309,2153,2335,890,0
32,181,2309,2153,1761,1075,0
32,182,2309,2153,2099,406,0
33,0,2074,2182,1639,2892,0
33,1,2074,2182,1329,745,0
33,2,2074,2182,443,1218,0
33,3,2074,2182,2514,1181,0
33,4,2074,2182,2286,223,0
33,5,2074,2182,595,2408,0
33,6,2074,2182,1383,2289,0
33,7,2074,2182,1795,201,0
33,8,2074,2182,2598,838,0
33,9,2074,2182,813,1715,0
33,10,2074,2182,1135,391,0
33,11,2074,2182,1132,1878,0
33,12,2074,2182,2041,661,0
33,13,2074,2182,1434,670,0
33,14,2074,2182,300,623,0
33,15,2074,2182,1559,2032,0
33,16,2074,2182,1224,2119,0
33,17,2074,2182,838,460,0
33,18,2074,2182,352,2688,0
33,19,2074,2182,2179,352,0
33,20,2074,2182,525,672,0
33,21,2074,2182,1652,2883,0
33,22,2074,2182,1373,2660,0
33,23,2074,2182,2814,1659,0
33,24,2074,2182,1449,1659,0
33,25,2074,2182,2305,1303,0
33,26,2074,2182,769,677,0
33,27,2074,2182,2295,2940,0
33,28,2074,2182,577,2880,0
33,29,2074,2182,1614,2810,0
33,30,2074,2182,47,1395,0
33,31,2074,2182,2664,803,0
33,32,2074,2182,2309,2153,1
33,34,2074,2182,1554,11,0
33,35,2074,2182,1400,2146,0
33,36,2074,2182,1795,740,0
33,37,2074,2182,931,567,0
33,38,2074,2182,1254,1779,0
33,39,2074,2182,45,883,0
33,40,2074,2182,1359,119,0
33,41,2074,2182,2127,1277,0
33,42,2074,2182,2925,1375,0
33,43,2074,2182,2505,1463,0
33,44,2074,2182,1791,2744,0
33,45,2074,2182,1916,1718,0
33,46,2074,2182,167,2831,0
33,47,2074,2182,2315,236,0
33,48,2074,2182,1902,1139,0
33,49,2074,2182,1443,2554,0
33,50,2074,2182,194,2519,0
33,51,2074,2182,301,248,0
33,52,2074,2182,934,2502,0
33,53,2074,2182,343,1045,0
33,54,2074,2182,1542,1250,0
33,55,2074,2182,2149,1171,0
33,56,2074,2182,2055,1783,0
33,57,2074,2182,941,1993,0
33,58,2074,2182,123,1452,0
33,59,2074,2182,2845,2865,0
33,60,2074,2182,1089,2442,0
33,61,2074,2182,859,1946,0
33,62,2074,2182,1024,191,0
33,63,2074,2182,640,1179,0
33,64,2074,2182,2225,946,0
33,65,2074,2182,349,822,0
33,66,2074,2182,826,2377,0
33,67,2074,2182,1638,96,0
33,68,2074,2182,2727,990,0
33,69,2074,2182,2915,1910,0
33,70,2074,2182,1406,1407,0
33,71,2074,2182,2216,2614,0
33,72,2074,2182,1497,453,0
33,73,2074,2182,1462,1798,0
33,74,2074,2182,1212,215,0
33,75,2074,2182,2881,2014,0
33,76,2074,2182,32,1929,0
33,77,2074,2182,2695,266,0
33,78,2074,2182,2042,2855,0
33,79,2074,2182,193,1354,0
33,80,2074,2182,123,892,0
33,81,2074,2182,2391,199,0
33,82,2074,2182,738,1556,0
33,83,2074,2182,656,1512,0
33,84,2074,2182,2081,2886,0
33,85,2074,2182,2720,2097,0
33,86,2074,2182,2245,1289,0
33,87,2074,2182,714,2990,0
33,88,2074,2182,2800,641,0
33,89,2074,2182,2389,2741,0
33,90,2074,2182,538,2170,0
33,91,2074,2182,2767,2393,0
33,92,2074,2182,1270,693,0
33,93,2074,2182,2649,133,0
33,94,2074,2182,782,2023,0
33,95,2074,2182,551,1308,0
33,96,2074,2182,2784,254,0
33,97,2074,2182,2443,1306,0
33,98,2074,2182,1619,1722,0
33,99,2074,2182,508,1060,0
33,100,2074,2182,2201,1345,0
33,101,2074,2182,2587,861,0
33,102,2074,2182,2593,412,0
33,103,2074,2182,2995,1976,0
33,104,2074,2182,2546,755,0
33,105,2074,2182,1384,10,0
33,106,2074,2182,1458,697,0
33,107,2074,2182,52,2157,0
33,108,2074,2182,2017,217,0
33,109,2074,2182,2750,1252,0
33,110,2074,2182,1972,2182,0
33,111,2074,2182,736,1220,0
33,112,2074,2182,1701,2178,0
33,113,2074,2182,27,769,0
33,114,2074,2182,148,1215,0
33,115,2074,2182,1308,917,0
33,116,2074,2182,579,885,0
33,117,2074,2182,2737,2060,0
33,118,2074,2182,1739,2828,0
33,119,2074,2182,1339,2055,0
33,120,2074,2182,1479,618,0
33,121,2074,2182,1518,2678,0
33,122,2074,2182,2663,2085,0
33,123,2074,2182,1536,440,0
33,124,2074,2182,2347,485,0
33,125,2074,2182,2244,1545,0
33,126,2074,2182,1821,2562,0
33,127,2074,2182,1162,1754,0
33,128,2074,2182,476,1205,0
33,129,2074,2182,1692,876,0
33,130,2074,2182,300,1205,0
33,131,2074,2182,2003,1714,0
33,132,2074,2182,381,1336,0
33,133,2074,2182,2948,2728,0
33,134,2074,2182,1258,2583,0
33,135,2074,2182,1121,2987,0
33,136,2074,2182,2245,575,0
33,137,2074,2182,721,430,0
33,138,2074,2182,1441,992,0
33,139,2074,2182,2326,2998,0
33,140,2074,2182,976,329,0
33,141,2074,2182,2900,191,0
33,142,2074,2182,1962,1771,0
33,143,2074,2182,238,1665,0
33,144,2074,2182,295,1936,0
33,145,2074,2182,1854,141,0
33,146,2074,2182,2927,2918,0
33,147,2074,2182,652,2117,0
33,148,2074,2182,1281,1593,0
33,149,2074,2182,1093,2355,0
33,150,2074,2182,821,2889,0
33,151,2074,2182,2640,293,0
33,152,2074,2182,2213,1092,0
33,153,2074,2182,2554,526,0
33,154,2074,2182,773,2759,0
33,155,2074,2182,2398,2598,0
33,156,2074,2182,352,1773,0
33,157,2074,2182,136,1123,0
33,158,2074,2182,2533,1961,0
33,159,2074,2182,1274,2648,0
33,160,2074,2182,2856,1016,0
33,161,2074,2182,723,68,0
33,162,2074,2182,1849,735,0
33,163,2074,2182,1750,564,0
33,164,2074,2182,21,376,0
33,165,2074,2182,2035,939,0
33,166,2074,2182,1752,1825,0
33,167,2074,2182,2384,871,0
33,168,2074,2182,1034,788,0
33,169,2074,2182,1867,2645,0
33,170,2074,2182,940,504,0
33,171,2074,2182,1519,1618,0
33,172,2074,2182,1392,2416,0
33,173,2074,2182,1843,947,0
33,174,2074,2182,1387,1345,0
33,175,2074,2182,2479,1210,0
33,176,2074,2182,1555,1680,0
33,177,2074,2182,160,2470,0
33,178,2074,2182,2692,2143,0
33,179,2074,2182,158,2357,0
33,180,2074,2182,2335,890,0
33,181,2074,2182,1761,1075,0
33,182,2074,2182,2099,406,0
34,0,1554,11,1639,2892,0
34,1,1554,11,1329,745,0
34,2,1554,11,443,1218,0
34,3,1554,11,2514,1181,0
34,4,1554,11,2286,223,0
34,5,1554,11,595,2408,0
34,6,1554,11,1383,2289,0
34,7,1554,11,1795,201,0
34,8,1554,11,2598,838,0
34,9,1554,11,813,1715,0
34,10,1554,11,1135,391,0
34,11,1554,11,1132,1878,0
34,12,1554,11,2041,661,0
34,13,1554,11,1434,670,0
34,14,1554,11,300,623,0
34,15,1554,11,1559,2032,0
34,16,1554,11,1224,2119,0
34,17,1554,11,838,460,0
34,18,1554,11,352,2688,0
34,19,1554,11,2179,352,0
34,20,1554,11,525,672,0
34,21,1554,11,1652,2883,0
34,22,1554,11,1373,2660,0
34,23,1554,11,2814,1659,0
34,24,1554,11,1449,1659,0
34,25,1554,11,2305,1303,0
34,26,1554,11,769,677,0
34,27,1554,11,2295,2940,0
34,28,1554,11,577,2880,0
34,29,1554,11,1614,2810,0
34,30,1554,11,47,1395,0
34,31,1554,11,2664,803,0
34,32,1554,11,2309,2153,0
34,33,1554,11,2074,2182,0
34,35,1554,11,1400,2146,0
34,36,1554,11,1795,740,0
34,37,1554,11,931,567,0
34,38,1554,11,1254,1779,0
34,39,1554,11,45,883,0
34,40,1554,11,1359,119,0
34,41,1554,11,2127,1277,0
34,42,1554,11,2925,1375,0
34,43,1554,11,2505,1463,0
34,44,1554,11,1791,2744,0
34,45,1554,11,1916,1718,0
34,46,1554,11,167,2831,0
34,47,1554,11,2315,236,0
34,48,1554,11,1902,1139,0
34,49,1554,11,1443,2554,0
34,50,1554,11,194,2519,0
34,51,1554,11,301,248,0
34,52,1554,11,934,2502,0
34,53,1554,11,343,1045,0
34,54,1554,11,1542,1250,0
34,55,1554,11,2149,1171,0
34,56,1554,11,2055,1783,0
34,57,1554,11,941,1993,0
34,58,1554,11,123,1452,0
34,59,1554,11,2845,2865,0
34,60,1554,11,1089,2442,0
34,61,1554,11,859,1946,0
34,62,1554,11,1024,191,0
34,63,1554,11,640,1179,0
34,64,1554,11,2225,946,0
34,65,1554,11,349,822,0
34,66,1554,11,826,2377,0
34,67,1554,11,1638,96,1
34,68,1554,11,2727,990,0
34,69,1554,11,2915,1910,0
34,70,1554,11,1406,1407,0
34,71,1554,11,2216,2614,0
34,72,1554,11,1497,453,0
34,73,1554,11,1462,1798,0
34,74,1554,11,1212,215,0
34,75,1554,11,2881,2014,0
34,76,1554,11,32,1929,0
34,77,1554,11,2695,266,0
34,78,1554,11,2042,2855,0
34,79,1554,11,193,1354,0
34,80,1554,11,123,892,0
34,81,1554,11,2391,199,0
34,82,1554,11,738,1556,0
34,83,1554,11,656,1512,0
34,84,1554,11,2081,2886,0
34,85,1554,11,2720,2097,0
34,86,1554,11,2245,1289,0
34,87,1554,11,714,2990,0
34,88,1554,11,2800,641,0
34,89,1554,11,2389,2741,0
34,90,1554,11,538,2170,0
34,91,1554,11,2767,2393,0
34,92,1554,11,1270,693,0
34,93,1554,11,2649,133,0
34,94,1554,11,782,2023,0
34,95,1554,11,551,1308,0
34,96,1554,11,2784,254,0
34,97,1554,11,2443,1306,0
34,98,1554,11,1619,1722,0
34,99,1554,11,508,1060,0
34,100,1554,11,2201,1345,0
34,101,1554,11,2587,861,0
34,102,1554,11,2593,412,0
34,103,1554,11,2995,1976,0
34,104,1554,11,2546,755,0
34,105,1554,11,1384,10,0
34,106,1554,11,1458,697,0
34,107,1554,11,52,2157,0
34,108,1554,11,2017,217,0
34,109,1554,11,2750,1252,0
34,110,1554,11,1972,2182,0
34,111,1554,11,736,1220,0
34,112,1554,11,1701,2178,0
34,113,1554,11,27,769,0
34,114,1554,11,148,1215,0
34,115,1554,11,1308,917,0
34,116,1554,11,579,885,0
34,117,1554,11,2737,2060,0
34,118,1554,11,1739,2828,0
34,119,1554,11,1339,2055,0
34,120,1554,11,1479,618,0
34,121,1554,11,1518,2678,0
34,122,1554,11,2663,2085,0
34,123,1554,11,1536,440,0
34,124,1554,11,2347,485,0
34,125,1554,11,2244,1545,0
34,126,1554,11,1821,2562,0
34,127,1554,11,1162,1754,0
34,128,1554,11,476,1205,0
34,129,1554,11,1692,876,0
34,130,1554,11,300,1205,0
34,131,1554,11,2003,1714,0
34,132,1554,11,381,1336,0
34,133,1554,11,2948,2728,0
34,134,1554,11,1258,2583,0
34,135,1554,11,1121,2987,0
34,136,1554,11,2245,575,0
34,137,1554,11,721,430,0
34,138,1554,11,1441,992,0
34,139,1554,11,2326,2998,0
34,140,1554,11,976,329,0
34,141,1554,11,2900,191,0
34,142,1554,11,1962,1771,0
34,143,1554,11,238,1665,0
34,144,1554,11,295,1936,0
34,145,1554,11,1854,141,0
34,146,1554,11,2927,2918,0
34,147,1554,11,652,2117,0
34,148,1554,11,1281,1593,0
34,149,1554,11,1093,2355,0
34,150,1554,11,821,2889,0
34,151,1554,11,2640,293,0
34,152,1554,11,2213,1092,0
34,153,1554,11,2554,526,0
34,154,1554,11,773,2759,0
34,155,1554,11,2398,2598,0
34,156,1554,11,352,1773,0
34,157,1554,11,136,1123,0
34,158,1554,11,2533,1961,0
34,159,1554,11,1274,2648,0
34,160,1554,11,2856,1016,0
34,161,1554,11,723,68,0
34,162,1554,11,1849,735,0
34,163,1554,11,1750,564,0
34,164,1554,11,21,376,0
34,165,1554,11,2035,939,0
34,166,1554,11,1752,1825,0
34,167,1554,11,2384,871,0
34,168,1554,11,1034,788,0
34,169,1554,11,1867,2645,0
34,170,1554,11,940,504,0
34,171,1554,11,1519,1618,0
34,172,1554,11,1392,2416,0
34,173,1554,11,1843,947,0
34,174,1554,11,1387,1345,0
34,175,1554,11,2479,1210,0
34,176,1554,11,1555,1680,0
34,177,1554,11,160,2470,0
34,178,1554,11,2692,2143,0
34,179,1554,11,158,2357,0
34,180,1554,11,2335,890,0
34,181,1554,11,1761,1075,0
34,182,1554,11,2099,406,0
35,0,1400,2146,1639,2892,0
35,1,1400,2146,1329,745,0
35,2,1400,2146,443,1218,0
35,3,1400,2146,2514,1181,0
35,4,1400,2146,2286,223,0
35,5,1400,2146,595,2408,0
35,6,1400,2146,1383,2289,0
35,7,1400,2146,1795,201,0
35,8,1400,2146,2598,838,0
35,9,1400,2146,813,1715,0
35,10,1400,2146,1135,391,0
35,11,1400,2146,1132,1878,0
35,12,1400,2146,2041,661,0
35,13,1400,2146,1434,670,0
35,14,1400,2146,300,623,0
35,15,1400,2146,1559,2032,0
35,16,1400,2146,1224,2119,0
35,17,1400,2146,838,460,0
35,18,1400,2146,352,2688,0
35,19,1400,2146,2179,352,0
35,20,1400,2146,525,672,0
35,21,1400,2146,1652,2883,0
35,22,1400,2146,1373,2660,0
35,23,1400,2146,2814,1659,0
35,24,1400,2146,1449,1659,0
35,25,1400,2146,2305,1303,0
35,26,1400,2146,769,677,0
35,27,1400,2146,2295,2940,0
35,28,1400,2146,577,2880,0
35,29,1400,2146,1614,2810,0
35,30,1400,2146,47,1395,0
35,31,1400,2146,2664,803,0
35,32,1400,2146,2309,2153,0
35,33,1400,2146,2074,2182,0
35,34,1400,2146,1554,11,0
35,36,1400,2146,1795,740,0
35,37,1400,2146,931,567,0
35,38,1400,2146,1254,1779,0
35,39,1400,2146,45,883,0
35,40,1400,2146,1359,119,0
35,41,1400,2146,2127,1277,0
35,42,1400,2146,2925,1375,0
35,43,1400,2146,2505,1463,0
35,44,1400,2146,1791,2744,0
35,45,1400,2146,1916,1718,0
35,46,1400,2146,167,2831,0
35,47,1400,2146,2315,236,0
35,48,1400,2146,1902,1139,0
35,49,1400,2146,1443,2554,0
35,50,1400,2146,194,2519,0
35,51,1400,2146,301,248,0
35,52,1400,2146,934,2502,0
35,53,1400,2146,343,1045,0
35,54,1400,2146,1542,1250,0
35,55,1400,2146,2149,1171,0
35,56,1400,2146,2055,1783,0
35,57,1400,2146,941,1993,0
35,58,1400,2146,123,1452,0
35,59,1400,2146,2845,2865,0
35,60,1400,2146,1089,2442,0
35,61,1400,2146,859,1946,0
35,62,1400,2146,1024,191,0
35,63,1400,2146,640,1179,0
35,64,1400,2146,2225,946,0
35,65,1400,2146,349,822,0
35,66,1400,2146,826,2377,0
35,67,1400,2146,1638,96,0
35,68,1400,2146,2727,990,0
35,69,1400,2146,2915,1910,0
35,70,1400,2146,1406,1407,0
35,71,1400,2146,2216,2614,0
35,72,1400,2146,1497,453,0
35,73,1400,2146,1462,1798,0
35,74,1400,2146,1212,215,0
35,75,1400,2146,2881,2014,0
35,76,1400,2146,32,1929,0
35,77,1400,2146,2695,266,0
35,78,1400,2146,2042,2855,0
35,79,1400,2146,193,1354,0
35,80,1400,2146,123,892,0
35,81,1400,2146,2391,199,0
35,82,1400,2146,738,1556,0
35,83,1400,2146,656,1512,0
35,84,1400,2146,2081,2886,0
35,85,1400,2146,2720,2097,0
35,86,1400,2146,2245,1289,0
35,87,1400,2146,714,2990,0
35,88,1400,2146,2800,641,0
35,89,1400,2146,2389,2741,0
35,90,1400,2146,538,2170,0
35,91,1400,2146,2767,2393,0
35,92,1400,2146,1270,693,0
35,93,1400,2146,2649,133,0
35,94,1400,2146,782,2023,0
35,95,1400,2146,551,1308,0
35,96,1400,2146,2784,254,0
35,97,1400,2146,2443,1306,0
35,98,1400,2146,1619,1722,0
35,99,1400,2146,508,1060,0
35,100,1400,2146,2201,1345,0
35,101,1400,2146,2587,861,0
35,102,1400,2146,2593,412,0
35,103,1400,2146,2995,1976,0
35,104,1400,2146,2546,755,0
35,105,1400,2146,1384,10,0
35,106,1400,2146,1458,697,0
35,107,1400,2146,52,2157,0
35,108,1400,2146,2017,217,0
35,109,1400,2146,2750,1252,0
35,110,1400,2146,1972,2182,0
35,111,1400,2146,736,1220,0
35,112,1400,2146,1701,2178,0
35,113,1400,2146,27,769,0
35,114,1400,2146,148,1215,0
35,115,1400,2146,1308,917,0
35,116,1400,2146,579,885,0
35,117,1400,2146,2737,2060,0
35,118,1400,2146,1739,2828,0
35,119,1400,2146,1339,2055,1
35,120,1400,2146,1479,618,0
35,121,1400,2146,1518,2678,0
35,122,1400,2146,2663,2085,0
35,123,1400,2146,1536,440,0
35,124,1400,2146,2347,485,0
35,125,1400,2146,2244,1545,0
35,126,1400,2146,1821,2562,0
35,127,1400,2146,1162,1754,0
35,128,1400,2146,476,1205,0
35,129,1400,2146,1692,876,0
35,130,1400,2146,300,1205,0
35,131,1400,2146,2003,1714,0
35,132,1400,2146,381,1336,0
35,133,1400,2146,2948,2728,0
35,134,1400,2146,1258,2583,0
35,135,1400,2146,1121,2987,0
35,136,1400,2146,2245,575,0
35,137,1400,2146,721,430,0
35,138,1400,2146,1441,992,0
35,139,1400,2146,2326,2998,0
35,140,1400,2146,976,329,0
35,141,1400,2146,2900,191,0
35,142,1400,2146,1962,1771,0
35,143,1400,2146,238,1665,0
35,144,1400,2146,295,1936,0
35,145,1400,2146,1854,141,0
35,146,1400,2146,2927,2918,0
35,147,1400,2146,652,2117,0
35,148,1400,2146,1281,1593,0
35,149,1400,2146,1093,2355,0
35,150,1400,2146,821,2889,0
35,151,1400,2146,2640,293,0
35,152,1400,2146,2213,1092,0
35,153,1400,2146,2554,526,0
35,154,1400,2146,773,2759,0
35,155,1400,2146,2398,2598,0
35,156,1400,2146,352,1773,0
35,157,1400,2146,136,1123,0
35,158,1400,2146,2533,1961,0
35,159,1400,2146,1274,2648,0
35,160,1400,2146,2856,1016,0
35,161,1400,2146,723,68,0
35,162,1400,2146,1849,735,0
35,163,1400,2146,1750,564,0
35,164,1400,2146,21,376,0
35,165,1400,2146,2035,939,0
35,166,1400,2146,1752,1825,0
35,167,1400,2146,2384,871,0
35,168,1400,2146,1034,788,0
35,169,1400,2146,1867,2645,0
35,170,1400,2146,940,504,0
35,171,1400,2146,1519,1618,0
35,172,1400,2146,1392,2416,0
35,173,1400,2146,1843,947,0
35,174,1400,2146,1387,1345,0
35,175,1400,2146,2479,1210,0
35,176,1400,2146,1555,1680,0
35,177,1400,2146,160,2470,0
35,178,1400,2146,2692,2143,0
35,179,1400,2146,158,2357,0
35,180,1400,2146,2335,890,0
35,181,1400,2146,1761,1075,0
35,182,1400,2146,2099,406,0
36,0,1795,740,1639,2892,0
36,1,1795,740,1329,745,0
36,2,1795,740,443,1218,0
36,3,1795,740,2514,1181,0
36,4,1795,740,2286,223,0
36,5,1795,740,595,2408,0
36,6,1795,740,1383,2289,0
36,7,1795,740,1795,201,0
36,8,1795,740,2598,838,0
36,9,1795,740,813,1715,0
36,10,1795,740,1135,391,0
36,11,1795,740,1132,1878,0
36,12,1795,740,2041,661,0
36,13,1795,740,1434,670,0
36,14,1795,740,300,623,0
36,15,1795,740,1559,2032,0
36,16,1795,740,1224,2119,0
36,17,1795,740,838,460,0
36,18,1795,740,352,2688,0
36,19,1795,740,2179,352,0
36,20,1795,740,525,672,0
36,21,1795,740,1652,2883,0
36,22,1795,740,1373,2660,0
36,23,1795,740,2814,1659,0
36,24,1795,740,1449,1659,0
36,25,1795,740,2305,1303,0
36,26,1795,740,769,677,0
36,27,1795,740,2295,2940,0
36,28,1795,740,577,2880,0
36,29,1795,740,1614,2810,0
36,30,1795,740,47,1395,0
36,31,1795,740,2664,803,0
36,32,1795,740,2309,2153,0
36,33,1795,740,2074,2182,0
36,34,1795,740,1554,11,0
36,35,1795,740,1400,2146,0
36,37,1795,740,931,567,0
36,38,1795,740,1254,1779,0
36,39,1795,740,45,883,0
36,40,1795,740,1359,119,0
36,41,1795,740,2127,1277,0
36,42,1795,740,2925,1375,0
36,43,1795,740,2505,1463,0
36,44,1795,740,1791,2744,0
36,45,1795,740,1916,1718,0
36,46,1795,740,167,2831,0
36,47,1795,740,2315,236,0
36,48,1795,740,1902,1139,0
36,49,1795,740,1443,2554,0
36,50,1795,740,194,2519,0
36,51,1795,740,301,248,0
36,52,1795,740,934,2502,0
36,53,1795,740,343,1045,0
36,54,1795,740,1542,1250,0
36,55,1795,740,2149,1171,0
36,56,1795,740,2055,1783,0
36,57,1795,740,941,1993,0
36,58,1795,740,123,1452,0
36,59,1795,740,2845,2865,0
36,60,1795,740,1089,2442,0
36,61,1795,740,859,1946,0
36,62,1795,740,1024,191,0
36,63,1795,740,640,1179,0
36,64,1795,740,2225,946,0
36,65,1795,740,349,822,0
36,66,1795,740,826,2377,0
36,67,1795,740,1638,96,0
36,68,1795,740,2727,990,0
36,69,1795,740,2915,1910,0
36,70,1795,740,1406,1407,0
36,71,1795,740,2216,2614,0
36,72,1795,740,1497,453,0
36,73,1795,740,1462,1798,0
36,74,1795,740,1212,215,0
36,75,1795,740,2881,2014,0
36,76,1795,740,32,1929,0
36,77,1795,740,2695,266,0
36,78,1795,740,2042,2855,0
36,79,1795,740,193,1354,0
36,80,1795,740,123,892,0
36,81,1795,740,2391,199,0
36,82,1795,740,738,1556,0
36,83,1795,740,656,1512,0
36,84,1795,740,2081,2886,0
36,85,1795,740,2720,2097,0
36,86,1795,740,2245,1289,0
36,87,1795,740,714,2990,0
36,88,1795,740,2800,641,0
36,89,1795,740,2389,2741,0
36,90,1795,740,538,2170,0
36,91,1795,740,2767,2393,0
36,92,1795,740,1270,693,0
36,93,1795,740,2649,133,0
36,94,1795,740,782,2023,0
36,95,1795,740,551,1308,0
36,96,1795,740,2784,254,0
36,97,1795,740,2443,1306,0
36,98,1795,740,1619,1722,0
36,99,1795,740,508,1060,0
36,100,1795,740,2201,1345,0
36,101,1795,740,2587,861,0
36,102,1795,740,2593,412,0
36,103,1795,740,2995,1976,0
36,104,1795,740,2546,755,0
36,105,1795,740,1384,10,0
36,106,1795,740,1458,697,0
36,107,1795,740,52,2157,0
36,108,1795,740,2017,217,0
36,109,1795,740,2750,1252,0
36,110,1795,740,1972,2182,0
36,111,1795,740,736,1220,0
36,112,1795,740,1701,2178,0
36,113,1795,740,27,769,0
36,114,1795,740,148,1215,0
36,115,1795,740,1308,917,0
36,116,1795,740,579,885,0
36,117,1795,740,2737,2060,0
36,118,1795,740,1739,2828,0
36,119,1795,740,1339,2055,0
36,120,1795,740,1479,618,0
36,121,1795,740,1518,2678,0
36,122,1795,740,2663,2085,0
36,123,1795,740,1536,440,0
36,124,1795,740,2347,485,0
36,125,1795,740,2244,1545,0
36,126,1795,740,1821,2562,0
36,127,1795,740,1162,1754,0
36,128,1795,740,476,1205,0
36,129,1795,740,1692,876,0
36,130,1795,740,300,1205,0
36,131,1795,740,2003,1714,0
36,132,1795,740,381,1336,0
36,133,1795,740,2948,2728,0
36,134,1795,740,1258,2583,0
36,135,1795,740,1121,2987,0
36,136,1795,740,2245,575,0
36,137,1795,740,721,430,0
36,138,1795,740,1441,992,0
36,139,1795,740,2326,2998,0
36,140,1795,740,976,329,0
36,141,1795,740,2900,191,0
36,142,1795,740,1962,1771,0
36,143,1795,740,238,1665,0
36,144,1795,740,295,1936,0
36,145,1795,740,1854,141,0
36,146,1795,740,2927,2918,0
36,147,1795,740,652,2117,0
36,148,1795,740,1281,1593,0
36,149,1795,740,1093,2355,0
36,150,1795,740,821,2889,0
36,151,1795,740,2640,293,0
36,152,1795,740,2213,1092,0
36,153,1795,740,2554,526,0
36,154,1795,740,773,2759,0
36,155,1795,740,2398,2598,0
36,156,1795,740,352,1773,0
36,157,1795,740,136,1123,0
36,158,1795,740,2533,1961,0
36,159,1795,740,1274,2648,0
36,160,1795,740,2856,1016,0
36,161,1795,740,723,68,0
36,162,1795,740,1849,735,0
36,163,1795,740,1750,564,1
36,164,1795,740,21,376,0
36,165,1795,740,2035,939,0
36,166,1795,740,1752,1825,0
36,167,1795,740,2384,871,0
36,168,1795,740,1034,788,0
36,169,1795,740,1867,2645,0
36,170,1795,740,940,504,0
36,171,1795,740,1519,1618,0
36,172,1795,740,1392,2416,0
36,173,1795,740,1843,947,0
36,174,1795,740,1387,1345,0
36,175,1795,740,2479,1210,0
36,176,1795,740,1555,1680,0
36,177,1795,740,160,2470,0
36,178,1795,740,2692,2143,0
36,179,1795,740,158,2357,0
36,180,1795,740,2335,890,0
36,181,1795,740,1761,1075,0
36,182,1795,740,2099,406,0
37,0,931,567,1639,2892,0
37,1,931,567,1329,745,0
37,2,931,567,443,1218,0
37,3,931,567,2514,1181,0
37,4,931,567,2286,223,0
37,5,931,567,595,2408,0
37,6,931,567,1383,2289,0
37,7,931,567,1795,201,0
37,8,931,567,2598,838,0
37,9,931,567,813,1715,0
37,10,931,567,1135,391,0
37,11,931,567,1132,1878,0
37,12,931,567,2041,661,0
37,13,931,567,1434,670,0
37,14,931,567,300,623,0
37,15,931,567,1559,2032,0
37,16,931,567,1224,2119,0
37,17,931,567,838,460,0
37,18,931,567,352,2688,0
37,19,931,567,2179,352,0
37,20,931,567,525,672,0
37,21,931,567,1652,2883,0
37,22,931,567,1373,2660,0
37,23,931,567,2814,1659,0
37,24,931,567,1449,1659,0
37,25,931,567,2305,1303,0
37,26,931,567,769,677,0
37,27,931,567,2295,2940,0
37,28,931,567,577,2880,0
37,29,931,567,1614,2810,0
37,30,931,567,47,1395,0
37,31,931,567,2664,803,0
37,32,931,567,2309,2153,0
37,33,931,567,2074,2182,0
37,34,931,567,1554,11,0
37,35,931,567,1400,2146,0
37,36,931,567,1795,740,0
37,38,931,567,1254,1779,0
37,39,931,567,45,883,0
37,40,931,567,1359,119,0
37,41,931,567,2127,1277,0
37,42,931,567,2925,1375,0
37,43,931,567,2505,1463,0
37,44,931,567,1791,2744,0
37,45,931,567,1916,1718,0
37,46,931,567,167,2831,0
37,47,931,567,2315,236,0
37,48,931,567,1902,1139,0
37,49,931,567,1443,2554,0
37,50,931,567,194,2519,0
37,51,931,567,301,248,0
37,52,931,567,934,2502,0
37,53,931,567,343,1045,0
37,54,931,567,1542,1250,0
37,55,931,567,2149,1171,0
37,56,931,567,2055,1783,0
37,57,931,567,941,1993,0
37,58,931,567,123,1452,0
37,59,931,567,2845,2865,0
37,60,931,567,1089,2442,0
37,61,931,567,859,1946,0
37,62,931,567,1024,191,0
37,63,931,567,640,1179,0
37,64,931,567,2225,946,0
37,65,931,567,349,822,0
37,66,931,567,826,2377,0
37,67,931,567,1638,96,0
37,68,931,567,2727,990,0
37,69,931,567,2915,1910,0
37,70,931,567,1406,1407,0
37,71,931,567,2216,2614,0
37,72,931,567,1497,453,0
37,73,931,567,1462,1798,0
37,74,931,567,1212,215,0
37,75,931,567,2881,2014,0
37,76,931,567,32,1929,0
37,77,931,567,2695,266,0
37,78,931,567,2042,2855,0
37,79,931,567,193,1354,0
37,80,931,567,123,892,0
37,81,931,567,2391,199,0
37,82,931,567,738,1556,0
37,83,931,567,656,1512,0
37,84,931,567,2081,2886,0
37,85,931,567,2720,2097,0
37,86,931,567,2245,1289,0
37,87,931,567,714,2990,0
37,88,931,567,2800,641,0
37,89,931,567,2389,2741,0
37,90,931,567,538,2170,0
37,91,931,567,2767,2393,0
37,92,931,567,1270,693,0
37,93,931,567,2649,133,0
37,94,931,567,782,2023,0
37,95,931,567,551,1308,0
37,96,931,567,2784,254,0
37,97,931,567,2443,1306,0
37,98,931,567,1619,1722,0
37,99,931,567,508,1060,0
37,100,931,567,2201,1345,0
37,101,931,567,2587,861,0
37,102,931,567,2593,412,0
37,103,931,567,2995,1976,0
37,104,931,567,2546,755,0
37,105,931,567,1384,10,0
37,106,931,567,1458,697,0
37,107,931,567,52,2157,0
37,108,931,567,2017,217,0
37,109,931,567,2750,1252,0
37,110,931,567,1972,2182,0
37,111,931,567,736,1220,0
37,112,931,567,1701,2178,0
37,113,931,567,27,769,0
37,114,931,567,148,1215,0
37,115,931,567,1308,917,0
37,116,931,567,579,885,0
37,117,931,567,2737,2060,0
37,118,931,567,1739,2828,0
37,119,931,567,1339,2055,0
37,120,931,567,1479,618,0
37,121,931,567,1518,2678,0
37,122,931,567,2663,2085,0
37,123,931,567,1536,440,0
37,124,931,567,2347,485,0
37,125,931,567,2244,1545,0
37,126,931,567,1821,2562,0
37,127,931,567,1162,1754,0
37,128,931,567,476,1205,0
37,129,931,567,1692,876,0
37,130,931,567,300,1205,0
37,131,931,567,2003,1714,0
37,132,931,567,381,1336,0
37,133,931,567,2948,2728,0
37,134,931,567,1258,2583,0
37,135,931,567,1121,2987,0
37,136,931,567,2245,575,0
37,137,931,567,721,430,0
37,138,931,567,1441,992,0
37,139,931,567,2326,2998,0
37,140,931,567,976,329,0
37,141,931,567,2900,191,0
37,142,931,567,1962,1771,0
37,143,931,567,238,1665,0
37,144,931,567,295,1936,0
37,145,931,567,1854,141,0
37,146,931,567,2927,2918,0
37,147,931,567,652,2117,0
37,148,931,567,1281,1593,0
37,149,931,567,1093,2355,0
37,150,931,567,821,2889,0
37,151,931,567,2640,293,0
37,152,931,567,2213,1092,0
37,153,931,567,2554,526,0
37,154,931,567,773,2759,0
37,155,931,567,2398,2598,0
37,156,931,567,352,1773,0
37,157,931,567,136,1123,0
37,158,931,567,2533,1961,0
37,159,931,567,1274,2648,0
37,160,931,567,2856,1016,0
37,161,931,567,723,68,0
37,162,931,567,1849,735,0
37,163,931,567,1750,564,0
37,164,931,567,21,376,0
37,165,931,567,2035,939,0
37,166,931,567,1752,1825,0
37,167,931,567,2384,871,0
37,168,931,567,1034,788,0
37,169,931,567,1867,2645,0
37,170,931,567,940,504,1
37,171,931,567,1519,1618,0
37,172,931,567,1392,2416,0
37,173,931,567,1843,947,0
37,174,931,567,1387,1345,0
37,175,931,567,2479,1210,0
37,176,931,567,1555,1680,0
37,177,931,567,160,2470,0
37,178,931,567,2692,2143,0
37,179,931,567,158,2357,0
37,180,931,567,2335,890,0
37,181,931,567,1761,1075,0
37,182,931,567,2099,406,0
38,0,1254,1779,1639,2892,0
38,1,1254,1779,1329,745,0
38,2,1254,1779,443,1218,0
38,3,1254,1779,2514,1181,0
38,4,1254,1779,2286,223,0
38,5,1254,1779,595,2408,0
38,6,1254,1779,1383,2289,0
38,7,1254,1779,1795,201,0
38,8,1254,1779,2598,838,0
38,9,1254,1779,813,1715,0
38,10,1254,1779,1135,391,0
38,11,1254,1779,1132,1878,0
38,12,1254,1779,2041,661,0
38,13,1254,1779,1434,670,0
38,14,1254,1779,300,623,0
38,15,1254,1779,1559,2032,0
38,16,1254,1779,1224,2119,0
38,17,1254,1779,838,460,0
38,18,1254,1779,352,2688,0
38,19,1254,1779,2179,352,0
38,20,1254,1779,525,672,0
38,21,1254,1779,1652,2883,0
38,22,1254,1779,1373,2660,0
38,23,1254,1779,2814,1659,0
38,24,1254,1779,1449,1659,0
38,25,1254,1779,2305,1303,0
38,26,1254,1779,769,677,0
38,27,1254,1779,2295,2940,0
38,28,1254,1779,577,2880,0
38,29,1254,1779,1614,2810,0
38,30,1254,1779,47,1395,0
38,31,1254,1779,2664,803,0
38,32,1254,1779,2309,2153,0
38,33,1254,1779,2074,2182,0
38,34,1254,1779,1554,11,0
38,35,1254,1779,1400,2146,0
38,36,1254,1779,1795,740,0
38,37,1254,1779,931,567,0
38,39,1254,1779,45,883,0
38,40,1254,1779,1359,119,0
38,41,1254,1779,2127,1277,0
38,42,1254,1779,2925,1375,0
38,43,1254,1779,2505,1463,0
38,44,1254,1779,1791,2744,0
38,45,1254,1779,1916,1718,0
38,46,1254,1779,167,2831,0
38,47,1254,1779,2315,236,0
38,48,1254,1779,1902,1139,0
38,49,1254,1779,1443,2554,0
38,50,1254,1779,194,2519,0
38,51,1254,1779,301,248,0
38,52,1254,1779,934,2502,0
38,53,1254,1779,343,1045,0
38,54,1254,1779,1542,1250,0
38,55,1254,1779,2149,1171,0
38,56,1254,1779,2055,1783,0
38,57,1254,1779,941,1993,0
38,58,1254,1779,123,1452,0
38,59,1254,1779,2845,2865,0
38,60,1254,1779,1089,2442,0
38,61,1254,1779,859,1946,0
38,62,1254,1779,1024,191,0
38,63,1254,1779,640,1179,0
38,64,1254,1779,2225,946,0
38,65,1254,1779,349,822,0
38,66,1254,1779,826,2377,0
38,67,1254,1779,1638,96,0
38,68,1254,1779,2727,990,0
38,69,1254,1779,2915,1910,0
38,70,1254,1779,1406,1407,0
38,71,1254,1779,2216,2614,0
38,72,1254,1779,1497,453,0
38,73,1254,1779,1462,1798,0
38,74,1254,1779,1212,215,0
38,75,1254,1779,2881,2014,0
38,76,1254,1779,32,1929,0
38,77,1254,1779,2695,266,0
38,78,1254,1779,2042,2855,0
38,79,1254,1779,193,1354,0
38,80,1254,1779,123,892,0
38,81,1254,1779,2391,199,0
38,82,1254,1779,738,1556,0
38,83,1254,1779,656,1512,0
38,84,1254,1779,2081,2886,0
38,85,1254,1779,2720,2097,0
38,86,1254,1779,2245,1289,0
38,87,1254,1779,714,2990,0
38,88,1254,1779,2800,641,0
38,89,1254,1779,2389,2741,0
38,90,1254,1779,538,2170,0
38,91,1254,1779,2767,2393,0
38,92,1254,1779,1270,693,0
38,93,1254,1779,2649,133,0
38,94,1254,1779,782,2023,0
38,95,1254,1779,551,1308,0
38,96,1254,1779,2784,254,0
38,97,1254,1779,2443,1306,0
38,98,1254,1779,1619,1722,0
38,99,1254,1779,508,1060,0
38,100,1254,1779,2201,1345,0
38,101,1254,1779,2587,861,0
38,102,1254,1779,2593,412,0
38,103,1254,1779,2995,1976,0
38,104,1254,1779,2546,755,0
38,105,1254,1779,1384,10,0
38,106,1254,1779,1458,697,0
38,107,1254,1779,52,2157,0
38,108,1254,1779,2017,217,0
38,109,1254,1779,2750,1252,0
38,110,1254,1779,1972,2182,0
38,111,1254,1779,736,1220,0
38,112,1254,1779,1701,2178,0
38,113,1254,1779,27,769,0
38,114,1254,1779,148,1215,0
38,115,1254,1779,1308,917,0
38,116,1254,1779,579,885,0
38,117,1254,1779,2737,2060,0
38,118,1254,1779,1739,2828,0
38,119,1254,1779,1339,2055,0
38,120,1254,1779,1479,618,0
38,121,1254,1779,1518,2678,0
38,122,1254,1779,2663,2085,0
38,123,1254,1779,1536,440,0
38,124,1254,1779,2347,485,0
38,125,1254,1779,2244,1545,0
38,126,1254,1779,1821,2562,0
38,127,1254,1779,1162,1754,0
38,128,1254,1779,476,1205,0
38,129,1254,1779,1692,876,0
38,130,1254,1779,300,1205,0
38,131,1254,1779,2003,1714,0
38,132,1254,1779,381,1336,0
38,133,1254,1779,2948,2728,0
38,134,1254,1779,1258,2583,0
38,135,1254,1779,1121,2987,0
38,136,1254,1779,2245,575,0
38,137,1254,1779,721,430,0
38,138,1254,1779,1441,992,0
38,139,1254,1779,2326,2998,0
38,140,1254,1779,976,329,0
38,141,1254,1779,2900,191,0
38,142,1254,1779,1962,1771,0
38,143,1254,1779,238,1665,0
38,144,1254,1779,295,1936,0
38,145,1254,1779,1854,141,0
38,146,1254,1779,2927,2918,0
38,147,1254,1779,652,2117,0
38,148,1254,1779,1281,1593,1
38,149,1254,1779,1093,2355,0
38,150,1254,1779,821,2889,0
38,151,1254,1779,2640,293,0
38,152,1254,1779,2213,1092,0
38,153,1254,1779,2554,526,0
38,154,1254,1779,773,2759,0
38,155,1254,1779,2398,2598,0
38,156,1254,1779,352,1773,0
38,157,1254,1779,136,1123,0
38,158,1254,1779,2533,1961,0
38,159,1254,1779,1274,2648,0
38,160,1254,1779,2856,1016,0
38,161,1254,1779,723,68,0
38,162,1254,1779,1849,735,0
38,163,1254,1779,1750,564,0
38,164,1254,1779,21,376,0
38,165,1254,1779,2035,939,0
38,166,1254,1779,1752,1825,0
38,167,1254,1779,2384,871,0
38,168,1254,1779,1034,788,0
38,169,1254,1779,1867,2645,0
38,170,1254,1779,940,504,0
38,171,1254,1779,1519,1618,0
38,172,1254,1779,1392,2416,0
38,173,1254,1779,1843,947,0
38,174,1254,1779,1387,1345,0
38,175,1254,1779,2479,1210,0
38,176,1254,1779,1555,1680,0
38,177,1254,1779,160,2470,0
38,178,1254,1779,2692,2143,0
38,179,1254,1779,158,2357,0
38,180,1254,1779,2335,890,0
38,181,1254,1779,1761,1075,0
38,182,1254,1779,2099,406,0
39,0,45,883,1639,2892,0
39,1,45,883,1329,745,0
39,2,45,883,443,1218,0
39,3,45,883,2514,1181,0
39,4,45,883,2286,223,0
39,5,45,883,595,2408,0
39,6,45,883,1383,2289,0
39,7,45,883,1795,201,0
39,8,45,883,2598,838,0
39,9,45,883,813,1715,0
39,10,45,883,1135,391,0
39,11,45,883,1132,1878,0
39,12,45,883,2041,661,0
39,13,45,883,1434,670,0
39,14,45,883,300,623,0
39,15,45,883,1559,2032,0
39,16,45,883,1224,2119,0
39,17,45,883,838,460,0
39,18,45,883,352,2688,0
39,19,45,883,2179,352,0
39,20,45,883,525,672,0
39,21,45,883,1652,2883,0
39,22,45,883,1373,2660,0
39,23,45,883,2814,1659,0
39,24,45,883,1449,1659,0
39,25,45,883,2305,1303,0
39,26,45,883,769,677,0
39,27,45,883,2295,2940,0
39,28,45,883,577,2880,0
39,29,45,883,1614,2810,0
39,30,45,883,47,1395,0
39,31,45,883,2664,803,0
39,32,45,883,2309,2153,0
39,33,45,883,2074,2182,0
39,34,45,883,1554,11,0
39,35,45,883,1400,2146,0
39,36,45,883,1795,740,0
39,37,45,883,931,567,0
39,38,45,883,1254,1779,0
39,40,45,883,1359,119,0
39,41,45,883,2127,1277,0
39,42,45,883,2925,1375,0
39,43,45,883,2505,1463,0
39,44,45,883,1791,2744,0
39,45,45,883,1916,1718,0
39,46,45,883,167,2831,0
39,47,45,883,2315,236,0
39,48,45,883,1902,1139,0
39,49,45,883,1443,2554,0
39,50,45,883,194,2519,0
39,51,45,883,301,248,0
39,52,45,883,934,2502,0
39,53,45,883,343,1045,0
39,54,45,883,1542,1250,0
39,55,45,883,2149,1171,0
39,56,45,883,2055,1783,0
39,57,45,883,941,1993,0
39,58,45,883,123,1452,0
39,59,45,883,2845,2865,0
39,60,45,883,1089,2442,0
39,61,45,883,859,1946,0
39,62,45,883,1024,191,0
39,63,45,883,640,1179,0
39,64,45,883,2225,946,0
39,65,45,883,349,822,0
39,66,45,883,826,2377,0
39,67,45,883,1638,96,0
39,68,45,883,2727,990,0
39,69,45,883,2915,1910,0
39,70,45,883,1406,1407,0
39,71,45,883,2216,2614,0
39,72,45,883,1497,453,0
39,73,45,883,1462,1798,0
39,74,45,883,1212,215,0
39,75,45,883,2881,2014,0
39,76,45,883,32,1929,0
39,77,45,883,2695,266,0
39,78,45,883,2042,2855,0
39,79,45,883,193,1354,0
39,80,45,883,123,892,0
39,81,45,883,2391,199,0
39,82,45,883,738,1556,0
39,83,45,883,656,1512,0
39,84,45,883,2081,2886,0
39,85,45,883,2720,2097,0
39,86,45,883,2245,1289,0
39,87,45,883,714,2990,0
39,88,45,883,2800,641,0
39,89,45,883,2389,2741,0
39,90,45,883,538,2170,0
39,91,45,883,2767,2393,0
39,92,45,883,1270,693,0
39,93,45,883,2649,133,0
39,94,45,883,782,2023,0
39,95,45,883,551,1308,0
39,96,45,883,2784,254,0
39,97,45,883,2443,1306,0
39,98,45,883,1619,1722,0
39,99,45,883,508,1060,0
39,100,45,883,2201,1345,0
39,101,45,883,2587,861,0
39,102,45,883,2593,412,0
39,103,45,883,2995,1976,0
39,104,45,883,2546,755,0
39,105,45,883,1384,10,0
39,106,45,883,1458,697,0
39,107,45,883,52,2157,0
39,108,45,883,2017,217,0
39,109,45,883,2750,1252,0
39,110,45,883,1972,2182,0
39,111,45,883,736,1220,0
39,112,45,883,1701,2178,0
39,113,45,883,27,769,1
39,114,45,883,148,1215,0
39,115,45,883,1308,917,0
39,116,45,883,579,885,0
39,117,45,883,2737,2060,0
39,118,45,883,1739,2828,0
39,119,45,883,1339,2055,0
39,120,45,883,1479,618,0
39,121,45,883,1518,2678,0
39,122,45,883,2663,2085,0
39,123,45,883,1536,440,0
39,124,45,883,2347,485,0
39,125,45,883,2244,1545,0
39,126,45,883,1821,2562,0
39,127,45,883,1162,1754,0
39,128,45,883,476,1205,0
39,129,45,883,1692,876,0
39,130,45,883,300,1205,0
39,131,45,883,2003,1714,0
39,132,45,883,381,1336,0
39,133,45,883,2948,2728,0
39,134,45,883,1258,2583,0
39,135,45,883,1121,2987,0
39,136,45,883,2245,575,0
39,137,45,883,721,430,0
39,138,45,883,1441,992,0
39,139,45,883,2326,2998,0
39,140,45,883,976,329,0
39,141,45,883,2900,191,0
39,142,45,883,1962,1771,0
39,143,45,883,238,1665,0
39,144,45,883,295,1936,0
39,145,45,883,1854,141,0
39,146,45,883,2927,2918,0
39,147,45,883,652,2117,0
39,148,45,883,1281,1593,0
39,149,45,883,1093,2355,0
39,150,45,883,821,2889,0
39,151,45,883,2640,293,0
39,152,45,883,2213,1092,0
39,153,45,883,2554,526,0
39,154,45,883,773,2759,0
39,155,45,883,2398,2598,0
39,156,45,883,352,1773,0
39,157,45,883,136,1123,0
39,158,45,883,2533,1961,0
39,159,45,883,1274,2648,0
39,160,45,883,2856,1016,0
39,161,45,883,723,68,0
39,162,45,883,1849,735,0
39,163,45,883,1750,564,0
39,164,45,883,21,376,0
39,165,45,883,2035,939,0
39,166,45,883,1752,1825,0
39,167,45,883,2384,871,0
39,168,45,883,1034,788,0
39,169,45,883,1867,2645,0
39,170,45,883,940,504,0
39,171,45,883,1519,1618,0
39,172,45,883,1392,2416,0
39,173,45,883,1843,947,0
39,174,45,883,1387,1345,0
39,175,45,883,2479,1210,0
39,176,45,883,1555,1680,0
39,177,45,883,160,2470,0
39,178,45,883,2692,2143,0
39,179,45,883,158,2357,0
39,180,45,883,2335,890,0
39,181,45,883,1761,1075,0
39,182,45,883,2099,406,0
40,0,1359,119,1639,2892,0
40,1,1359,119,1329,745,0
40,2,1359,119,443,1218,0
40,3,1359,119,2514,1181,0
40,4,1359,119,2286,223,0
40,5,1359,119,595,2408,0
40,6,1359,119,1383,2289,0
40,7,1359,119,1795,201,0
40,8,1359,119,2598,838,0
40,9,1359,119,813,1715,0
40,10,1359,119,1135,391,0
40,11,1359,119,1132,1878,0
40,12,1359,119,2041,661,0
40,13,1359,119,1434,670,0
40,14,1359,119,300,623,0
40,15,1359,119,1559,2032,0
40,16,1359,119,1224,2119,0
40,17,1359,119,838,460,0
40,18,1359,119,352,2688,0
40,19,1359,119,2179,352,0
40,20,1359,119,525,672,0
40,21,1359,119,1652,2883,0
40,22,1359,119,1373,2660,0
40,23,1359,119,2814,1659,0
40,24,1359,119,1449,1659,0
40,25,1359,119,2305,1303,0
40,26,1359,119,769,677,0
40,27,1359,119,2295,2940,0
40,28,1359,119,577,2880,0
40,29,1359,119,1614,2810,0
40,30,1359,119,47,1395,0
40,31,1359,119,2664,803,0
40,32,1359,119,2309,2153,0
40,33,1359,119,2074,2182,0
40,34,1359,119,1554,11,0
40,35,1359,119,1400,2146,0
40,36,1359,119,1795,740,0
40,37,1359,119,931,567,0
40,38,1359,119,1254,1779,0
40,39,1359,119,45,883,0
40,41,1359,119,2127,1277,0
40,42,1359,119,2925,1375,0
40,43,1359,119,2505,1463,0
40,44,1359,119,1791,2744,0
40,45,1359,119,1916,1718,0
40,46,1359,119,167,2831,0
40,47,1359,119,2315,236,0
40,48,1359,119,1902,1139,0
40,49,1359,119,1443,2554,0
40,50,1359,119,194,2519,0
40,51,1359,119,301,248,0
40,52,1359,119,934,2502,0
40,53,1359,119,343,1045,0
40,54,1359,119,1542,1250,0
40,55,1359,119,2149,1171,0
40,56,1359,119,2055,1783,0
40,57,1359,119,941,1993,0
40,58,1359,119,123,1452,0
40,59,1359,119,2845,2865,0
40,60,1359,119,1089,2442,0
40,61,1359,119,859,1946,0
40,62,1359,119,1024,191,0
40,63,1359,119,640,1179,0
40,64,1359,119,2225,946,0
40,65,1359,119,349,822,0
40,66,1359,119,826,2377,0
40,67,1359,119,1638,96,0
40,68,1359,119,2727,990,0
40,69,1359,119,2915,1910,0
40,70,1359,119,1406,1407,0
40,71,1359,119,2216,2614,0
40,72,1359,119,1497,453,0
40,73,1359,119,1462,1798,0
40,74,1359,119,1212,215,0
40,75,1359,119,2881,2014,0
40,76,1359,119,32,1929,0
40,77,1359,119,2695,266,0
40,78,1359,119,2042,2855,0
40,79,1359,119,193,1354,0
40,80,1359,119,123,892,0
40,81,1359,119,2391,199,0
40,82,1359,119,738,1556,0
40,83,1359,119,656,1512,0
40,84,1359,119,2081,2886,0
40,85,1359,119,2720,2097,0
40,86,1359,119,2245,1289,0
40,87,1359,119,714,2990,0
40,88,1359,119,2800,641,0
40,89,1359,119,2389,2741,0
40,90,1359,119,538,2170,0
40,91,1359,119,2767,2393,0
40,92,1359,119,1270,693,0
40,93,1359,119,2649,133,0
40,94,1359,119,782,2023,0
40,95,1359,119,551,1308,0
40,96,1359,119,2784,254,0
40,97,1359,119,2443,1306,0
40,98,1359,119,1619,1722,0
40,99,1359,119,508,1060,0
40,100,1359,119,2201,1345,0
40,101,1359,119,2587,861,0
40,102,1359,119,2593,412,0
40,103,1359,119,2995,1976,0
40,104,1359,119,2546,755,0
40,105,1359,119,1384,10,1
40,106,1359,119,1458,697,0
40,107,1359,119,52,2157,0
40,108,1359,119,2017,217,0
40,109,1359,119,2750,1252,0
40,110,1359,119,1972,2182,0
40,111,1359,119,736,1220,0
40,112,1359,119,1701,2178,0
40,113,1359,119,27,769,0
40,114,1359,119,148,1215,0
40,115,1359,119,1308,917,0
40,116,1359,119,579,885,0
40,117,1359,119,2737,2060,0
40,118,1359,119,1739,2828,0
40,119,1359,119,1339,2055,0
40,120,1359,119,1479,618,0
40,121,1359,119,1518,2678,0
40,122,1359,119,2663,2085,0
40,123,1359,119,1536,440,0
40,124,1359,119,2347,485,0
40,125,1359,119,2244,1545,0
40,126,1359,119,1821,2562,0
40,127,1359,119,1162,1754,0
40,128,1359,119,476,1205,0
40,129,1359,119,1692,876,0
40,130,1359,119,300,1205,0
40,131,1359,119,2003,1714,0
40,132,1359,119,381,1336,0
40,133,1359,119,2948,2728,0
40,134,1359,119,1258,2583,0
40,135,1359,119,1121,2987,0
40,136,1359,119,2245,575,0
40,137,1359,119,721,430,0
40,138,1359,119,1441,992,0
40,139,1359,119,2326,2998,0
40,140,1359,119,976,329,0
40,141,1359,119,2900,191,0
40,142,1359,119,1962,1771,0
40,143,1359,119,238,1665,0
40,144,1359,119,295,1936,0
40,145,1359,119,1854,141,0
40,146,1359,119,2927,2918,0
40,147,1359,119,652,2117,0
40,148,1359,119,1281,1593,0
40,149,1359,119,1093,2355,0
40,150,1359,119,821,2889,0
40,151,1359,119,2640,293,0
40,152,1359,119,2213,1092,0
40,153,1359,119,2554,526,0
40,154,1359,119,773,2759,0
40,155,1359,119,2398,2598,0
40,156,1359,119,352,1773,0
40,157,1359,119,136,1123,0
40,158,1359,119,2533,1961,0
40,159,1359,119,1274,2648,0
40,160,1359,119,2856,1016,0
40,161,1359,119,723,68,0
40,162,1359,119,1849,735,0
40,163,1359,119,1750,564,0
40,164,1359,119,21,376,0
40,165,1359,119,2035,939,0
40,166,1359,119,1752,1825,0
40,167,1359,119,2384,871,0
40,168,1359,119,1034,788,0
40,169,1359,119,1867,2645,0
40,170,1359,119,940,504,0
40,171,1359,119,1519,1618,0
40,172,1359,119,1392,2416,0
40,173,1359,119,1843,947,0
40,174,1359,119,1387,1345,0
40,175,1359,119,2479,1210,0
40,176,1359,119,1555,1680,0
40,177,1359,119,160,2470,0
40,178,1359,119,2692,2143,0
40,179,1359,119,158,2357,0
40,180,1359,119,2335,890,0
40,181,1359,119,1761,1075,0
40,182,1359,119,2099,406,0
41,0,2127,1277,1639,2892,0
41,1,2127,1277,1329,745,0
41,2,2127,1277,443,1218,0
41,3,2127,1277,2514,1181,0
41,4,2127,1277,2286,223,0
41,5,2127,1277,595,2408,0
41,6,2127,1277,1383,2289,0
41,7,2127,1277,1795,201,0
41,8,2127,1277,2598,838,0
41,9,2127,1277,813,1715,0
41,10,2127,1277,1135,391,0
41,11,2127,1277,1132,1878,0
41,12,2127,1277,2041,661,0
41,13,2127,1277,1434,670,0
41,14,2127,1277,300,623,0
41,15,2127,1277,1559,2032,0
41,16,2127,1277,1224,2119,0
41,17,2127,1277,838,460,0
41,18,2127,1277,352,2688,0
41,19,2127,1277,2179,352,0
41,20,2127,1277,525,672,0
41,21,2127,1277,1652,2883,0
41,22,2127,1277,1373,2660,0
41,23,2127,1277,2814,1659,0
41,24,2127,1277,1449,1659,0
41,25,2127,1277,2305,1303,0
41,26,2127,1277,769,677,0
41,27,2127,1277,2295,2940,0
41,28,2127,1277,577,2880,0
41,29,2127,1277,1614,2810,0
41,30,2127,1277,47,1395,0
41,31,2127,1277,2664,803,0
41,32,2127,1277,2309,2153,0
41,33,2127,1277,2074,2182,0
41,34,2127,1277,1554,11,0
41,35,2127,1277,1400,2146,0
41,36,2127,1277,1795,740,0
41,37,2127,1277,931,567,0
41,38,2127,1277,1254,1779,0
41,39,2127,1277,45,883,0
41,40,2127,1277,1359,119,0
41,42,2127,1277,2925,1375,0
41,43,2127,1277,2505,1463,0
41,44,2127,1277,1791,2744,0
41,45,2127,1277,1916,1718,0
41,46,2127,1277,167,2831,0
41,47,2127,1277,2315,236,0
41,48,2127,1277,1902,1139,0
41,49,2127,1277,1443,2554,0
41,50,2127,1277,194,2519,0
41,51,2127,1277,301,248,0
41,52,2127,1277,934,2502,0
41,53,2127,1277,343,1045,0
41,54,2127,1277,1542,1250,0
41,55,2127,1277,2149,1171,0
41,56,2127,1277,2055,1783,0
41,57,2127,1277,941,1993,0
41,58,2127,1277,123,1452,0
41,59,2127,1277,2845,2865,0
41,60,2127,1277,1089,2442,0
41,61,2127,1277,859,1946,0
41,62,2127,1277,1024,191,0
41,63,2127,1277,640,1179,0
41,64,2127,1277,2225,946,0
41,65,2127,1277,349,822,0
41,66,2127,1277,826,2377,0
41,67,2127,1277,1638,96,0
41,68,2127,1277,2727,990,0
41,69,2127,1277,2915,1910,0
41,70,2127,1277,1406,1407,0
41,71,2127,1277,2216,2614,0
41,72,2127,1277,1497,453,0
41,73,2127,1277,1462,1798,0
41,74,2127,1277,1212,215,0
41,75,2127,1277,2881,2014,0
41,76,2127,1277,32,1929,0
41,77,2127,1277,2695,266,0
41,78,2127,1277,2042,2855,0
41,79,2127,1277,193,1354,0
41,80,2127,1277,123,892,0
41,81,2127,1277,2391,199,0
41,82,2127,1277,738,1556,0
41,83,2127,1277,656,1512,0
41,84,2127,1277,2081,2886,0
41,85,2127,1277,2720,2097,0
41,86,2127,1277,2245,1289,0
41,87,2127,1277,714,2990,0
41,88,2127,1277,2800,641,0
41,89,2127,1277,2389,2741,0
41,90,2127,1277,538,2170,0
41,91,2127,1277,2767,2393,0
41,92,2127,1277,1270,693,0
41,93,2127,1277,2649,133,0
41,94,2127,1277,782,2023,0
41,95,2127,1277,551,1308,0
41,96,2127,1277,2784,254,0
41,97,2127,1277,2443,1306,0
41,98,2127,1277,1619,1722,0
41,99,2127,1277,508,1060,0
41,100,2127,1277,2201,1345,1
41,101,2127,1277,2587,861,0
41,102,2127,1277,2593,412,0
41,103,2127,1277,2995,1976,0
41,104,2127,1277,2546,755,0
41,105,2127,1277,1384,10,0
41,106,2127,1277,1458,697,0
41,107,2127,1277,52,2157,0
41,108,2127,1277,2017,217,0
41,109,2127,1277,2750,1252,0
41,110,2127,1277,1972,2182,0
41,111,2127,1277,736,1220,0
41,112,2127,1277,1701,2178,0
41,113,2127,1277,27,769,0
41,114,2127,1277,148,1215,0
41,115,2127,1277,1308,917,0
41,116,2127,1277,579,885,0
41,117,2127,1277,2737,2060,0
41,118,2127,1277,1739,2828,0
41,119,2127,1277,1339,2055,0
41,120,2127,1277,1479,618,0
41,121,2127,1277,1518,2678,0
41,122,2127,1277,2663,2085,0
41,123,2127,1277,1536,440,0
41,124,2127,1277,2347,485,0
41,125,2127,1277,2244,1545,0
41,126,2127,1277,1821,2562,0
41,127,2127,1277,1162,1754,0
41,128,2127,1277,476,1205,0
41,129,2127,1277,1692,876,0
41,130,2127,1277,300,1205,0
41,131,2127,1277,2003,1714,0
41,132,2127,1277,381,1336,0
41,133,2127,1277,2948,2728,0
41,134,2127,1277,1258,2583,0
41,135,2127,1277,1121,2987,0
41,136,2127,1277,2245,575,0
41,137,2127,1277,721,430,0
41,138,2127,1277,1441,992,0
41,139,2127,1277,2326,2998,0
41,140,2127,1277,976,329,0
41,141,2127,1277,2900,191,0
41,142,2127,1277,1962,1771,0
41,143,2127,1277,238,1665,0
41,144,2127,1277,295,1936,0
41,145,2127,1277,1854,141,0
41,146,2127,1277,2927,2918,0
41,147,2127,1277,652,2117,0
41,148,2127,1277,1281,1593,0
41,149,2127,1277,1093,2355,0
41,150,2127,1277,821,2889,0
41,151,2127,1277,2640,293,0
41,152,2127,1277,2213,1092,0
41,153,2127,1277,2554,526,0
41,154,2127,1277,773,2759,0
41,155,2127,1277,2398,2598,0
41,156,2127,1277,352,1773,0
41,157,2127,1277,136,1123,0
41,158,2127,1277,2533,1961,0
41,159,2127,1277,1274,2648,0
41,160,2127,1277,2856,1016,0
41,161,2127,1277,723,68,0
41,162,2127,1277,1849,735,0
41,163,2127,1277,1750,564,0
41,164,2127,1277,21,376,0
41,165,2127,1277,2035,939,0
41,166,2127,1277,1752,1825,0
41,167,2127,1277,2384,871,0
41,168,2127,1277,1034,788,0
41,169,2127,1277,1867,2645,0
41,170,2127,1277,940,504,0
41,171,2127,1277,1519,1618,0
41,172,2127,1277,1392,2416,0
41,173,2127,1277,1843,947,0
41,174,2127,1277,1387,1345,0
41,175,2127,1277,2479,1210,0
41,176,2127,1277,1555,1680,0
41,177,2127,1277,160,2470,0
41,178,2127,1277,2692,2143,0
41,179,2127,1277,158,2357,0
41,180,2127,1277,2335,890,0
41,181,2127,1277,1761,1075,0
41,182,2127,1277,2099,406,0
42,0,2925,1375,1639,2892,0
42,1,2925,1375,1329,745,0
42,2,2925,1375,443,1218,0
42,3,2925,1375,2514,1181,0
42,4,2925,1375,2286,223,0
42,5,2925,1375,595,2408,0
42,6,2925,1375,1383,2289,0
42,7,2925,1375,1795,201,0
42,8,2925,1375,2598,838,0
42,9,2925,1375,813,1715,0
42,10,2925,1375,1135,391,0
42,11,2925,1375,1132,1878,0
42,12,2925,1375,2041,661,0
42,13,2925,1375,1434,670,0
42,14,2925,1375,300,623,0
42,15,2925,1375,1559,2032,0
42,16,2925,1375,1224,2119,0
42,17,2925,1375,838,460,0
42,18,2925,1375,352,2688,0
42,19,2925,1375,2179,352,0
42,20,2925,1375,525,672,0
42,21,2925,1375,1652,2883,0
42,22,2925,1375,1373,2660,0
42,23,2925,1375,2814,1659,1
42,24,2925,1375,1449,1659,0
42,25,2925,1375,2305,1303,0
42,26,2925,1375,769,677,0
42,27,2925,1375,2295,2940,0
42,28,2925,1375,577,2880,0
42,29,2925,1375,1614,2810,0
42,30,2925,1375,47,1395,0
42,31,2925,1375,2664,803,0
42,32,2925,1375,2309,2153,0
42,33,2925,1375,2074,2182,0
42,34,2925,1375,1554,11,0
42,35,2925,1375,1400,2146,0
42,36,2925,1375,1795,740,0
42,37,2925,1375,931,567,0
42,38,2925,1375,1254,1779,0
42,39,2925,1375,45,883,0
42,40,2925,1375,1359,119,0
42,41,2925,1375,2127,1277,0
42,43,2925,1375,2505,1463,0
42,44,2925,1375,1791,2744,0
42,45,2925,1375,1916,1718,0
42,46,2925,1375,167,2831,0
42,47,2925,1375,2315,236,0
42,48,2925,1375,1902,1139,0
42,49,2925,1375,1443,2554,0
42,50,2925,1375,194,2519,0
42,51,2925,1375,301,248,0
42,52,2925,1375,934,2502,0
42,53,2925,1375,343,1045,0
42,54,2925,1375,1542,1250,0
42,55,2925,1375,2149,1171,0
42,56,2925,1375,2055,1783,0
42,57,2925,1375,941,1993,0
42,58,2925,1375,123,1452,0
42,59,2925,1375,2845,2865,0
42,60,2925,1375,1089,2442,0
42,61,2925,1375,859,1946,0
42,62,2925,1375,1024,191,0
42,63,2925,1375,640,1179,0
42,64,2925,1375,2225,946,0
42,65,2925,1375,349,822,0
42,66,2925,1375,826,2377,0
42,67,2925,1375,1638,96,0
42,68,2925,1375,2727,990,0
42,69,2925,1375,2915,1910,0
42,70,2925,1375,1406,1407,0
42,71,2925,1375,2216,2614,0
42,72,2925,1375,1497,453,0
42,73,2925,1375,1462,1798,0
42,74,2925,1375,1212,215,0
42,75,2925,1375,2881,2014,0
42,76,2925,1375,32,1929,0
42,77,2925,1375,2695,266,0
42,78,2925,1375,2042,2855,0
42,79,2925,1375,193,1354,0
42,80,2925,1375,123,892,0
42,81,2925,1375,2391,199,0
42,82,2925,1375,738,1556,0
42,83,2925,1375,656,1512,0
42,84,2925,1375,2081,2886,0
42,85,2925,1375,2720,2097,0
42,86,2925,1375,2245,1289,0
42,87,2925,1375,714,2990,0
42,88,2925,1375,2800,641,0
42,89,2925,1375,2389,2741,0
42,90,2925,1375,538,2170,0
42,91,2925,1375,2767,2393,0
42,92,2925,1375,1270,693,0
42,93,2925,1375,2649,133,0
42,94,2925,1375,782,2023,0
42,95,2925,1375,551,1308,0
42,96,2925,1375,2784,254,0
42,97,2925,1375,2443,1306,0
42,98,2925,1375,1619,1722,0
42,99,2925,1375,508,1060,0
42,100,2925,1375,2201,1345,0
42,101,2925,1375,2587,861,0
42,102,2925,1375,2593,412,0
42,103,2925,1375,2995,1976,0
42,104,2925,1375,2546,755,0
42,105,2925,1375,1384,10,0
42,106,2925,1375,1458,697,0
42,107,2925,1375,52,2157,0
42,108,2925,1375,2017,217,0
42,109,2925,1375,2750,1252,0
42,110,2925,1375,1972,2182,0
42,111,2925,1375,736,1220,0
42,112,2925,1375,1701,2178,0
42,113,2925,1375,27,769,0
42,114,2925,1375,148,1215,0
42,115,2925,1375,1308,917,0
42,116,2925,1375,579,885,0
42,117,2925,1375,2737,2060,0
42,118,2925,1375,1739,2828,0
42,119,2925,1375,1339,2055,0
42,120,2925,1375,1479,618,0
42,121,2925,1375,1518,2678,0
42,122,2925,1375,2663,2085,0
42,123,2925,1375,1536,440,0
42,124,2925,1375,2347,485,0
42,125,2925,1375,2244,1545,0
42,126,2925,1375,1821,2562,0
42,127,2925,1375,1162,1754,0
42,128,2925,1375,476,1205,0
42,129,2925,1375,1692,876,0
42,130,2925,1375,300,1205,0
42,131,2925,1375,2003,1714,0
42,132,2925,1375,381,1336,0
42,133,2925,1375,2948,2728,0
42,134,2925,1375,1258,2583,0
42,135,2925,1375,1121,2987,0
42,136,2925,1375,2245,575,0
42,137,2925,1375,721,430,0
42,138,2925,1375,1441,992,0
42,139,2925,1375,2326,2998,0
42,140,2925,1375,976,329,0
42,141,2925,1375,2900,191,0
42,142,2925,1375,1962,1771,0
42,143,2925,1375,238,1665,0
42,144,2925,1375,295,1936,0
42,145,2925,1375,1854,141,0
42,146,2925,1375,2927,2918,0
42,147,2925,1375,652,2117,0
42,148,2925,1375,1281,1593,0
42,149,2925,1375,1093,2355,0
42,150,2925,1375,821,2889,0
42,151,2925,1375,2640,293,0
42,152,2925,1375,2213,1092,0
42,153,2925,1375,2554,526,0
42,154,2925,1375,773,2759,0
42,155,2925,1375,2398,2598,0
42,156,2925,1375,352,1773,0
42,157,2925,1375,136,1123,0
42,158,2925,1375,2533,1961,0
42,159,2925,1375,1274,2648,0
42,160,2925,1375,2856,1016,0
42,161,2925,1375,723,68,0
42,162,2925,1375,1849,735,0
42,163,2925,1375,1750,564,0
42,164,2925,1375,21,376,0
42,165,2925,1375,2035,939,0
42,166,2925,1375,1752,1825,0
42,167,2925,1375,2384,871,0
42,168,2925,1375,1034,788,0
42,169,2925,1375,1867,2645,0
42,170,2925,1375,940,504,0
42,171,2925,1375,1519,1618,0
42,172,2925,1375,1392,2416,0
42,173,2925,1375,1843,947,0
42,174,2925,1375,1387,1345,0
42,175,2925,1375,2479,1210,0
42,176,2925,1375,1555,1680,0
42,177,2925,1375,160,2470,0
42,178,2925,1375,2692,2143,0
42,179,2925,1375,158,2357,0
42,180,2925,1375,2335,890,0
42,181,2925,1375,1761,1075,0
42,182,2925,1375,2099,406,0
43,0,2505,1463,1639,2892,0
43,1,2505,1463,1329,745,0
43,2,2505,1463,443,1218,0
43,3,2505,1463,2514,1181,0
43,4,2505,1463,2286,223,0
43,5,2505,1463,595,2408,0
43,6,2505,1463,1383,2289,0
43,7,2505,1463,1795,201,0
43,8,2505,1463,2598,838,0
43,9,2505,1463,813,1715,0
43,10,2505,1463,1135,391,0
43,11,2505,1463,1132,1878,0
43,12,2505,1463,2041,661,0
43,13,2505,1463,1434,670,0
43,14,2505,1463,300,623,0
43,15,2505,1463,1559,2032,0
43,16,2505,1463,1224,2119,0
43,17,2505,1463,838,460,0
43,18,2505,1463,352,2688,0
43,19,2505,1463,2179,352,0
43,20,2505,1463,525,672,0
43,21,2505,1463,1652,2883,0
43,22,2505,1463,1373,2660,0
43,23,2505,1463,2814,1659,0
43,24,2505,1463,1449,1659,0
43,25,2505,1463,2305,1303,0
43,26,2505,1463,769,677,0
43,27,2505,1463,2295,2940,0
43,28,2505,1463,577,2880,0
43,29,2505,1463,1614,2810,0
43,30,2505,1463,47,1395,0
43,31,2505,1463,2664,803,0
43,32,2505,1463,2309,2153,0
43,33,2505,1463,2074,2182,0
43,34,2505,1463,1554,11,0
43,35,2505,1463,1400,2146,0
43,36,2505,1463,1795,740,0
43,37,2505,1463,931,567,0
43,38,2505,1463,1254,1779,0
43,39,2505,1463,45,883,0
43,40,2505,1463,1359,119,0
43,41,2505,1463,2127,1277,0
43,42,2505,1463,2925,1375,0
43,44,2505,1463,1791,2744,0
43,45,2505,1463,1916,1718,0
43,46,2505,1463,167,2831,0
43,47,2505,1463,2315,236,0
43,48,2505,1463,1902,1139,0
43,49,2505,1463,1443,2554,0
43,50,2505,1463,194,2519,0
43,51,2505,1463,301,248,0
43,52,2505,1463,934,2502,0
43,53,2505,1463,343,1045,0
43,54,2505,1463,1542,1250,0
43,55,2505,1463,2149,1171,0
43,56,2505,1463,2055,1783,0
43,57,2505,1463,941,1993,0
43,58,2505,1463,123,1452,0
43,59,2505,1463,2845,2865,0
43,60,2505,1463,1089,2442,0
43,61,2505,1463,859,1946,0
43,62,2505,1463,1024,191,0
43,63,2505,1463,640,1179,0
43,64,2505,1463,2225,946,0
43,65,2505,1463,349,822,0
43,66,2505,1463,826,2377,0
43,67,2505,1463,1638,96,0
43,68,2505,1463,2727,990,0
43,69,2505,1463,2915,1910,0
43,70,2505,1463,1406,1407,0
43,71,2505,1463,2216,2614,0
43,72,2505,1463,1497,453,0
43,73,2505,1463,1462,1798,0
43,74,2505,1463,1212,215,0
43,75,2505,1463,2881,2014,0
43,76,2505,1463,32,1929,0
43,77,2505,1463,2695,266,0
43,78,2505,1463,2042,2855,0
43,79,2505,1463,193,1354,0
43,80,2505,1463,123,892,0
43,81,2505,1463,2391,199,0
43,82,2505,1463,738,1556,0
43,83,2505,1463,656,1512,0
43,84,2505,1463,2081,2886,0
43,85,2505,1463,2720,2097,0
43,86,2505,1463,2245,1289,0
43,87,2505,1463,714,2990,0
43,88,2505,1463,2800,641,0
43,89,2505,1463,2389,2741,0
43,90,2505,1463,538,2170,0
43,91,2505,1463,2767,2393,0
43,92,2505,1463,1270,693,0
43,93,2505,1463,2649,133,0
43,94,2505,1463,782,2023,0
43,95,2505,1463,551,1308,0
43,96,2505,1463,2784,254,0
43,97,2505,1463,2443,1306,1
43,98,2505,1463,1619,1722,0
43,99,2505,1463,508,1060,0
43,100,2505,1463,2201,1345,0
43,101,2505,1463,2587,861,0
43,102,2505,1463,2593,412,0
43,103,2505,1463,2995,1976,0
43,104,2505,1463,2546,755,0
43,105,2505,1463,1384,10,0
43,106,2505,1463,1458,697,0
43,107,2505,1463,52,2157,0
43,108,2505,1463,2017,217,0
43,109,2505,1463,2750,1252,0
43,110,2505,1463,1972,2182,0
43,111,2505,1463,736,1220,0
43,112,2505,1463,1701,2178,0
43,113,2505,1463,27,769,0
43,114,2505,1463,148,1215,0
43,115,2505,1463,1308,917,0
43,116,2505,1463,579,885,0
43,117,2505,1463,2737,2060,0
43,118,2505,1463,1739,2828,0
43,119,2505,1463,1339,2055,0
43,120,2505,1463,1479,618,0
43,121,2505,1463,1518,2678,0
43,122,2505,1463,2663,2085,0
43,123,2505,1463,1536,440,0
43,124,2505,1463,2347,485,0
43,125,2505,1463,2244,1545,0
43,126,2505,1463,1821,2562,0
43,127,2505,1463,1162,1754,0
43,128,2505,1463,476,1205,0
43,129,2505,1463,1692,876,0
43,130,2505,1463,300,1205,0
43,131,2505,1463,2003,1714,0
43,132,2505,1463,381,1336,0
43,133,2505,1463,2948,2728,0
43,134,2505,1463,1258,2583,0
43,135,2505,1463,1121,2987,0
43,136,2505,1463,2245,575,0
43,137,2505,1463,721,430,0
43,138,2505,1463,1441,992,0
43,139,2505,1463,2326,2998,0
43,140,2505,1463,976,329,0
43,141,2505,1463,2900,191,0
43,142,2505,1463,1962,1771,0
43,143,2505,1463,238,1665,0
43,144,2505,1463,295,1936,0
43,145,2505,1463,1854,141,0
43,146,2505,1463,2927,2918,0
43,147,2505,1463,652,2117,0
43,148,2505,1463,1281,1593,0
43,149,2505,1463,1093,2355,0
43,150,2505,1463,821,2889,0
43,151,2505,1463,2640,293,0
43,152,2505,1463,2213,1092,0
43,153,2505,1463,2554,526,0
43,154,2505,1463,773,2759,0
43,155,2505,1463,2398,2598,0
43,156,2505,1463,352,1773,0
43,157,2505,1463,136,1123,0
43,158,2505,1463,2533,1961,0
43,159,2505,1463,1274,2648,0
43,160,2505,1463,2856,1016,0
43,161,2505,1463,723,68,0
43,162,2505,1463,1849,735,0
43,163,2505,1463,1750,564,0
43,164,2505,1463,21,376,0
43,165,2505,1463,2035,939,0
43,166,2505,1463,1752,1825,0
43,167,2505,1463,2384,871,0
43,168,2505,1463,1034,788,0
43,169,2505,1463,1867,2645,0
43,170,2505,1463,940,504,0
43,171,2505,1463,1519,1618,0
43,172,2505,1463,1392,2416,0
43,173,2505,1463,1843,947,0
43,174,2505,1463,1387,1345,0
43,175,2505,1463,2479,1210,0
43,176,2505,1463,1555,1680,0
43,177,2505,1463,160,2470,0
43,178,2505,1463,2692,2143,0
43,179,2505,1463,158,2357,0
43,180,2505,1463,2335,890,0
43,181,2505,1463,1761,1075,0
43,182,2505,1463,2099,406,0
44,0,1791,2744,1639,2892,0
44,1,1791,2744,1329,745,0
44,2,1791,2744,443,1218,0
44,3,1791,2744,2514,1181,0
44,4,1791,2744,2286,223,0
44,5,1791,2744,595,2408,0
44,6,1791,2744,1383,2289,0
44,7,1791,2744,1795,201,0
44,8,1791,2744,2598,838,0
44,9,1791,2744,813,1715,0
44,10,1791,2744,1135,391,0
44,11,1791,2744,1132,1878,0
44,12,1791,2744,2041,661,0
44,13,1791,2744,1434,670,0
44,14,1791,2744,300,623,0
44,15,1791,2744,1559,2032,0
44,16,1791,2744,1224,2119,0
44,17,1791,2744,838,460,0
44,18,1791,2744,352,2688,0
44,19,1791,2744,2179,352,0
44,20,1791,2744,525,672,0
44,21,1791,2744,1652,2883,0
44,22,1791,2744,1373,2660,0
44,23,1791,2744,2814,1659,0
44,24,1791,2744,1449,1659,0
44,25,1791,2744,2305,1303,0
44,26,1791,2744,769,677,0
44,27,1791,2744,2295,2940,0
44,28,1791,2744,577,2880,0
44,29,1791,2744,1614,2810,0
44,30,1791,2744,47,1395,0
44,31,1791,2744,2664,803,0
44,32,1791,2744,2309,2153,0
44,33,1791,2744,2074,2182,0
44,34,1791,2744,1554,11,0
44,35,1791,2744,1400,2146,0
44,36,1791,2744,1795,740,0
44,37,1791,2744,931,567,0
44,38,1791,2744,1254,1779,0
44,39,1791,2744,45,883,0
44,40,1791,2744,1359,119,0
44,41,1791,2744,2127,1277,0
44,42,1791,2744,2925,1375,0
44,43,1791,2744,2505,1463,0
44,45,1791,2744,1916,1718,0
44,46,1791,2744,167,2831,0
44,47,1791,2744,2315,236,0
44,48,1791,2744,1902,1139,0
44,49,1791,2744,1443,2554,0
44,50,1791,2744,194,2519,0
44,51,1791,2744,301,248,0
44,52,1791,2744,934,2502,0
44,53,1791,2744,343,1045,0
44,54,1791,2744,1542,1250,0
44,55,1791,2744,2149,1171,0
44,56,1791,2744,2055,1783,0
44,57,1791,2744,941,1993,0
44,58,1791,2744,123,1452,0
44,59,1791,2744,2845,2865,0
44,60,1791,2744,1089,2442,0
44,61,1791,2744,859,1946,0
44,62,1791,2744,1024,191,0
44,63,1791,2744,640,1179,0
44,64,1791,2744,2225,946,0
44,65,1791,2744,349,822,0
44,66,1791,2744,826,2377,0
44,67,1791,2744,1638,96,0
44,68,1791,2744,2727,990,0
44,69,1791,2744,2915,1910,0
44,70,1791,2744,1406,1407,0
44,71,1791,2744,2216,2614,0
44,72,1791,2744,1497,453,0
44,73,1791,2744,1462,1798,0
44,74,1791,2744,1212,215,0
44,75,1791,2744,2881,2014,0
44,76,1791,2744,32,1929,0
44,77,1791,2744,2695,266,0
44,78,1791,2744,2042,2855,0
44,79,1791,2744,193,1354,0
44,80,1791,2744,123,892,0
44,81,1791,2744,2391,199,0
44,82,1791,2744,738,1556,0
44,83,1791,2744,656,1512,0
44,84,1791,2744,2081,2886,0
44,85,1791,2744,2720,2097,0
44,86,1791,2744,2245,1289,0
44,87,1791,2744,714,2990,0
44,88,1791,2744,2800,641,0
44,89,1791,2744,2389,2741,0
44,90,1791,2744,538,2170,0
44,91,1791,2744,2767,2393,0
44,92,1791,2744,1270,693,0
44,93,1791,2744,2649,133,0
44,94,1791,2744,782,2023,0
44,95,1791,2744,551,1308,0
44,96,1791,2744,2784,254,0
44,97,1791,2744,2443,1306,0
44,98,1791,2744,1619,1722,0
44,99,1791,2744,508,1060,0
44,100,1791,2744,2201,1345,0
44,101,1791,2744,2587,861,0
44,102,1791,2744,2593,412,0
44,103,1791,2744,2995,1976,0
44,104,1791,2744,2546,755,0
44,105,1791,2744,1384,10,0
44,106,1791,2744,1458,697,0
44,107,1791,2744,52,2157,0
44,108,1791,2744,2017,217,0
44,109,1791,2744,2750,1252,0
44,110,1791,2744,1972,2182,0
44,111,1791,2744,736,1220,0
44,112,1791,2744,1701,2178,0
44,113,1791,2744,27,769,0
44,114,1791,2744,148,1215,0
44,115,1791,2744,1308,917,0
44,116,1791,2744,579,885,0
44,117,1791,2744,2737,2060,0
44,118,1791,2744,1739,2828,1
44,119,1791,2744,1339,2055,0
44,120,1791,2744,1479,618,0
44,121,1791,2744,1518,2678,0
44,122,1791,2744,2663,2085,0
44,123,1791,2744,1536,440,0
44,124,1791,2744,2347,485,0
44,125,1791,2744,2244,1545,0
44,126,1791,2744,1821,2562,0
44,127,1791,2744,1162,1754,0
44,128,1791,2744,476,1205,0
44,129,1791,2744,1692,876,0
44,130,1791,2744,300,1205,0
44,131,1791,2744,2003,1714,0
44,132,1791,2744,381,1336,0
44,133,1791,2744,2948,2728,0
44,134,1791,2744,1258,2583,0
44,135,1791,2744,1121,2987,0
44,136,1791,2744,2245,575,0
44,137,1791,2744,721,430,0
44,138,1791,2744,1441,992,0
44,139,1791,2744,2326,2998,0
44,140,1791,2744,976,329,0
44,141,1791,2744,2900,191,0
44,142,1791,2744,1962,1771,0
44,143,1791,2744,238,1665,0
44,144,1791,2744,295,1936,0
44,145,1791,2744,1854,141,0
44,146,1791,2744,2927,2918,0
44,147,1791,2744,652,2117,0
44,148,1791,2744,1281,1593,0
44,149,1791,2744,1093,2355,0
44,150,1791,2744,821,2889,0
44,151,1791,2744,2640,293,0
44,152,1791,2744,2213,1092,0
44,153,1791,2744,2554,526,0
44,154,1791,2744,773,2759,0
44,155,1791,2744,2398,2598,0
44,156,1791,2744,352,1773,0
44,157,1791,2744,136,1123,0
44,158,1791,2744,2533,1961,0
44,159,1791,2744,1274,2648,0
44,160,1791,2744,2856,1016,0
44,161,1791,2744,723,68,0
44,162,1791,2744,1849,735,0
44,163,1791,2744,1750,564,0
44,164,1791,2744,21,376,0
44,165,1791,2744,2035,939,0
44,166,1791,2744,1752,1825,0
44,167,1791,2744,2384,871,0
44,168,1791,2744,1034,788,0
44,169,1791,2744,1867,2645,0
44,170,1791,2744,940,504,0
44,171,1791,2744,1519,1618,0
44,172,1791,2744,1392,2416,0
44,173,1791,2744,1843,947,0
44,174,1791,2744,1387,1345,0
44,175,1791,2744,2479,1210,0
44,176,1791,2744,1555,1680,0
44,177,1791,2744,160,2470,0
44,178,1791,2744,2692,2143,0
44,179,1791,2744,158,2357,0
44,180,1791,2744,2335,890,0
44,181,1791,2744,1761,1075,0
44,182,1791,2744,2099,406,0
45,0,1916,1718,1639,2892,0
45,1,1916,1718,1329,745,0
45,2,1916,1718,443,1218,0
45,3,1916,1718,2514,1181,0
45,4,1916,1718,2286,223,0
45,5,1916,1718,595,2408,0
45,6,1916,1718,1383,2289,0
45,7,1916,1718,1795,201,0
45,8,1916,1718,2598,838,0
45,9,1916,1718,813,1715,0
45,10,1916,1718,1135,391,0
45,11,1916,1718,1132,1878,0
45,12,1916,1718,2041,661,0
45,13,1916,1718,1434,670,0
45,14,1916,1718,300,623,0
45,15,1916,1718,1559,2032,0
45,16,1916,1718,1224,2119,0
45,17,1916,1718,838,460,0
45,18,1916,1718,352,2688,0
45,19,1916,1718,2179,352,0
45,20,1916,1718,525,672,0
45,21,1916,1718,1652,2883,0
45,22,1916,1718,1373,2660,0
45,23,1916,1718,2814,1659,0
45,24,1916,1718,1449,1659,0
45,25,1916,1718,2305,1303,0
45,26,1916,1718,769,677,0
45,27,1916,1718,2295,2940,0
45,28,1916,1718,577,2880,0
45,29,1916,1718,1614,2810,0
45,30,1916,1718,47,1395,0
45,31,1916,1718,2664,803,0
45,32,1916,1718,2309,2153,0
45,33,1916,1718,2074,2182,0
45,34,1916,1718,1554,11,0
45,35,1916,1718,1400,2146,0
45,36,1916,1718,1795,740,0
45,37,1916,1718,931,567,0
45,38,1916,1718,1254,1779,0
45,39,1916,1718,45,883,0
45,40,1916,1718,1359,119,0
45,41,1916,1718,2127,1277,0
45,42,1916,1718,2925,1375,0
45,43,1916,1718,2505,1463,0
45,44,1916,1718,1791,2744,0
45,46,1916,1718,167,2831,0
45,47,1916,1718,2315,236,0
45,48,1916,1718,1902,1139,0
45,49,1916,1718,1443,2554,0
45,50,1916,1718,194,2519,0
45,51,1916,1718,301,248,0
45,52,1916,1718,934,2502,0
45,53,1916,1718,343,1045,0
45,54,1916,1718,1542,1250,0
45,55,1916,1718,2149,1171,0
45,56,1916,1718,2055,1783,0
45,57,1916,1718,941,1993,0
45,58,1916,1718,123,1452,0
45,59,1916,1718,2845,2865,0
45,60,1916,1718,1089,2442,0
45,61,1916,1718,859,1946,0
45,62,1916,1718,1024,191,0
45,63,1916,1718,640,1179,0
45,64,1916,1718,2225,946,0
45,65,1916,1718,349,822,0
45,66,1916,1718,826,2377,0
45,67,1916,1718,1638,96,0
45,68,1916,1718,2727,990,0
45,69,1916,1718,2915,1910,0
45,70,1916,1718,1406,1407,0
45,71,1916,1718,2216,2614,0
45,72,1916,1718,1497,453,0
45,73,1916,1718,1462,1798,0
45,74,1916,1718,1212,215,0
45,75,1916,1718,2881,2014,0
45,76,1916,1718,32,1929,0
45,77,1916,1718,2695,266,0
45,78,1916,1718,2042,2855,0
45,79,1916,1718,193,1354,0
45,80,1916,1718,123,892,0
45,81,1916,1718,2391,199,0
45,82,1916,1718,738,1556,0
45,83,1916,1718,656,1512,0
45,84,1916,1718,2081,2886,0
45,85,1916,1718,2720,2097,0
45,86,1916,1718,2245,1289,0
45,87,1916,1718,714,2990,0
45,88,1916,1718,2800,641,0
45,89,1916,1718,2389,2741,0
45,90,1916,1718,538,2170,0
45,91,1916,1718,2767,2393,0
45,92,1916,1718,1270,693,0
45,93,1916,1718,2649,133,0
45,94,1916,1718,782,2023,0
45,95,1916,1718,551,1308,0
45,96,1916,1718,2784,254,0
45,97,1916,1718,2443,1306,0
45,98,1916,1718,1619,1722,0
45,99,1916,1718,508,1060,0
45,100,1916,1718,2201,1345,0
45,101,1916,1718,2587,861,0
45,102,1916,1718,2593,412,0
45,103,1916,1718,2995,1976,0
45,104,1916,1718,2546,755,0
45,105,1916,1718,1384,10,0
45,106,1916,1718,1458,697,0
45,107,1916,1718,52,2157,0
45,108,1916,1718,2017,217,0
45,109,1916,1718,2750,1252,0
45,110,1916,1718,1972,2182,0
45,111,1916,1718,736,1220,0
45,112,1916,1718,1701,2178,0
45,113,1916,1718,27,769,0
45,114,1916,1718,148,1215,0
45,115,1916,1718,1308,917,0
45,116,1916,1718,579,885,0
45,117,1916,1718,2737,2060,0
45,118,1916,1718,1739,2828,0
45,119,1916,1718,1339,2055,0
45,120,1916,1718,1479,618,0
45,121,1916,1718,1518,2678,0
45,122,1916,1718,2663,2085,0
45,123,1916,1718,1536,440,0
45,124,1916,1718,2347,485,0
45,125,1916,1718,2244,1545,0
45,126,1916,1718,1821,2562,0
45,127,1916,1718,1162,1754,0
45,128,1916,1718,476,1205,0
45,129,1916,1718,1692,876,0
45,130,1916,1718,300,1205,0
45,131,1916,1718,2003,1714,0
45,132,1916,1718,381,1336,0
45,133,1916,1718,2948,2728,0
45,134,1916,1718,1258,2583,0
45,135,1916,1718,1121,2987,0
45,136,1916,1718,2245,575,0
45,137,1916,1718,721,430,0
45,138,1916,1718,1441,992,0
45,139,1916,1718,2326,2998,0
45,140,1916,1718,976,329,0
45,141,1916,1718,2900,191,0
45,142,1916,1718,1962,1771,0
45,143,1916,1718,238,1665,0
45,144,1916,1718,295,1936,0
45,145,1916,1718,1854,141,0
45,146,1916,1718,2927,2918,0
45,147,1916,1718,652,2117,0
45,148,1916,1718,1281,1593,0
45,149,1916,1718,1093,2355,0
45,150,1916,1718,821,2889,0
45,151,1916,1718,2640,293,0
45,152,1916,1718,2213,1092,0
45,153,1916,1718,2554,526,0
45,154,1916,1718,773,2759,0
45,155,1916,1718,2398,2598,0
45,156,1916,1718,352,1773,0
45,157,1916,1718,136,1123,0
45,158,1916,1718,2533,1961,0
45,159,1916,1718,1274,2648,0
45,160,1916,1718,2856,1016,0
45,161,1916,1718,723,68,0
45,162,1916,1718,1849,735,0
45,163,1916,1718,1750,564,0
45,164,1916,1718,21,376,0
45,165,1916,1718,2035,939,0
45,166,1916,1718,1752,1825,1
45,167,1916,1718,2384,871,0
45,168,1916,1718,1034,788,0
45,169,1916,1718,1867,2645,0
45,170,1916,1718,940,504,0
45,171,1916,1718,1519,1618,0
45,172,1916,1718,1392,2416,0
45,173,1916,1718,1843,947,0
45,174,1916,1718,1387,1345,0
45,175,1916,1718,2479,1210,0
45,176,1916,1718,1555,1680,0
45,177,1916,1718,160,2470,0
45,178,1916,1718,2692,2143,0
45,179,1916,1718,158,2357,0
45,180,1916,1718,2335,890,0
45,181,1916,1718,1761,1075,0
45,182,1916,1718,2099,406,0
46,0,167,2831,1639,2892,0
46,1,167,2831,1329,745,0
46,2,167,2831,443,1218,0
46,3,167,2831,2514,1181,0
46,4,167,2831,2286,223,0
46,5,167,2831,595,2408,0
46,6,167,2831,1383,2289,0
46,7,167,2831,1795,201,0
46,8,167,2831,2598,838,0
46,9,167,2831,813,1715,0
46,10,167,2831,1135,391,0
46,11,167,2831,1132,1878,0
46,12,167,2831,2041,661,0
46,13,167,2831,1434,670,0
46,14,167,2831,300,623,0
46,15,167,2831,1559,2032,0
46,16,167,2831,1224,2119,0
46,17,167,2831,838,460,0
46,18,167,2831,352,2688,0
46,19,167,2831,2179,352,0
46,20,167,2831,525,672,0
46,21,167,2831,1652,2883,0
46,22,167,2831,1373,2660,0
46,23,167,2831,2814,1659,0
46,24,167,2831,1449,1659,0
46,25,167,2831,2305,1303,0
46,26,167,2831,769,677,0
46,27,167,2831,2295,2940,0
46,28,167,2831,577,2880,0
46,29,167,2831,1614,2810,0
46,30,167,2831,47,1395,0
46,31,167,2831,2664,803,0
46,32,167,2831,2309,2153,0
46,33,167,2831,2074,2182,0
46,34,167,2831,1554,11,0
46,35,167,2831,1400,2146,0
46,36,167,2831,1795,740,0
46,37,167,2831,931,567,0
46,38,167,2831,1254,1779,0
46,39,167,2831,45,883,0
46,40,167,2831,1359,119,0
46,41,167,2831,2127,1277,0
46,42,167,2831,2925,1375,0
46,43,167,2831,2505,1463,0
46,44,167,2831,1791,2744,0
46,45,167,2831,1916,1718,0
46,47,167,2831,2315,236,0
46,48,167,2831,1902,1139,0
46,49,167,2831,1443,2554,0
46,50,167,2831,194,2519,1
46,51,167,2831,301,248,0
46,52,167,2831,934,2502,0
46,53,167,2831,343,1045,0
46,54,167,2831,1542,1250,0
46,55,167,2831,2149,1171,0
46,56,167,2831,2055,1783,0
46,57,167,2831,941,1993,0
46,58,167,2831,123,1452,0
46,59,167,2831,2845,2865,0
46,60,167,2831,1089,2442,0
46,61,167,2831,859,1946,0
46,62,167,2831,1024,191,0
46,63,167,2831,640,1179,0
46,64,167,2831,2225,946,0
46,65,167,2831,349,822,0
46,66,167,2831,826,2377,0
46,67,167,2831,1638,96,0
46,68,167,2831,2727,990,0
46,69,167,2831,2915,1910,0
46,70,167,2831,1406,1407,0
46,71,167,2831,2216,2614,0
46,72,167,2831,1497,453,0
46,73,167,2831,1462,1798,0
46,74,167,2831,1212,215,0
46,75,167,2831,2881,2014,0
46,76,167,2831,32,1929,0
46,77,167,2831,2695,266,0
46,78,167,2831,2042,2855,0
46,79,167,2831,193,1354,0
46,80,167,2831,123,892,0
46,81,167,2831,2391,199,0
46,82,167,2831,738,1556,0
46,83,167,2831,656,1512,0
46,84,167,2831,2081,2886,0
46,85,167,2831,2720,2097,0
46,86,167,2831,2245,1289,0
46,87,167,2831,714,2990,0
46,88,167,2831,2800,641,0
46,89,167,2831,2389,2741,0
46,90,167,2831,538,2170,0
46,91,167,2831,2767,2393,0
46,92,167,2831,1270,693,0
46,93,167,2831,2649,133,0
46,94,167,2831,782,2023,0
46,95,167,2831,551,1308,0
46,96,167,2831,2784,254,0
46,97,167,2831,2443,1306,0
46,98,167,2831,1619,1722,0
46,99,167,2831,508,1060,0
46,100,167,2831,2201,1345,0
46,101,167,2831,2587,861,0
46,102,167,2831,2593,412,0
46,103,167,2831,2995,1976,0
46,104,167,2831,2546,755,0
46,105,167,2831,1384,10,0
46,106,167,2831,1458,697,0
46,107,167,2831,52,2157,0
46,108,167,2831,2017,217,0
46,109,167,2831,2750,1252,0
46,110,167,2831,1972,2182,0
46,111,167,2831,736,1220,0
46,112,167,2831,1701,2178,0
46,113,167,2831,27,769,0
46,114,167,2831,148,1215,0
46,115,167,2831,1308,917,0
46,116,167,2831,579,885,0
46,117,167,2831,2737,2060,0
46,118,167,2831,1739,2828,0
46,119,167,2831,1339,2055,0
46,120,167,2831,1479,618,0
46,121,167,2831,1518,2678,0
46,122,167,2831,2663,2085,0
46,123,167,2831,1536,440,0
46,124,167,2831,2347,485,0
46,125,167,2831,2244,1545,0
46,126,167,2831,1821,2562,0
46,127,167,2831,1162,1754,0
46,128,167,2831,476,1205,0
46,129,167,2831,1692,876,0
46,130,167,2831,300,1205,0
46,131,167,2831,2003,1714,0
46,132,167,2831,381,1336,0
46,133,167,2831,2948,2728,0
46,134,167,2831,1258,2583,0
46,135,167,2831,1121,2987,0
46,136,167,2831,2245,575,0
46,137,167,2831,721,430,0
46,138,167,2831,1441,992,0
46,139,167,2831,2326,2998,0
46,140,167,2831,976,329,0
46,141,167,2831,2900,191,0
46,142,167,2831,1962,1771,0
46,143,167,2831,238,1665,0
46,144,167,2831,295,1936,0
46,145,167,2831,1854,141,0
46,146,167,2831,2927,2918,0
46,147,167,2831,652,2117,0
46,148,167,2831,1281,1593,0
46,149,167,2831,1093,2355,0
46,150,167,2831,821,2889,0
46,151,167,2831,2640,293,0
46,152,167,2831,2213,1092,0
46,153,167,2831,2554,526,0
46,154,167,2831,773,2759,0
46,155,167,2831,2398,2598,0
46,156,167,2831,352,1773,0
46,157,167,2831,136,1123,0
46,158,167,2831,2533,1961,0
46,159,167,2831,1274,2648,0
46,160,167,2831,2856,1016,0
46,161,167,2831,723,68,0
46,162,167,2831,1849,735,0
46,163,167,2831,1750,564,0
46,164,167,2831,21,376,0
46,165,167,2831,2035,939,0
46,166,167,2831,1752,1825,0
46,167,167,2831,2384,871,0
46,168,167,2831,1034,788,0
46,169,167,2831,1867,2645,0
46,170,167,2831,940,504,0
46,171,167,2831,1519,1618,0
46,172,167,2831,1392,2416,0
46,173,167,2831,1843,947,0
46,174,167,2831,1387,1345,0
46,175,167,2831,2479,1210,0
46,176,167,2831,1555,1680,0
46,177,167,2831,160,2470,0
46,178,167,2831,2692,2143,0
46,179,167,2831,158,2357,0
46,180,167,2831,2335,890,0
46,181,167,2831,1761,1075,0
46,182,167,2831,2099,406,0
47,0,2315,236,1639,2892,0
47,1,2315,236,1329,745,0
47,2,2315,236,443,1218,0
47,3,2315,236,2514,1181,0
47,4,2315,236,2286,223,0
47,5,2315,236,595,2408,0
47,6,2315,236,1383,2289,0
47,7,2315,236,1795,201,0
47,8,2315,236,2598,838,0
47,9,2315,236,813,1715,0
47,10,2315,236,1135,391,0
47,11,2315,236,1132,1878,0
47,12,2315,236,2041,661,0
47,13,2315,236,1434,670,0
47,14,2315,236,300,623,0
47,15,2315,236,1559,2032,0
47,16,2315,236,1224,2119,0
47,17,2315,236,838,460,0
47,18,2315,236,352,2688,0
47,19,2315,236,2179,352,0
47,20,2315,236,525,672,0
47,21,2315,236,1652,2883,0
47,22,2315,236,1373,2660,0
47,23,2315,236,2814,1659,0
47,24,2315,236,1449,1659,0
47,25,2315,236,2305,1303,0
47,26,2315,236,769,677,0
47,27,2315,236,2295,2940,0
47,28,2315,236,577,2880,0
47,29,2315,236,1614,2810,0
47,30,2315,236,47,1395,0
47,31,2315,236,2664,803,0
47,32,2315,236,2309,2153,0
47,33,2315,236,2074,2182,0
47,34,2315,236,1554,11,0
47,35,2315,236,1400,2146,0
47,36,2315,236,1795,740,0
47,37,2315,236,931,567,0
47,38,2315,236,1254,1779,0
47,39,2315,236,45,883,0
47,40,2315,236,1359,119,0
47,41,2315,236,2127,1277,0
47,42,2315,236,2925,1375,0
47,43,2315,236,2505,1463,0
47,44,2315,236,1791,2744,0
47,45,2315,236,1916,1718,0
47,46,2315,236,167,2831,0
47,48,2315,236,1902,1139,0
47,49,2315,236,1443,2554,0
47,50,2315,236,194,2519,0
47,51,2315,236,301,248,0
47,52,2315,236,934,2502,0
47,53,2315,236,343,1045,0
47,54,2315,236,1542,1250,0
47,55,2315,236,2149,1171,0
47,56,2315,236,2055,1783,0
47,57,2315,236,941,1993,0
47,58,2315,236,123,1452,0
47,59,2315,236,2845,2865,0
47,60,2315,236,1089,2442,0
47,61,2315,236,859,1946,0
47,62,2315,236,1024,191,0
47,63,2315,236,640,1179,0
47,64,2315,236,2225,946,0
47,65,2315,236,349,822,0
47,66,2315,236,826,2377,0
47,67,2315,236,1638,96,0
47,68,2315,236,2727,990,0
47,69,2315,236,2915,1910,0
47,70,2315,236,1406,1407,0
47,71,2315,236,2216,2614,0
47,72,2315,236,1497,453,0
47,73,2315,236,1462,1798,0
47,74,2315,236,1212,215,0
47,75,2315,236,2881,2014,0
47,76,2315,236,32,1929,0
47,77,2315,236,2695,266,0
47,78,2315,236,2042,2855,0
47,79,2315,236,193,1354,0
47,80,2315,236,123,892,0
47,81,2315,236,2391,199,1
47,82,2315,236,738,1556,0
47,83,2315,236,656,1512,0
47,84,2315,236,2081,2886,0
47,85,2315,236,2720,2097,0
47,86,2315,236,2245,1289,0
47,87,2315,236,714,2990,0
47,88,2315,236,2800,641,0
47,89,2315,236,2389,2741,0
47,90,2315,236,538,2170,0
47,91,2315,236,2767,2393,0
47,92,2315,236,1270,693,0
47,93,2315,236,2649,133,0
47,94,2315,236,782,2023,0
47,95,2315,236,551,1308,0
47,96,2315,236,2784,254,0
47,97,2315,236,2443,1306,0
47,98,2315,236,1619,1722,0
47,99,2315,236,508,1060,0
47,100,2315,236,2201,1345,0
47,101,2315,236,2587,861,0
47,102,2315,236,2593,412,0
47,103,2315,236,2995,1976,0
47,104,2315,236,2546,755,0
47,105,2315,236,1384,10,0
47,106,2315,236,1458,697,0
47,107,2315,236,52,2157,0
47,108,2315,236,2017,217,0
47,109,2315,236,2750,1252,0
47,110,2315,236,1972,2182,0
47,111,2315,236,736,1220,0
47,112,2315,236,1701,2178,0
47,113,2315,236,27,769,0
47,114,2315,236,148,1215,0
47,115,2315,236,1308,917,0
47,116,2315,236,579,885,0
47,117,2315,236,2737,2060,0
47,118,2315,236,1739,2828,0
47,119,2315,236,1339,2055,0
47,120,2315,236,1479,618,0
47,121,2315,236,1518,2678,0
47,122,2315,236,2663,2085,0
47,123,2315,236,1536,440,0
47,124,2315,236,2347,485,0
47,125,2315,236,2244,1545,0
47,126,2315,236,1821,2562,0
47,127,2315,236,1162,1754,0
47,128,2315,236,476,1205,0
47,129,2315,236,1692,876,0
47,130,2315,236,300,1205,0
47,131,2315,236,2003,1714,0
47,132,2315,236,381,1336,0
47,133,2315,236,2948,2728,0
47,134,2315,236,1258,2583,0
47,135,2315,236,1121,2987,0
47,136,2315,236,2245,575,0
47,137,2315,236,721,430,0
47,138,2315,236,1441,992,0
47,139,2315,236,2326,2998,0
47,140,2315,236,976,329,0
47,141,2315,236,2900,191,0
47,142,2315,236,1962,1771,0
47,143,2315,236,238,1665,0
47,144,2315,236,295,1936,0
47,145,2315,236,1854,141,0
47,146,2315,236,2927,2918,0
47,147,2315,236,652,2117,0
47,148,2315,236,1281,1593,0
47,149,2315,236,1093,2355,0
47,150,2315,236,821,2889,0
47,151,2315,236,2640,293,0
47,152,2315,236,2213,1092,0
47,153,2315,236,2554,526,0
47,154,2315,236,773,2759,0
47,155,2315,236,2398,2598,0
47,156,2315,236,352,1773,0
47,157,2315,236,136,1123,0
47,158,2315,236,2533,1961,0
47,159,2315,236,1274,2648,0
47,160,2315,236,2856,1016,0
47,161,2315,236,723,68,0
47,162,2315,236,1849,735,0
47,163,2315,236,1750,564,0
47,164,2315,236,21,376,0
47,165,2315,236,2035,939,0
47,166,2315,236,1752,1825,0
47,167,2315,236,2384,871,0
47,168,2315,236,1034,788,0
47,169,2315,236,1867,2645,0
47,170,2315,236,940,504,0
47,171,2315,236,1519,1618,0
47,172,2315,236,1392,2416,0
47,173,2315,236,1843,947,0
47,174,2315,236,1387,1345,0
47,175,2315,236,2479,1210,0
47,176,2315,236,1555,1680,0
47,177,2315,236,160,2470,0
47,178,2315,236,2692,2143,0
47,179,2315,236,158,2357,0
47,180,2315,236,2335,890,0
47,181,2315,236,1761,1075,0
47,182,2315,236,2099,406,0
48,0,1902,1139,1639,2892,0
48,1,1902,1139,1329,745,0
48,2,1902,1139,443,1218,0
48,3,1902,1139,2514,1181,0
48,4,1902,1139,2286,223,0
48,5,1902,1139,595,2408,0
48,6,1902,1139,1383,2289,0
48,7,1902,1139,1795,201,0
48,8,1902,1139,2598,838,0
48,9,1902,1139,813,1715,0
48,10,1902,1139,1135,391,0
48,11,1902,1139,1132,1878,0
48,12,1902,1139,2041,661,0
48,13,1902,1139,1434,670,0
48,14,1902,1139,300,623,0
48,15,1902,1139,1559,2032,0
48,16,1902,1139,1224,2119,0
48,17,1902,1139,838,460,0
48,18,1902,1139,352,2688,0
48,19,1902,1139,2179,352,0
48,20,1902,1139,525,672,0
48,21,1902,1139,1652,2883,0
48,22,1902,1139,1373,2660,0
48,23,1902,1139,2814,1659,0
48,24,1902,1139,1449,1659,0
48,25,1902,1139,2305,1303,0
48,26,1902,1139,769,677,0
48,27,1902,1139,2295,2940,0
48,28,1902,1139,577,2880,0
48,29,1902,1139,1614,2810,0
48,30,1902,1139,47,1395,0
48,31,1902,1139,2664,803,0
48,32,1902,1139,2309,2153,0
48,33,1902,1139,2074,2182,0
48,34,1902,1139,1554,11,0
48,35,1902,1139,1400,2146,0
48,36,1902,1139,1795,740,0
48,37,1902,1139,931,567,0
48,38,1902,1139,1254,1779,0
48,39,1902,1139,45,883,0
48,40,1902,1139,1359,119,0
48,41,1902,1139,2127,1277,0
48,42,1902,1139,2925,1375,0
48,43,1902,1139,2505,1463,0
48,44,1902,1139,1791,2744,0
48,45,1902,1139,1916,1718,0
48,46,1902,1139,167,2831,0
48,47,1902,1139,2315,236,0
48,49,1902,1139,1443,2554,0
48,50,1902,1139,194,2519,0
48,51,1902,1139,301,248,0
48,52,1902,1139,934,2502,0
48,53,1902,1139,343,1045,0
48,54,1902,1139,1542,1250,0
48,55,1902,1139,2149,1171,0
48,56,1902,1139,2055,1783,0
48,57,1902,1139,941,1993,0
48,58,1902,1139,123,1452,0
48,59,1902,1139,2845,2865,0
48,60,1902,1139,1089,2442,0
48,61,1902,1139,859,1946,0
48,62,1902,1139,1024,191,0
48,63,1902,1139,640,1179,0
48,64,1902,1139,2225,946,0
48,65,1902,1139,349,822,0
48,66,1902,1139,826,2377,0
48,67,1902,1139,1638,96,0
48,68,1902,1139,2727,990,0
48,69,1902,1139,2915,1910,0
48,70,1902,1139,1406,1407,0
48,71,1902,1139,2216,2614,0
48,72,1902,1139,1497,453,0
48,73,1902,1139,1462,1798,0
48,74,1902,1139,1212,215,0
48,75,1902,1139,2881,2014,0
48,76,1902,1139,32,1929,0
48,77,1902,1139,2695,266,0
48,78,1902,1139,2042,2855,0
48,79,1902,1139,193,1354,0
48,80,1902,1139,123,892,0
48,81,1902,1139,2391,199,0
48,82,1902,1139,738,1556,0
48,83,1902,1139,656,1512,0
48,84,1902,1139,2081,2886,0
48,85,1902,1139,2720,2097,0
48,86,1902,1139,2245,1289,0
48,87,1902,1139,714,2990,0
48,88,1902,1139,2800,641,0
48,89,1902,1139,2389,2741,0
48,90,1902,1139,538,2170,0
48,91,1902,1139,2767,2393,0
48,92,1902,1139,1270,693,0
48,93,1902,1139,2649,133,0
48,94,1902,1139,782,2023,0
48,95,1902,1139,551,1308,0
48,96,1902,1139,2784,254,0
48,97,1902,1139,2443,1306,0
48,98,1902,1139,1619,1722,0
48,99,1902,1139,508,1060,0
48,100,1902,1139,2201,1345,0
48,101,1902,1139,2587,861,0
48,102,1902,1139,2593,412,0
48,103,1902,1139,2995,1976,0
48,104,1902,1139,2546,755,0
48,105,1902,1139,1384,10,0
48,106,1902,1139,1458,697,0
48,107,1902,1139,52,2157,0
48,108,1902,1139,2017,217,0
48,109,1902,1139,2750,1252,0
48,110,1902,1139,1972,2182,0
48,111,1902,1139,736,1220,0
48,112,1902,1139,1701,2178,0
48,113,1902,1139,27,769,0
48,114,1902,1139,148,1215,0
48,115,1902,1139,1308,917,0
48,116,1902,1139,579,885,0
48,117,1902,1139,2737,2060,0
48,118,1902,1139,1739,2828,0
48,119,1902,1139,1339,2055,0
48,120,1902,1139,1479,618,0
48,121,1902,1139,1518,2678,0
48,122,1902,1139,2663,2085,0
48,123,1902,1139,1536,440,0
48,124,1902,1139,2347,485,0
48,125,1902,1139,2244,1545,0
48,126,1902,1139,1821,2562,0
48,127,1902,1139,1162,1754,0
48,128,1902,1139,476,1205,0
48,129,1902,1139,1692,876,0
48,130,1902,1139,300,1205,0
48,131,1902,1139,2003,1714,0
48,132,1902,1139,381,1336,0
48,133,1902,1139,2948,2728,0
48,134,1902,1139,1258,2583,0
48,135,1902,1139,1121,2987,0
48,136,1902,1139,2245,575,0
48,137,1902,1139,721,430,0
48,138,1902,1139,1441,992,0
48,139,1902,1139,2326,2998,0
48,140,1902,1139,976,329,0
48,141,1902,1139,2900,191,0
48,142,1902,1139,1962,1771,0
48,143,1902,1139,238,1665,0
48,144,1902,1139,295,1936,0
48,145,1902,1139,1854,141,0
48,146,1902,1139,2927,2918,0
48,147,1902,1139,652,2117,0
48,148,1902,1139,1281,1593,0
48,149,1902,1139,1093,2355,0
48,150,1902,1139,821,2889,0
48,151,1902,1139,2640,293,0
48,152,1902,1139,2213,1092,0
48,153,1902,1139,2554,526,0
48,154,1902,1139,773,2759,0
48,155,1902,1139,2398,2598,0
48,156,1902,1139,352,1773,0
48,157,1902,1139,136,1123,0
48,158,1902,1139,2533,1961,0
48,159,1902,1139,1274,2648,0
48,160,1902,1139,2856,1016,0
48,161,1902,1139,723,68,0
48,162,1902,1139,1849,735,0
48,163,1902,1139,1750,564,0
48,164,1902,1139,21,376,0
48,165,1902,1139,2035,939,1
48,166,1902,1139,1752,1825,0
48,167,1902,1139,2384,871,0
48,168,1902,1139,1034,788,0
48,169,1902,1139,1867,2645,0
48,170,1902,1139,940,504,0
48,171,1902,1139,1519,1618,0
48,172,1902,1139,1392,2416,0
48,173,1902,1139,1843,947,0
48,174,1902,1139,1387,1345,0
48,175,1902,1139,2479,1210,0
48,176,1902,1139,1555,1680,0
48,177,1902,1139,160,2470,0
48,178,1902,1139,2692,2143,0
48,179,1902,1139,158,2357,0
48,180,1902,1139,2335,890,0
48,181,1902,1139,1761,1075,0
48,182,1902,1139,2099,406,0
49,0,1443,2554,1639,2892,0
49,1,1443,2554,1329,745,0
49,2,1443,2554,443,1218,0
49,3,1443,2554,2514,1181,0
49,4,1443,2554,2286,223,0
49,5,1443,2554,595,2408,0
49,6,1443,2554,1383,2289,0
49,7,1443,2554,1795,201,0
49,8,1443,2554,2598,838,0
49,9,1443,2554,813,1715,0
49,10,1443,2554,1135,391,0
49,11,1443,2554,1132,1878,0
49,12,1443,2554,2041,661,0
49,13,1443,2554,1434,670,0
49,14,1443,2554,300,623,0
49,15,1443,2554,1559,2032,0
49,16,1443,2554,1224,2119,0
49,17,1443,2554,838,460,0
49,18,1443,2554,352,2688,0
49,19,1443,2554,2179,352,0
49,20,1443,2554,525,672,0
49,21,1443,2554,1652,2883,0
49,22,1443,2554,1373,2660,0
49,23,1443,2554,2814,1659,0
49,24,1443,2554,1449,1659,0
49,25,1443,2554,2305,1303,0
49,26,1443,2554,769,677,0
49,27,1443,2554,2295,2940,0
49,28,1443,2554,577,2880,0
49,29,1443,2554,1614,2810,0
49,30,1443,2554,47,1395,0
49,31,1443,2554,2664,803,0
49,32,1443,2554,2309,2153,0
49,33,1443,2554,2074,2182,0
49,34,1443,2554,1554,11,0
49,35,1443,2554,1400,2146,0
49,36,1443,2554,1795,740,0
49,37,1443,2554,931,567,0
49,38,1443,2554,1254,1779,0
49,39,1443,2554,45,883,0
49,40,1443,2554,1359,119,0
49,41,1443,2554,2127,1277,0
49,42,1443,2554,2925,1375,0
49,43,1443,2554,2505,1463,0
49,44,1443,2554,1791,2744,0
49,45,1443,2554,1916,1718,0
49,46,1443,2554,167,2831,0
49,47,1443,2554,2315,236,0
49,48,1443,2554,1902,1139,0
49,50,1443,2554,194,2519,0
49,51,1443,2554,301,248,0
49,52,1443,2554,934,2502,0
49,53,1443,2554,343,1045,0
49,54,1443,2554,1542,1250,0
49,55,1443,2554,2149,1171,0
49,56,1443,2554,2055,1783,0
49,57,1443,2554,941,1993,0
49,58,1443,2554,123,1452,0
49,59,1443,2554,2845,2865,0
49,60,1443,2554,1089,2442,0
49,61,1443,2554,859,1946,0
49,62,1443,2554,1024,191,0
49,63,1443,2554,640,1179,0
49,64,1443,2554,2225,946,0
49,65,1443,2554,349,822,0
49,66,1443,2554,826,2377,0
49,67,1443,2554,1638,96,0
49,68,1443,2554,2727,990,0
49,69,1443,2554,2915,1910,0
49,70,1443,2554,1406,1407,0
49,71,1443,2554,2216,2614,0
49,72,1443,2554,1497,453,0
49,73,1443,2554,1462,1798,0
49,74,1443,2554,1212,215,0
49,75,1443,2554,2881,2014,0
49,76,1443,2554,32,1929,0
49,77,1443,2554,2695,266,0
49,78,1443,2554,2042,2855,0
49,79,1443,2554,193,1354,0
49,80,1443,2554,123,892,0
49,81,1443,2554,2391,199,0
49,82,1443,2554,738,1556,0
49,83,1443,2554,656,1512,0
49,84,1443,2554,2081,2886,0
49,85,1443,2554,2720,2097,0
49,86,1443,2554,2245,1289,0
49,87,1443,2554,714,2990,0
49,88,1443,2554,2800,641,0
49,89,1443,2554,2389,2741,0
49,90,1443,2554,538,2170,0
49,91,1443,2554,2767,2393,0
49,92,1443,2554,1270,693,0
49,93,1443,2554,2649,133,0
49,94,1443,2554,782,2023,0
49,95,1443,2554,551,1308,0
49,96,1443,2554,2784,254,0
49,97,1443,2554,2443,1306,0
49,98,1443,2554,1619,1722,0
49,99,1443,2554,508,1060,0
49,100,1443,2554,2201,1345,0
49,101,1443,2554,2587,861,0
49,102,1443,2554,2593,412,0
49,103,1443,2554,2995,1976,0
49,104,1443,2554,2546,755,0
49,105,1443,2554,1384,10,0
49,106,1443,2554,1458,697,0
49,107,1443,2554,52,2157,0
49,108,1443,2554,2017,217,0
49,109,1443,2554,2750,1252,0
49,110,1443,2554,1972,2182,0
49,111,1443,2554,736,1220,0
49,112,1443,2554,1701,2178,0
49,113,1443,2554,27,769,0
49,114,1443,2554,148,1215,0
49,115,1443,2554,1308,917,0
49,116,1443,2554,579,885,0
49,117,1443,2554,2737,2060,0
49,118,1443,2554,1739,2828,0
49,119,1443,2554,1339,2055,0
49,120,1443,2554,1479,618,0
49,121,1443,2554,1518,2678,0
49,122,1443,2554,2663,2085,0
49,123,1443,2554,1536,440,0
49,124,1443,2554,2347,485,0
49,125,1443,2554,2244,1545,0
49,126,1443,2554,1821,2562,0
49,127,1443,2554,1162,1754,0
49,128,1443,2554,476,1205,0
49,129,1443,2554,1692,876,0
49,130,1443,2554,300,1205,0
49,131,1443,2554,2003,1714,0
49,132,1443,2554,381,1336,0
49,133,1443,2554,2948,2728,0
49,134,1443,2554,1258,2583,0
49,135,1443,2554,1121,2987,0
49,136,1443,2554,2245,575,0
49,137,1443,2554,721,430,0
49,138,1443,2554,1441,992,0
49,139,1443,2554,2326,2998,0
49,140,1443,2554,976,329,0
49,141,1443,2554,2900,191,0
49,142,1443,2554,1962,1771,0
49,143,1443,2554,238,1665,0
49,144,1443,2554,295,1936,0
49,145,1443,2554,1854,141,0
49,146,1443,2554,2927,2918,0
49,147,1443,2554,652,2117,0
49,148,1443,2554,1281,1593,0
49,149,1443,2554,1093,2355,0
49,150,1443,2554,821,2889,0
49,151,1443,2554,2640,293,0
49,152,1443,2554,2213,1092,0
49,153,1443,2554,2554,526,0
49,154,1443,2554,773,2759,0
49,155,1443,2554,2398,2598,0
49,156,1443,2554,352,1773,0
49,157,1443,2554,136,1123,0
49,158,1443,2554,2533,1961,0
49,159,1443,2554,1274,2648,0
49,160,1443,2554,2856,1016,0
49,161,1443,2554,723,68,0
49,162,1443,2554,1849,735,0
49,163,1443,2554,1750,564,0
49,164,1443,2554,21,376,0
49,165,1443,2554,2035,939,0
49,166,1443,2554,1752,1825,0
49,167,1443,2554,2384,871,0
49,168,1443,2554,1034,788,0
49,169,1443,2554,1867,2645,0
49,170,1443,2554,940,504,0
49,171,1443,2554,1519,1618,0
49,172,1443,2554,1392,2416,1
49,173,1443,2554,1843,947,0
49,174,1443,2554,1387,1345,0
49,175,1443,2554,2479,1210,0
49,176,1443,2554,1555,1680,0
49,177,1443,2554,160,2470,0
49,178,1443,2554,2692,2143,0
49,179,1443,2554,158,2357,0
49,180,1443,2554,2335,890,0
49,181,1443,2554,1761,1075,0
49,182,1443,2554,2099,406,0
50,0,194,2519,1639,2892,0
50,1,194,2519,1329,745,0
50,2,194,2519,443,1218,0
50,3,194,2519,2514,1181,0
50,4,194,2519,2286,223,0
50,5,194,2519,595,2408,0
50,6,194,2519,1383,2289,0
50,7,194,2519,1795,201,0
50,8,194,2519,2598,838,0
50,9,194,2519,813,1715,0
50,10,194,2519,1135,391,0
50,11,194,2519,1132,1878,0
50,12,194,2519,2041,661,0
50,13,194,2519,1434,670,0
50,14,194,2519,300,623,0
50,15,194,2519,1559,2032,0
50,16,194,2519,1224,2119,0
50,17,194,2519,838,460,0
50,18,194,2519,352,2688,0
50,19,194,2519,2179,352,0
50,20,194,2519,525,672,0
50,21,194,2519,1652,2883,0
50,22,194,2519,1373,2660,0
50,23,194,2519,2814,1659,0
50,24,194,2519,1449,1659,0
50,25,194,2519,2305,1303,0
50,26,194,2519,769,677,0
50,27,194,2519,2295,2940,0
50,28,194,2519,577,2880,0
50,29,194,2519,1614,2810,0
50,30,194,2519,47,1395,0
50,31,194,2519,2664,803,0
50,32,194,2519,2309,2153,0
50,33,194,2519,2074,2182,0
50,34,194,2519,1554,11,0
50,35,194,2519,1400,2146,0
50,36,194,2519,1795,740,0
50,37,194,2519,931,567,0
50,38,194,2519,1254,1779,0
50,39,194,2519,45,883,0
50,40,194,2519,1359,119,0
50,41,194,2519,2127,1277,0
50,42,194,2519,2925,1375,0
50,43,194,2519,2505,1463,0
50,44,194,2519,1791,2744,0
50,45,194,2519,1916,1718,0
50,46,194,2519,167,2831,0
50,47,194,2519,2315,236,0
50,48,194,2519,1902,1139,0
50,49,194,2519,1443,2554,0
50,51,194,2519,301,248,0
50,52,194,2519,934,2502,0
50,53,194,2519,343,1045,0
50,54,194,2519,1542,1250,0
50,55,194,2519,2149,1171,0
50,56,194,2519,2055,1783,0
50,57,194,2519,941,1993,0
50,58,194,2519,123,1452,0
50,59,194,2519,2845,2865,0
50,60,194,2519,1089,2442,0
50,61,194,2519,859,1946,0
50,62,194,2519,1024,191,0
50,63,194,2519,640,1179,0
50,64,194,2519,2225,946,0
50,65,194,2519,349,822,0
50,66,194,2519,826,2377,0
50,67,194,2519,1638,96,0
50,68,194,2519,2727,990,0
50,69,194,2519,2915,1910,0
50,70,194,2519,1406,1407,0
50,71,194,2519,2216,2614,0
50,72,194,2519,1497,453,0
50,73,194,2519,1462,1798,0
50,74,194,2519,1212,215,0
50,75,194,2519,2881,2014,0
50,76,194,2519,32,1929,0
50,77,194,2519,2695,266,0
50,78,194,2519,2042,2855,0
50,79,194,2519,193,1354,0
50,80,194,2519,123,892,0
50,81,194,2519,2391,199,0
50,82,194,2519,738,1556,0
50,83,194,2519,656,1512,0
50,84,194,2519,2081,2886,0
50,85,194,2519,2720,2097,0
50,86,194,2519,2245,1289,0
50,87,194,2519,714,2990,0
50,88,194,2519,2800,641,0
50,89,194,2519,2389,2741,0
50,90,194,2519,538,2170,0
50,91,194,2519,2767,2393,0
50,92,194,2519,1270,693,0
50,93,194,2519,2649,133,0
50,94,194,2519,782,2023,0
50,95,194,2519,551,1308,0
50,96,194,2519,2784,254,0
50,97,194,2519,2443,1306,0
50,98,194,2519,1619,1722,0
50,99,194,2519,508,1060,0
50,100,194,2519,2201,1345,0
50,101,194,2519,2587,861,0
50,102,194,2519,2593,412,0
50,103,194,2519,2995,1976,0
50,104,194,2519,2546,755,0
50,105,194,2519,1384,10,0
50,106,194,2519,1458,697,0
50,107,194,2519,52,2157,0
50,108,194,2519,2017,217,0
50,109,194,2519,2750,1252,0
50,110,194,2519,1972,2182,0
50,111,194,2519,736,1220,0
50,112,194,2519,1701,2178,0
50,113,194,2519,27,769,0
50,114,194,2519,148,1215,0
50,115,194,2519,1308,917,0
50,116,194,2519,579,885,0
50,117,194,2519,2737,2060,0
50,118,194,2519,1739,2828,0
50,119,194,2519,1339,2055,0
50,120,194,2519,1479,618,0
50,121,194,2519,1518,2678,0
50,122,194,2519,2663,2085,0
50,123,194,2519,1536,440,0
50,124,194,2519,2347,485,0
50,125,194,2519,2244,1545,0
50,126,194,2519,1821,2562,0
50,127,194,2519,1162,1754,0
50,128,194,2519,476,1205,0
50,129,194,2519,1692,876,0
50,130,194,2519,300,1205,0
50,131,194,2519,2003,1714,0
50,132,194,2519,381,1336,0
50,133,194,2519,2948,2728,0
50,134,194,2519,1258,2583,0
50,135,194,2519,1121,2987,0
50,136,194,2519,2245,575,0
50,137,194,2519,721,430,0
50,138,194,2519,1441,992,0
50,139,194,2519,2326,2998,0
50,140,194,2519,976,329,0
50,141,194,2519,2900,191,0
50,142,194,2519,1962,1771,0
50,143,194,2519,238,1665,0
50,144,194,2519,295,1936,0
50,145,194,2519,1854,141,0
50,146,194,2519,2927,2918,0
50,147,194,2519,652,2117,0
50,148,194,2519,1281,1593,0
50,149,194,2519,1093,2355,0
50,150,194,2519,821,2889,0
50,151,194,2519,2640,293,0
50,152,194,2519,2213,1092,0
50,153,194,2519,2554,526,0
50,154,194,2519,773,2759,0
50,155,194,2519,2398,2598,0
50,156,194,2519,352,1773,0
50,157,194,2519,136,1123,0
50,158,194,2519,2533,1961,0
50,159,194,2519,1274,2648,0
50,160,194,2519,2856,1016,0
50,161,194,2519,723,68,0
50,162,194,2519,1849,735,0
50,163,194,2519,1750,564,0
50,164,194,2519,21,376,0
50,165,194,2519,2035,939,0
50,166,194,2519,1752,1825,0
50,167,194,2519,2384,871,0
50,168,194,2519,1034,788,0
50,169,194,2519,1867,2645,0
50,170,194,2519,940,504,0
50,171,194,2519,1519,1618,0
50,172,194,2519,1392,2416,0
50,173,194,2519,1843,947,0
50,174,194,2519,1387,1345,0
50,175,194,2519,2479,1210,0
50,176,194,2519,1555,1680,0
50,177,194,2519,160,2470,1
50,178,194,2519,2692,2143,0
50,179,194,2519,158,2357,0
50,180,194,2519,2335,890,0
50,181,194,2519,1761,1075,0
50,182,194,2519,2099,406,0
51,0,301,248,1639,2892,0
51,1,301,248,1329,745,0
51,2,301,248,443,1218,0
51,3,301,248,2514,1181,0
51,4,301,248,2286,223,0
51,5,301,248,595,2408,0
51,6,301,248,1383,2289,0
51,7,301,248,1795,201,0
51,8,301,248,2598,838,0
51,9,301,248,813,1715,0
51,10,301,248,1135,391,0
51,11,301,248,1132,1878,0
51,12,301,248,2041,661,0
51,13,301,248,1434,670,0
51,14,301,248,300,623,0
51,15,301,248,1559,2032,0
51,16,301,248,1224,2119,0
51,17,301,248,838,460,0
51,18,301,248,352,2688,0
51,19,301,248,2179,352,0
51,20,301,248,525,672,0
51,21,301,248,1652,2883,0
51,22,301,248,1373,2660,0
51,23,301,248,2814,1659,0
51,24,301,248,1449,1659,0
51,25,301,248,2305,1303,0
51,26,301,248,769,677,0
51,27,301,248,2295,2940,0
51,28,301,248,577,2880,0
51,29,301,248,1614,2810,0
51,30,301,248,47,1395,0
51,31,301,248,2664,803,0
51,32,301,248,2309,2153,0
51,33,301,248,2074,2182,0
51,34,301,248,1554,11,0
51,35,301,248,1400,2146,0
51,36,301,248,1795,740,0
51,37,301,248,931,567,0
51,38,301,248,1254,1779,0
51,39,301,248,45,883,0
51,40,301,248,1359,119,0
51,41,301,248,2127,1277,0
51,42,301,248,2925,1375,0
51,43,301,248,2505,1463,0
51,44,301,248,1791,2744,0
51,45,301,248,1916,1718,0
51,46,301,248,167,2831,0
51,47,301,248,2315,236,0
51,48,301,248,1902,1139,0
51,49,301,248,1443,2554,0
51,50,301,248,194,2519,0
51,52,301,248,934,2502,0
51,53,301,248,343,1045,0
51,54,301,248,1542,1250,0
51,55,301,248,2149,1171,0
51,56,301,248,2055,1783,0
51,57,301,248,941,1993,0
51,58,301,248,123,1452,0
51,59,301,248,2845,2865,0
51,60,301,248,1089,2442,0
51,61,301,248,859,1946,0
51,62,301,248,1024,191,0
51,63,301,248,640,1179,0
51,64,301,248,2225,946,0
51,65,301,248,349,822,0
51,66,301,248,826,2377,0
51,67,301,248,1638,96,0
51,68,301,248,2727,990,0
51,69,301,248,2915,1910,0
51,70,301,248,1406,1407,0
51,71,301,248,2216,2614,0
51,72,301,248,1497,453,0
51,73,301,248,1462,1798,0
51,74,301,248,1212,215,0
51,75,301,248,2881,2014,0
51,76,301,248,32,1929,0
51,77,301,248,2695,266,0
51,78,301,248,2042,2855,0
51,79,301,248,193,1354,0
51,80,301,248,123,892,0
51,81,301,248,2391,199,0
51,82,301,248,738,1556,0
51,83,301,248,656,1512,0
51,84,301,248,2081,2886,0
51,85,301,248,2720,2097,0
51,86,301,248,2245,1289,0
51,87,301,248,714,2990,0
51,88,301,248,2800,641,0
51,89,301,248,2389,2741,0
51,90,301,248,538,2170,0
51,91,301,248,2767,2393,0
51,92,301,248,1270,693,0
51,93,301,248,2649,133,0
51,94,301,248,782,2023,0
51,95,301,248,551,1308,0
51,96,301,248,2784,254,0
51,97,301,248,2443,1306,0
51,98,301,248,1619,1722,0
51,99,301,248,508,1060,0
51,100,301,248,2201,1345,0
51,101,301,248,2587,861,0
51,102,301,248,2593,412,0
51,103,301,248,2995,1976,0
51,104,301,248,2546,755,0
51,105,301,248,1384,10,0
51,106,301,248,1458,697,0
51,107,301,248,52,2157,0
51,108,301,248,2017,217,0
51,109,301,248,2750,1252,0
51,110,301,248,1972,2182,0
51,111,301,248,736,1220,0
51,112,301,248,1701,2178,0
51,113,301,248,27,769,0
51,114,301,248,148,1215,0
51,115,301,248,1308,917,0
51,116,301,248,579,885,0
51,117,301,248,2737,2060,0
51,118,301,248,1739,2828,0
51,119,301,248,1339,2055,0
51,120,301,248,1479,618,0
51,121,301,248,1518,2678,0
51,122,301,248,2663,2085,0
51,123,301,248,1536,440,0
51,124,301,248,2347,485,0
51,125,301,248,2244,1545,0
51,126,301,248,1821,2562,0
51,127,301,248,1162,1754,0
51,128,301,248,476,1205,0
51,129,301,248,1692,876,0
51,130,301,248,300,1205,0
51,131,301,248,2003,1714,0
51,132,301,248,381,1336,0
51,133,301,248,2948,2728,0
51,134,301,248,1258,2583,0
51,135,301,248,1121,2987,0
51,136,301,248,2245,575,0
51,137,301,248,721,430,0
51,138,301,248,1441,992,0
51,139,301,248,2326,2998,0
51,140,301,248,976,329,0
51,141,301,248,2900,191,0
51,142,301,248,1962,1771,0
51,143,301,248,238,1665,0
51,144,301,248,295,1936,0
51,145,301,248,1854,141,0
51,146,301,248,2927,2918,0
51,147,301,248,652,2117,0
51,148,301,248,1281,1593,0
51,149,301,248,1093,2355,0
51,150,301,248,821,2889,0
51,151,301,248,2640,293,0
51,152,301,248,2213,1092,0
51,153,301,248,2554,526,0
51,154,301,248,773,2759,0
51,155,301,248,2398,2598,0
51,156,301,248,352,1773,0
51,157,301,248,136,1123,0
51,158,301,248,2533,1961,0
51,159,301,248,1274,2648,0
51,160,301,248,2856,1016,0
51,161,301,248,723,68,1
51,162,301,248,1849,735,0
51,163,301,248,1750,564,0
51,164,301,248,21,376,0
51,165,301,248,2035,939,0
51,166,301,248,1752,1825,0
51,167,301,248,2384,871,0
51,168,301,248,1034,788,0
51,169,301,248,1867,2645,0
51,170,301,248,940,504,0
51,171,301,248,1519,1618,0
51,172,301,248,1392,2416,0
51,173,301,248,1843,947,0
51,174,301,248,1387,1345,0
51,175,301,248,2479,1210,0
51,176,301,248,1555,1680,0
51,177,301,248,160,2470,0
51,178,301,248,2692,2143,0
51,179,301,248,158,2357,0
51,180,301,248,2335,890,0
51,181,301,248,1761,1075,0
51,182,301,248,2099,406,0
52,0,934,2502,1639,2892,0
52,1,934,2502,1329,745,0
52,2,934,2502,443,1218,0
52,3,934,2502,2514,1181,0
52,4,934,2502,2286,223,0
52,5,934,2502,595,2408,0
52,6,934,2502,1383,2289,0
52,7,934,2502,1795,201,0
52,8,934,2502,2598,838,0
52,9,934,2502,813,1715,0
52,10,934,2502,1135,391,0
52,11,934,2502,1132,1878,0
52,12,934,2502,2041,661,0
52,13,934,2502,1434,670,0
52,14,934,2502,300,623,0
52,15,934,2502,1559,2032,0
52,16,934,2502,1224,2119,0
52,17,934,2502,838,460,0
52,18,934,2502,352,2688,0
52,19,934,2502,2179,352,0
52,20,934,2502,525,672,0
52,21,934,2502,1652,2883,0
52,22,934,2502,1373,2660,0
52,23,934,2502,2814,1659,0
52,24,934,2502,1449,1659,0
52,25,934,2502,2305,1303,0
52,26,934,2502,769,677,0
52,27,934,2502,2295,2940,0
52,28,934,2502,577,2880,0
52,29,934,2502,1614,2810,0
52,30,934,2502,47,1395,0
52,31,934,2502,2664,803,0
52,32,934,2502,2309,2153,0
52,33,934,2502,2074,2182,0
52,34,934,2502,1554,11,0
52,35,934,2502,1400,2146,0
52,36,934,2502,1795,740,0
52,37,934,2502,931,567,0
52,38,934,2502,1254,1779,0
52,39,934,2502,45,883,0
52,40,934,2502,1359,119,0
52,41,934,2502,2127,1277,0
52,42,934,2502,2925,1375,0
52,43,934,2502,2505,1463,0
52,44,934,2502,1791,2744,0
52,45,934,2502,1916,1718,0
52,46,934,2502,167,2831,0
52,47,934,2502,2315,236,0
52,48,934,2502,1902,1139,0
52,49,934,2502,1443,2554,0
52,50,934,2502,194,2519,0
52,51,934,2502,301,248,0
52,53,934,2502,343,1045,0
52,54,934,2502,1542,1250,0
52,55,934,2502,2149,1171,0
52,56,934,2502,2055,1783,0
52,57,934,2502,941,1993,0
52,58,934,2502,123,1452,0
52,59,934,2502,2845,2865,0
52,60,934,2502,1089,2442,0
52,61,934,2502,859,1946,0
52,62,934,2502,1024,191,0
52,63,934,2502,640,1179,0
52,64,934,2502,2225,946,0
52,65,934,2502,349,822,0
52,66,934,2502,826,2377,0
52,67,934,2502,1638,96,0
52,68,934,2502,2727,990,0
52,69,934,2502,2915,1910,0
52,70,934,2502,1406,1407,0
52,71,934,2502,2216,2614,0
52,72,934,2502,1497,453,0
52,73,934,2502,1462,1798,0
52,74,934,2502,1212,215,0
52,75,934,2502,2881,2014,0
52,76,934,2502,32,1929,0
52,77,934,2502,2695,266,0
52,78,934,2502,2042,2855,0
52,79,934,2502,193,1354,0
52,80,934,2502,123,892,0
52,81,934,2502,2391,199,0
52,82,934,2502,738,1556,0
52,83,934,2502,656,1512,0
52,84,934,2502,2081,2886,0
52,85,934,2502,2720,2097,0
52,86,934,2502,2245,1289,0
52,87,934,2502,714,2990,0
52,88,934,2502,2800,641,0
52,89,934,2502,2389,2741,0
52,90,934,2502,538,2170,0
52,91,934,2502,2767,2393,0
52,92,934,2502,1270,693,0
52,93,934,2502,2649,133,0
52,94,934,2502,782,2023,0
52,95,934,2502,551,1308,0
52,96,934,2502,2784,254,0
52,97,934,2502,2443,1306,0
52,98,934,2502,1619,1722,0
52,99,934,2502,508,1060,0
52,100,934,2502,2201,1345,0
52,101,934,2502,2587,861,0
52,102,934,2502,2593,412,0
52,103,934,2502,2995,1976,0
52,104,934,2502,2546,755,0
52,105,934,2502,1384,10,0
52,106,934,2502,1458,697,0
52,107,934,2502,52,2157,0
52,108,934,2502,2017,217,0
52,109,934,2502,2750,1252,0
52,110,934,2502,1972,2182,0
52,111,934,2502,736,1220,0
52,112,934,2502,1701,2178,0
52,113,934,2502,27,769,0
52,114,934,2502,148,1215,0
52,115,934,2502,1308,917,0
52,116,934,2502,579,885,0
52,117,934,2502,2737,2060,0
52,118,934,2502,1739,2828,0
52,119,934,2502,1339,2055,0
52,120,934,2502,1479,618,0
52,121,934,2502,1518,2678,0
52,122,934,2502,2663,2085,0
52,123,934,2502,1536,440,0
52,124,934,2502,2347,485,0
52,125,934,2502,2244,1545,0
52,126,934,2502,1821,2562,0
52,127,934,2502,1162,1754,0
52,128,934,2502,476,1205,0
52,129,934,2502,1692,876,0
52,130,934,2502,300,1205,0
52,131,934,2502,2003,1714,0
52,132,934,2502,381,1336,0
52,133,934,2502,2948,2728,0
52,134,934,2502,1258,2583,0
52,135,934,2502,1121,2987,0
52,136,934,2502,2245,575,0
52,137,934,2502,721,430,0
52,138,934,2502,1441,992,0
52,139,934,2502,2326,2998,0
52,140,934,2502,976,329,0
52,141,934,2502,2900,191,0
52,142,934,2502,1962,1771,0
52,143,934,2502,238,1665,0
52,144,934,2502,295,1936,0
52,145,934,2502,1854,141,0
52,146,934,2502,2927,2918,0
52,147,934,2502,652,2117,0
52,148,934,2502,1281,1593,0
52,149,934,2502,1093,2355,1
52,150,934,2502,821,2889,0
52,151,934,2502,2640,293,0
52,152,934,2502,2213,1092,0
52,153,934,2502,2554,526,0
52,154,934,2502,773,2759,0
52,155,934,2502,2398,2598,0
52,156,934,2502,352,1773,0
52,157,934,2502,136,1123,0
52,158,934,2502,2533,1961,0
52,159,934,2502,1274,2648,0
52,160,934,2502,2856,1016,0
52,161,934,2502,723,68,0
52,162,934,2502,1849,735,0
52,163,934,2502,1750,564,0
52,164,934,2502,21,376,0
52,165,934,2502,2035,939,0
52,166,934,2502,1752,1825,0
52,167,934,2502,2384,871,0
52,168,934,2502,1034,788,0
52,169,934,2502,1867,2645,0
52,170,934,2502,940,504,0
52,171,934,2502,1519,1618,0
52,172,934,2502,1392,2416,0
52,173,934,2502,1843,947,0
52,174,934,2502,1387,1345,0
52,175,934,2502,2479,1210,0
52,176,934,2502,1555,1680,0
52,177,934,2502,160,2470,0
52,178,934,2502,2692,2143,0
52,179,934,2502,158,2357,0
52,180,934,2502,2335,890,0
52,181,934,2502,1761,1075,0
52,182,934,2502,2099,406,0
53,0,343,1045,1639,2892,0
53,1,343,1045,1329,745,0
53,2,343,1045,443,1218,0
53,3,343,1045,2514,1181,0
53,4,343,1045,2286,223,0
53,5,343,1045,595,2408,0
53,6,343,1045,1383,2289,0
53,7,343,1045,1795,201,0
53,8,343,1045,2598,838,0
53,9,343,1045,813,1715,0
53,10,343,1045,1135,391,0
53,11,343,1045,1132,1878,0
53,12,343,1045,2041,661,0
53,13,343,1045,1434,670,0
53,14,343,1045,300,623,0
53,15,343,1045,1559,2032,0
53,16,343,1045,1224,2119,0
53,17,343,1045,838,460,0
53,18,343,1045,352,2688,0
53,19,343,1045,2179,352,0
53,20,343,1045,525,672,0
53,21,343,1045,1652,2883,0
53,22,343,1045,1373,2660,0
53,23,343,1045,2814,1659,0
53,24,343,1045,1449,1659,0
53,25,343,1045,2305,1303,0
53,26,343,1045,769,677,0
53,27,343,1045,2295,2940,0
53,28,343,1045,577,2880,0
53,29,343,1045,1614,2810,0
53,30,343,1045,47,1395,0
53,31,343,1045,2664,803,0
53,32,343,1045,2309,2153,0
53,33,343,1045,2074,2182,0
53,34,343,1045,1554,11,0
53,35,343,1045,1400,2146,0
53,36,343,1045,1795,740,0
53,37,343,1045,931,567,0
53,38,343,1045,1254,1779,0
53,39,343,1045,45,883,0
53,40,343,1045,1359,119,0
53,41,343,1045,2127,1277,0
53,42,343,1045,2925,1375,0
53,43,343,1045,2505,1463,0
53,44,343,1045,1791,2744,0
53,45,343,1045,1916,1718,0
53,46,343,1045,167,2831,0
53,47,343,1045,2315,236,0
53,48,343,1045,1902,1139,0
53,49,343,1045,1443,2554,0
53,50,343,1045,194,2519,0
53,51,343,1045,301,248,0
53,52,343,1045,934,2502,0
53,54,343,1045,1542,1250,0
53,55,343,1045,2149,1171,0
53,56,343,1045,2055,1783,0
53,57,343,1045,941,1993,0
53,58,343,1045,123,1452,0
53,59,343,1045,2845,2865,0
53,60,343,1045,1089,2442,0
53,61,343,1045,859,1946,0
53,62,343,1045,1024,191,0
53,63,343,1045,640,1179,0
53,64,343,1045,2225,946,0
53,65,343,1045,349,822,0
53,66,343,1045,826,2377,0
53,67,343,1045,1638,96,0
53,68,343,1045,2727,990,0
53,69,343,1045,2915,1910,0
53,70,343,1045,1406,1407,0
53,71,343,1045,2216,2614,0
53,72,343,1045,1497,453,0
53,73,343,1045,1462,1798,0
53,74,343,1045,1212,215,0
53,75,343,1045,2881,2014,0
53,76,343,1045,32,1929,0
53,77,343,1045,2695,266,0
53,78,343,1045,2042,2855,0
53,79,343,1045,193,1354,0
53,80,343,1045,123,892,0
53,81,343,1045,2391,199,0
53,82,343,1045,738,1556,0
53,83,343,1045,656,1512,0
53,84,343,1045,2081,2886,0
53,85,343,1045,2720,2097,0
53,86,343,1045,2245,1289,0
53,87,343,1045,714,2990,0
53,88,343,1045,2800,641,0
53,89,343,1045,2389,2741,0
53,90,343,1045,538,2170,0
53,91,343,1045,2767,2393,0
53,92,343,1045,1270,693,0
53,93,343,1045,2649,133,0
53,94,343,1045,782,2023,0
53,95,343,1045,551,1308,0
53,96,343,1045,2784,254,0
53,97,343,1045,2443,1306,0
53,98,343,1045,1619,1722,0
53,99,343,1045,508,1060,0
53,100,343,1045,2201,1345,0
53,101,343,1045,2587,861,0
53,102,343,1045,2593,412,0
53,103,343,1045,2995,1976,0
53,104,343,1045,2546,755,0
53,105,343,1045,1384,10,0
53,106,343,1045,1458,697,0
53,107,343,1045,52,2157,0
53,108,343,1045,2017,217,0
53,109,343,1045,2750,1252,0
53,110,343,1045,1972,2182,0
53,111,343,1045,736,1220,0
53,112,343,1045,1701,2178,0
53,113,343,1045,27,769,0
53,114,343,1045,148,1215,0
53,115,343,1045,1308,917,0
53,116,343,1045,579,885,0
53,117,343,1045,2737,2060,0
53,118,343,1045,1739,2828,0
53,119,343,1045,1339,2055,0
53,120,343,1045,1479,618,0
53,121,343,1045,1518,2678,0
53,122,343,1045,2663,2085,0
53,123,343,1045,1536,440,0
53,124,343,1045,2347,485,0
53,125,343,1045,2244,1545,0
53,126,343,1045,1821,2562,0
53,127,343,1045,1162,1754,0
53,128,343,1045,476,1205,0
53,129,343,1045,1692,876,0
53,130,343,1045,300,1205,1
53,131,343,1045,2003,1714,0
53,132,343,1045,381,1336,0
53,133,343,1045,2948,2728,0
53,134,343,1045,1258,2583,0
53,135,343,1045,1121,2987,0
53,136,343,1045,2245,575,0
53,137,343,1045,721,430,0
53,138,343,1045,1441,992,0
53,139,343,1045,2326,2998,0
53,140,343,1045,976,329,0
53,141,343,1045,2900,191,0
53,142,343,1045,1962,1771,0
53,143,343,1045,238,1665,0
53,144,343,1045,295,1936,0
53,145,343,1045,1854,141,0
53,146,343,1045,2927,2918,0
53,147,343,1045,652,2117,0
53,148,343,1045,1281,1593,0
53,149,343,1045,1093,2355,0
53,150,343,1045,821,2889,0
53,151,343,1045,2640,293,0
53,152,343,1045,2213,1092,0
53,153,343,1045,2554,526,0
53,154,343,1045,773,2759,0
53,155,343,1045,2398,2598,0
53,156,343,1045,352,1773,0
53,157,343,1045,136,1123,0
53,158,343,1045,2533,1961,0
53,159,343,1045,1274,2648,0
53,160,343,1045,2856,1016,0
53,161,343,1045,723,68,0
53,162,343,1045,1849,735,0
53,163,343,1045,1750,564,0
53,164,343,1045,21,376,0
53,165,343,1045,2035,939,0
53,166,343,1045,1752,1825,0
53,167,343,1045,2384,871,0
53,168,343,1045,1034,788,0
53,169,343,1045,1867,2645,0
53,170,343,1045,940,504,0
53,171,343,1045,1519,1618,0
53,172,343,1045,1392,2416,0
53,173,343,1045,1843,947,0
53,174,343,1045,1387,1345,0
53,175,343,1045,2479,1210,0
53,176,343,1045,1555,1680,0
53,177,343,1045,160,2470,0
53,178,343,1045,2692,2143,0
53,179,343,1045,158,2357,0
53,180,343,1045,2335,890,0
53,181,343,1045,1761,1075,0
53,182,343,1045,2099,406,0
54,0,1542,1250,1639,2892,0
54,1,1542,1250,1329,745,0
54,2,1542,1250,443,1218,0
54,3,1542,1250,2514,1181,0
54,4,1542,1250,2286,223,0
54,5,1542,1250,595,2408,0
54,6,1542,1250,1383,2289,0
54,7,1542,1250,1795,201,0
54,8,1542,1250,2598,838,0
54,9,1542,1250,813,1715,0
54,10,1542,1250,1135,391,0
54,11,1542,1250,1132,1878,0
54,12,1542,1250,2041,661,0
54,13,1542,1250,1434,670,0
54,14,1542,1250,300,623,0
54,15,1542,1250,1559,2032,0
54,16,1542,1250,1224,2119,0
54,17,1542,1250,838,460,0
54,18,1542,1250,352,2688,0
54,19,1542,1250,2179,352,0
54,20,1542,1250,525,672,0
54,21,1542,1250,1652,2883,0
54,22,1542,1250,1373,2660,0
54,23,1542,1250,2814,1659,0
54,24,1542,1250,1449,1659,0
54,25,1542,1250,2305,1303,0
54,26,1542,1250,769,677,0
54,27,1542,1250,2295,2940,0
54,28,1542,1250,577,2880,0
54,29,1542,1250,1614,2810,0
54,30,1542,1250,47,1395,0
54,31,1542,1250,2664,803,0
54,32,1542,1250,2309,2153,0
54,33,1542,1250,2074,2182,0
54,34,1542,1250,1554,11,0
54,35,1542,1250,1400,2146,0
54,36,1542,1250,1795,740,0
54,37,1542,1250,931,567,0
54,38,1542,1250,1254,1779,0
54,39,1542,1250,45,883,0
54,40,1542,1250,1359,119,0
54,41,1542,1250,2127,1277,0
54,42,1542,1250,2925,1375,0
54,43,1542,1250,2505,1463,0
54,44,1542,1250,1791,2744,0
54,45,1542,1250,1916,1718,0
54,46,1542,1250,167,2831,0
54,47,1542,1250,2315,236,0
54,48,1542,1250,1902,1139,0
54,49,1542,1250,1443,2554,0
54,50,1542,1250,194,2519,0
54,51,1542,1250,301,248,0
54,52,1542,1250,934,2502,0
54,53,1542,1250,343,1045,0
54,55,1542,1250,2149,1171,0
54,56,1542,1250,2055,1783,0
54,57,1542,1250,941,1993,0
54,58,1542,1250,123,1452,0
54,59,1542,1250,2845,2865,0
54,60,1542,1250,1089,2442,0
54,61,1542,1250,859,1946,0
54,62,1542,1250,1024,191,0
54,63,1542,1250,640,1179,0
54,64,1542,1250,2225,946,0
54,65,1542,1250,349,822,0
54,66,1542,1250,826,2377,0
54,67,1542,1250,1638,96,0
54,68,1542,1250,2727,990,0
54,69,1542,1250,2915,1910,0
54,70,1542,1250,1406,1407,0
54,71,1542,1250,2216,2614,0
54,72,1542,1250,1497,453,0
54,73,1542,1250,1462,1798,0
54,74,1542,1250,1212,215,0
54,75,1542,1250,2881,2014,0
54,76,1542,1250,32,1929,0
54,77,1542,1250,2695,266,0
54,78,1542,1250,2042,2855,0
54,79,1542,1250,193,1354,0
54,80,1542,1250,123,892,0
54,81,1542,1250,2391,199,0
54,82,1542,1250,738,1556,0
54,83,1542,1250,656,1512,0
54,84,1542,1250,2081,2886,0
54,85,1542,1250,2720,2097,0
54,86,1542,1250,2245,1289,0
54,87,1542,1250,714,2990,0
54,88,1542,1250,2800,641,0
54,89,1542,1250,2389,2741,0
54,90,1542,1250,538,2170,0
54,91,1542,1250,2767,2393,0
54,92,1542,1250,1270,693,0
54,93,1542,1250,2649,133,0
54,94,1542,1250,782,2023,0
54,95,1542,1250,551,1308,0
54,96,1542,1250,2784,254,0
54,97,1542,1250,2443,1306,0
54,98,1542,1250,1619,1722,0
54,99,1542,1250,508,1060,0
54,100,1542,1250,2201,1345,0
54,101,1542,1250,2587,861,0
54,102,1542,1250,2593,412,0
54,103,1542,1250,2995,1976,0
54,104,1542,1250,2546,755,0
54,105,1542,1250,1384,10,0
54,106,1542,1250,1458,697,0
54,107,1542,1250,52,2157,0
54,108,1542,1250,2017,217,0
54,109,1542,1250,2750,1252,0
54,110,1542,1250,1972,2182,0
54,111,1542,1250,736,1220,0
54,112,1542,1250,1701,2178,0
54,113,1542,1250,27,769,0
54,114,1542,1250,148,1215,0
54,115,1542,1250,1308,917,0
54,116,1542,1250,579,885,0
54,117,1542,1250,2737,2060,0
54,118,1542,1250,1739,2828,0
54,119,1542,1250,1339,2055,0
54,120,1542,1250,1479,618,0
54,121,1542,1250,1518,2678,0
54,122,1542,1250,2663,2085,0
54,123,1542,1250,1536,440,0
54,124,1542,1250,2347,485,0
54,125,1542,1250,2244,1545,0
54,126,1542,1250,1821,2562,0
54,127,1542,1250,1162,1754,0
54,128,1542,1250,476,1205,0
54,129,1542,1250,1692,876,0
54,130,1542,1250,300,1205,0
54,131,1542,1250,2003,1714,0
54,132,1542,1250,381,1336,0
54,133,1542,1250,2948,2728,0
54,134,1542,1250,1258,2583,0
54,135,1542,1250,1121,2987,0
54,136,1542,1250,2245,575,0
54,137,1542,1250,721,430,0
54,138,1542,1250,1441,992,1
54,139,1542,1250,2326,2998,0
54,140,1542,1250,976,329,0
54,141,1542,1250,2900,191,0
54,142,1542,1250,1962,1771,0
54,143,1542,1250,238,1665,0
54,144,1542,1250,295,1936,0
54,145,1542,1250,1854,141,0
54,146,1542,1250,2927,2918,0
54,147,1542,1250,652,2117,0
54,148,1542,1250,1281,1593,0
54,149,1542,1250,1093,2355,0
54,150,1542,1250,821,2889,0
54,151,1542,1250,2640,293,0
54,152,1542,1250,2213,1092,0
54,153,1542,1250,2554,526,0
54,154,1542,1250,773,2759,0
54,155,1542,1250,2398,2598,0
54,156,1542,1250,352,1773,0
54,157,1542,1250,136,1123,0
54,158,1542,1250,2533,1961,0
54,159,1542,1250,1274,2648,0
54,160,1542,1250,2856,1016,0
54,161,1542,1250,723,68,0
54,162,1542,1250,1849,735,0
54,163,1542,1250,1750,564,0
54,164,1542,1250,21,376,0
54,165,1542,1250,2035,939,0
54,166,1542,1250,1752,1825,0
54,167,1542,1250,2384,871,0
54,168,1542,1250,1034,788,0
54,169,1542,1250,1867,2645,0
54,170,1542,1250,940,504,0
54,171,1542,1250,1519,1618,0
54,172,1542,1250,1392,2416,0
54,173,1542,1250,1843,947,0
54,174,1542,1250,1387,1345,0
54,175,1542,1250,2479,1210,0
54,176,1542,1250,1555,1680,0
54,177,1542,1250,160,2470,0
54,178,1542,1250,2692,2143,0
54,179,1542,1250,158,2357,0
54,180,1542,1250,2335,890,0
54,181,1542,1250,1761,1075,0
54,182,1542,1250,2099,406,0
55,0,2149,1171,1639,2892,0
55,1,2149,1171,1329,745,0
55,2,2149,1171,443,1218,0
55,3,2149,1171,2514,1181,0
55,4,2149,1171,2286,223,0
55,5,2149,1171,595,2408,0
55,6,2149,1171,1383,2289,0
55,7,2149,1171,1795,201,0
55,8,2149,1171,2598,838,0
55,9,2149,1171,813,1715,0
55,10,2149,1171,1135,391,0
55,11,2149,1171,1132,1878,0
55,12,2149,1171,2041,661,0
55,13,2149,1171,1434,670,0
55,14,2149,1171,300,623,0
55,15,2149,1171,1559,2032,0
55,16,2149,1171,1224,2119,0
55,17,2149,1171,838,460,0
55,18,2149,1171,352,2688,0
55,19,2149,1171,2179,352,0
55,20,2149,1171,525,672,0
55,21,2149,1171,1652,2883,0
55,22,2149,1171,1373,2660,0
55,23,2149,1171,2814,1659,0
55,24,2149,1171,1449,1659,0
55,25,2149,1171,2305,1303,0
55,26,2149,1171,769,677,0
55,27,2149,1171,2295,2940,0
55,28,2149,1171,577,2880,0
55,29,2149,1171,1614,2810,0
55,30,2149,1171,47,1395,0
55,31,2149,1171,2664,803,0
55,32,2149,1171,2309,2153,0
55,33,2149,1171,2074,2182,0
55,34,2149,1171,1554,11,0
55,35,2149,1171,1400,2146,0
55,36,2149,1171,1795,740,0
55,37,2149,1171,931,567,0
55,38,2149,1171,1254,1779,0
55,39,2149,1171,45,883,0
55,40,2149,1171,1359,119,0
55,41,2149,1171,2127,1277,1
55,42,2149,1171,2925,1375,0
55,43,2149,1171,2505,1463,0
55,44,2149,1171,1791,2744,0
55,45,2149,1171,1916,1718,0
55,46,2149,1171,167,2831,0
55,47,2149,1171,2315,236,0
55,48,2149,1171,1902,1139,0
55,49,2149,1171,1443,2554,0
55,50,2149,1171,194,2519,0
55,51,2149,1171,301,248,0
55,52,2149,1171,934,2502,0
55,53,2149,1171,343,1045,0
55,54,2149,1171,1542,1250,0
55,56,2149,1171,2055,1783,0
55,57,2149,1171,941,1993,0
55,58,2149,1171,123,1452,0
55,59,2149,1171,2845,2865,0
55,60,2149,1171,1089,2442,0
55,61,2149,1171,859,1946,0
55,62,2149,1171,1024,191,0
55,63,2149,1171,640,1179,0
55,64,2149,1171,2225,946,0
55,65,2149,1171,349,822,0
55,66,2149,1171,826,2377,0
55,67,2149,1171,1638,96,0
55,68,2149,1171,2727,990,0
55,69,2149,1171,2915,1910,0
55,70,2149,1171,1406,1407,0
55,71,2149,1171,2216,2614,0
55,72,2149,1171,1497,453,0
55,73,2149,1171,1462,1798,0
55,74,2149,1171,1212,215,0
55,75,2149,1171,2881,2014,0
55,76,2149,1171,32,1929,0
55,77,2149,1171,2695,266,0
55,78,2149,1171,2042,2855,0
55,79,2149,1171,193,1354,0
55,80,2149,1171,123,892,0
55,81,2149,1171,2391,199,0
55,82,2149,1171,738,1556,0
55,83,2149,1171,656,1512,0
55,84,2149,1171,2081,2886,0
55,85,2149,1171,2720,2097,0
55,86,2149,1171,2245,1289,0
55,87,2149,1171,714,2990,0
55,88,2149,1171,2800,641,0
55,89,2149,1171,2389,2741,0
55,90,2149,1171,538,2170,0
55,91,2149,1171,2767,2393,0
55,92,2149,1171,1270,693,0
55,93,2149,1171,2649,133,0
55,94,2149,1171,782,2023,0
55,95,2149,1171,551,1308,0
55,96,2149,1171,2784,254,0
55,97,2149,1171,2443,1306,0
55,98,2149,1171,1619,1722,0
55,99,2149,1171,508,1060,0
55,100,2149,1171,2201,1345,0
55,101,2149,1171,2587,861,0
55,102,2149,1171,2593,412,0
55,103,2149,1171,2995,1976,0
55,104,2149,1171,2546,755,0
55,105,2149,1171,1384,10,0
55,106,2149,1171,1458,697,0
55,107,2149,1171,52,2157,0
55,108,2149,1171,2017,217,0
55,109,2149,1171,2750,1252,0
55,110,2149,1171,1972,2182,0
55,111,2149,1171,736,1220,0
55,112,2149,1171,1701,2178,0
55,113,2149,1171,27,769,0
55,114,2149,1171,148,1215,0
55,115,2149,1171,1308,917,0
55,116,2149,1171,579,885,0
55,117,2149,1171,2737,2060,0
55,118,2149,1171,1739,2828,0
55,119,2149,1171,1339,2055,0
55,120,2149,1171,1479,618,0
55,121,2149,1171,1518,2678,0
55,122,2149,1171,2663,2085,0
55,123,2149,1171,1536,440,0
55,124,2149,1171,2347,485,0
55,125,2149,1171,2244,1545,0
55,126,2149,1171,1821,2562,0
55,127,2149,1171,1162,1754,0
55,128,2149,1171,476,1205,0
55,129,2149,1171,1692,876,0
55,130,2149,1171,300,1205,0
55,131,2149,1171,2003,1714,0
55,132,2149,1171,381,1336,0
55,133,2149,1171,2948,2728,0
55,134,2149,1171,1258,2583,0
55,135,2149,1171,1121,2987,0
55,136,2149,1171,2245,575,0
55,137,2149,1171,721,430,0
55,138,2149,1171,1441,992,0
55,139,2149,1171,2326,2998,0
55,140,2149,1171,976,329,0
55,141,2149,1171,2900,191,0
55,142,2149,1171,1962,1771,0
55,143,2149,1171,238,1665,0
55,144,2149,1171,295,1936,0
55,145,2149,1171,1854,141,0
55,146,2149,1171,2927,2918,0
55,147,2149,1171,652,2117,0
55,148,2149,1171,1281,1593,0
55,149,2149,1171,1093,2355,0
55,150,2149,1171,821,2889,0
55,151,2149,1171,2640,293,0
55,152,2149,1171,2213,1092,0
55,153,2149,1171,2554,526,0
55,154,2149,1171,773,2759,0
55,155,2149,1171,2398,2598,0
55,156,2149,1171,352,1773,0
55,157,2149,1171,136,1123,0
55,158,2149,1171,2533,1961,0
55,159,2149,1171,1274,2648,0
55,160,2149,1171,2856,1016,0
55,161,2149,1171,723,68,0
55,162,2149,1171,1849,735,0
55,163,2149,1171,1750,564,0
55,164,2149,1171,21,376,0
55,165,2149,1171,2035,939,0
55,166,2149,1171,1752,1825,0
55,167,2149,1171,2384,871,0
55,168,2149,1171,1034,788,0
55,169,2149,1171,1867,2645,0
55,170,2149,1171,940,504,0
55,171,2149,1171,1519,1618,0
55,172,2149,1171,1392,2416,0
55,173,2149,1171,1843,947,0
55,174,2149,1171,1387,1345,0
55,175,2149,1171,2479,1210,0
55,176,2149,1171,1555,1680,0
55,177,2149,1171,160,2470,0
55,178,2149,1171,2692,2143,0
55,179,2149,1171,158,2357,0
55,180,2149,1171,2335,890,0
55,181,2149,1171,1761,1075,0
55,182,2149,1171,2099,406,0
56,0,2055,1783,1639,2892,0
56,1,2055,1783,1329,745,0
56,2,2055,1783,443,1218,0
56,3,2055,1783,2514,1181,0
56,4,2055,1783,2286,223,0
56,5,2055,1783,595,2408,0
56,6,2055,1783,1383,2289,0
56,7,2055,1783,1795,201,0
56,8,2055,1783,2598,838,0
56,9,2055,1783,813,1715,0
56,10,2055,1783,1135,391,0
56,11,2055,1783,1132,1878,0
56,12,2055,1783,2041,661,0
56,13,2055,1783,1434,670,0
56,14,2055,1783,300,623,0
56,15,2055,1783,1559,2032,0
56,16,2055,1783,1224,2119,0
56,17,2055,1783,838,460,0
56,18,2055,1783,352,2688,0
56,19,2055,1783,2179,352,0
56,20,2055,1783,525,672,0
56,21,2055,1783,1652,2883,0
56,22,2055,1783,1373,2660,0
56,23,2055,1783,2814,1659,0
56,24,2055,1783,1449,1659,0
56,25,2055,1783,2305,1303,0
56,26,2055,1783,769,677,0
56,27,2055,1783,2295,2940,0
56,28,2055,1783,577,2880,0
56,29,2055,1783,1614,2810,0
56,30,2055,1783,47,1395,0
56,31,2055,1783,2664,803,0
56,32,2055,1783,2309,2153,0
56,33,2055,1783,2074,2182,0
56,34,2055,1783,1554,11,0
56,35,2055,1783,1400,2146,0
56,36,2055,1783,1795,740,0
56,37,2055,1783,931,567,0
56,38,2055,1783,1254,1779,0
56,39,2055,1783,45,883,0
56,40,2055,1783,1359,119,0
56,41,2055,1783,2127,1277,0
56,42,2055,1783,2925,1375,0
56,43,2055,1783,2505,1463,0
56,44,2055,1783,1791,2744,0
56,45,2055,1783,1916,1718,0
56,46,2055,1783,167,2831,0
56,47,2055,1783,2315,236,0
56,48,2055,1783,1902,1139,0
56,49,2055,1783,1443,2554,0
56,50,2055,1783,194,2519,0
56,51,2055,1783,301,248,0
56,52,2055,1783,934,2502,0
56,53,2055,1783,343,1045,0
56,54,2055,1783,1542,1250,0
56,55,2055,1783,2149,1171,0
56,57,2055,1783,941,1993,0
56,58,2055,1783,123,1452,0
56,59,2055,1783,2845,2865,0
56,60,2055,1783,1089,2442,0
56,61,2055,1783,859,1946,0
56,62,2055,1783,1024,191,0
56,63,2055,1783,640,1179,0
56,64,2055,1783,2225,946,0
56,65,2055,1783,349,822,0
56,66,2055,1783,826,2377,0
56,67,2055,1783,1638,96,0
56,68,2055,1783,2727,990,0
56,69,2055,1783,2915,1910,0
56,70,2055,1783,1406,1407,0
56,71,2055,1783,2216,2614,0
56,72,2055,1783,1497,453,0
56,73,2055,1783,1462,1798,0
56,74,2055,1783,1212,215,0
56,75,2055,1783,2881,2014,0
56,76,2055,1783,32,1929,0
56,77,2055,1783,2695,266,0
56,78,2055,1783,2042,2855,0
56,79,2055,1783,193,1354,0
56,80,2055,1783,123,892,0
56,81,2055,1783,2391,199,0
56,82,2055,1783,738,1556,0
56,83,2055,1783,656,1512,0
56,84,2055,1783,2081,2886,0
56,85,2055,1783,2720,2097,0
56,86,2055,1783,2245,1289,0
56,87,2055,1783,714,2990,0
56,88,2055,1783,2800,641,0
56,89,2055,1783,2389,2741,0
56,90,2055,1783,538,2170,0
56,91,2055,1783,2767,2393,0
56,92,2055,1783,1270,693,0
56,93,2055,1783,2649,133,0
56,94,2055,1783,782,2023,0
56,95,2055,1783,551,1308,0
56,96,2055,1783,2784,254,0
56,97,2055,1783,2443,1306,0
56,98,2055,1783,1619,1722,0
56,99,2055,1783,508,1060,0
56,100,2055,1783,2201,1345,0
56,101,2055,1783,2587,861,0
56,102,2055,1783,2593,412,0
56,103,2055,1783,2995,1976,0
56,104,2055,1783,2546,755,0
56,105,2055,1783,1384,10,0
56,106,2055,1783,1458,697,0
56,107,2055,1783,52,2157,0
56,108,2055,1783,2017,217,0
56,109,2055,1783,2750,1252,0
56,110,2055,1783,1972,2182,0
56,111,2055,1783,736,1220,0
56,112,2055,1783,1701,2178,0
56,113,2055,1783,27,769,0
56,114,2055,1783,148,1215,0
56,115,2055,1783,1308,917,0
56,116,2055,1783,579,885,0
56,117,2055,1783,2737,2060,0
56,118,2055,1783,1739,2828,0
56,119,2055,1783,1339,2055,0
56,120,2055,1783,1479,618,0
56,121,2055,1783,1518,2678,0
56,122,2055,1783,2663,2085,0
56,123,2055,1783,1536,440,0
56,124,2055,1783,2347,485,0
56,125,2055,1783,2244,1545,0
56,126,2055,1783,1821,2562,0
56,127,2055,1783,1162,1754,0
56,128,2055,1783,476,1205,0
56,129,2055,1783,1692,876,0
56,130,2055,1783,300,1205,0
56,131,2055,1783,2003,1714,1
56,132,2055,1783,381,1336,0
56,133,2055,1783,2948,2728,0
56,134,2055,1783,1258,2583,0
56,135,2055,1783,1121,2987,0
56,136,2055,1783,2245,575,0
56,137,2055,1783,721,430,0
56,138,2055,1783,1441,992,0
56,139,2055,1783,2326,2998,0
56,140,2055,1783,976,329,0
56,141,2055,1783,2900,191,0
56,142,2055,1783,1962,1771,0
56,143,2055,1783,238,1665,0
56,144,2055,1783,295,1936,0
56,145,2055,1783,1854,141,0
56,146,2055,1783,2927,2918,0
56,147,2055,1783,652,2117,0
56,148,2055,1783,1281,1593,0
56,149,2055,1783,1093,2355,0
56,150,2055,1783,821,2889,0
56,151,2055,1783,2640,293,0
56,152,2055,1783,2213,1092,0
56,153,2055,1783,2554,526,0
56,154,2055,1783,773,2759,0
56,155,2055,1783,2398,2598,0
56,156,2055,1783,352,1773,0
56,157,2055,1783,136,1123,0
56,158,2055,1783,2533,1961,0
56,159,2055,1783,1274,2648,0
56,160,2055,1783,2856,1016,0
56,161,2055,1783,723,68,0
56,162,2055,1783,1849,735,0
56,163,2055,1783,1750,564,0
56,164,2055,1783,21,376,0
56,165,2055,1783,2035,939,0
56,166,2055,1783,1752,1825,0
56,167,2055,1783,2384,871,0
56,168,2055,1783,1034,788,0
56,169,2055,1783,1867,2645,0
56,170,2055,1783,940,504,0
56,171,2055,1783,1519,1618,0
56,172,2055,1783,1392,2416,0
56,173,2055,1783,1843,947,0
56,174,2055,1783,1387,1345,0
56,175,2055,1783,2479,1210,0
56,176,2055,1783,1555,1680,0
56,177,2055,1783,160,2470,0
56,178,2055,1783,2692,2143,0
56,179,2055,1783,158,2357,0
56,180,2055,1783,2335,890,0
56,181,2055,1783,1761,1075,0
56,182,2055,1783,2099,406,0
57,0,941,1993,1639,2892,0
57,1,941,1993,1329,745,0
57,2,941,1993,443,1218,0
57,3,941,1993,2514,1181,0
57,4,941,1993,2286,223,0
57,5,941,1993,595,2408,0
57,6,941,1993,1383,2289,0
57,7,941,1993,1795,201,0
57,8,941,1993,2598,838,0
57,9,941,1993,813,1715,0
57,10,941,1993,1135,391,0
57,11,941,1993,1132,1878,0
57,12,941,1993,2041,661,0
57,13,941,1993,1434,670,0
57,14,941,1993,300,623,0
57,15,941,1993,1559,2032,0
57,16,941,1993,1224,2119,0
57,17,941,1993,838,460,0
57,18,941,1993,352,2688,0
57,19,941,1993,2179,352,0
57,20,941,1993,525,672,0
57,21,941,1993,1652,2883,0
57,22,941,1993,1373,2660,0
57,23,941,1993,2814,1659,0
57,24,941,1993,1449,1659,0
57,25,941,1993,2305,1303,0
57,26,941,1993,769,677,0
57,27,941,1993,2295,2940,0
57,28,941,1993,577,2880,0
57,29,941,1993,1614,2810,0
57,30,941,1993,47,1395,0
57,31,941,1993,2664,803,0
57,32,941,1993,2309,2153,0
57,33,941,1993,2074,2182,0
57,34,941,1993,1554,11,0
57,35,941,1993,1400,2146,0
57,36,941,1993,1795,740,0
57,37,941,1993,931,567,0
57,38,941,1993,1254,1779,0
57,39,941,1993,45,883,0
57,40,941,1993,1359,119,0
57,41,941,1993,2127,1277,0
57,42,941,1993,2925,1375,0
57,43,941,1993,2505,1463,0
57,44,941,1993,1791,2744,0
57,45,941,1993,1916,1718,0
57,46,941,1993,167,2831,0
57,47,941,1993,2315,236,0
57,48,941,1993,1902,1139,0
57,49,941,1993,1443,2554,0
57,50,941,1993,194,2519,0
57,51,941,1993,301,248,0
57,52,941,1993,934,2502,0
57,53,941,1993,343,1045,0
57,54,941,1993,1542,1250,0
57,55,941,1993,2149,1171,0
57,56,941,1993,2055,1783,0
57,58,941,1993,123,1452,0
57,59,941,1993,2845,2865,0
57,60,941,1993,1089,2442,0
57,61,941,1993,859,1946,0
57,62,941,1993,1024,191,0
57,63,941,1993,640,1179,0
57,64,941,1993,2225,946,0
57,65,941,1993,349,822,0
57,66,941,1993,826,2377,0
57,67,941,1993,1638,96,0
57,68,941,1993,2727,990,0
57,69,941,1993,2915,1910,0
57,70,941,1993,1406,1407,0
57,71,941,1993,2216,2614,0
57,72,941,1993,1497,453,0
57,73,941,1993,1462,1798,0
57,74,941,1993,1212,215,0
57,75,941,1993,2881,2014,0
57,76,941,1993,32,1929,0
57,77,941,1993,2695,266,0
57,78,941,1993,2042,2855,0
57,79,941,1993,193,1354,0
57,80,941,1993,123,892,0
57,81,941,1993,2391,199,0
57,82,941,1993,738,1556,0
57,83,941,1993,656,1512,0
57,84,941,1993,2081,2886,0
57,85,941,1993,2720,2097,0
57,86,941,1993,2245,1289,0
57,87,941,1993,714,2990,0
57,88,941,1993,2800,641,0
57,89,941,1993,2389,2741,0
57,90,941,1993,538,2170,0
57,91,941,1993,2767,2393,0
57,92,941,1993,1270,693,0
57,93,941,1993,2649,133,0
57,94,941,1993,782,2023,1
57,95,941,1993,551,1308,0
57,96,941,1993,2784,254,0
57,97,941,1993,2443,1306,0
57,98,941,1993,1619,1722,0
57,99,941,1993,508,1060,0
57,100,941,1993,2201,1345,0
57,101,941,1993,2587,861,0
57,102,941,1993,2593,412,0
57,103,941,1993,2995,1976,0
57,104,941,1993,2546,755,0
57,105,941,1993,1384,10,0
57,106,941,1993,1458,697,0
57,107,941,1993,52,2157,0
57,108,941,1993,2017,217,0
57,109,941,1993,2750,1252,0
57,110,941,1993,1972,2182,0
57,111,941,1993,736,1220,0
57,112,941,1993,1701,2178,0
57,113,941,1993,27,769,0
57,114,941,1993,148,1215,0
57,115,941,1993,1308,917,0
57,116,941,1993,579,885,0
57,117,941,1993,2737,2060,0
57,118,941,1993,1739,2828,0
57,119,941,1993,1339,2055,0
57,120,941,1993,1479,618,0
57,121,941,1993,1518,2678,0
57,122,941,1993,2663,2085,0
57,123,941,1993,1536,440,0
57,124,941,1993,2347,485,0
57,125,941,1993,2244,1545,0
57,126,941,1993,1821,2562,0
57,127,941,1993,1162,1754,0
57,128,941,1993,476,1205,0
57,129,941,1993,1692,876,0
57,130,941,1993,300,1205,0
57,131,941,1993,2003,1714,0
57,132,941,1993,381,1336,0
57,133,941,1993,2948,2728,0
57,134,941,1993,1258,2583,0
57,135,941,1993,1121,2987,0
57,136,941,1993,2245,575,0
57,137,941,1993,721,430,0
57,138,941,1993,1441,992,0
57,139,941,1993,2326,2998,0
57,140,941,1993,976,329,0
57,141,941,1993,2900,191,0
57,142,941,1993,1962,1771,0
57,143,941,1993,238,1665,0
57,144,941,1993,295,1936,0
57,145,941,1993,1854,141,0
57,146,941,1993,2927,2918,0
57,147,941,1993,652,2117,0
57,148,941,1993,1281,1593,0
57,149,941,1993,1093,2355,0
57,150,941,1993,821,2889,0
57,151,941,1993,2640,293,0
57,152,941,1993,2213,1092,0
57,153,941,1993,2554,526,0
57,154,941,1993,773,2759,0
57,155,941,1993,2398,2598,0
57,156,941,1993,352,1773,0
57,157,941,1993,136,1123,0
57,158,941,1993,2533,1961,0
57,159,941,1993,1274,2648,0
57,160,941,1993,2856,1016,0
57,161,941,1993,723,68,0
57,162,941,1993,1849,735,0
57,163,941,1993,1750,564,0
57,164,941,1993,21,376,0
57,165,941,1993,2035,939,0
57,166,941,1993,1752,1825,0
57,167,941,1993,2384,871,0
57,168,941,1993,1034,788,0
57,169,941,1993,1867,2645,0
57,170,941,1993,940,504,0
57,171,941,1993,1519,1618,0
57,172,941,1993,1392,2416,0
57,173,941,1993,1843,947,0
57,174,941,1993,1387,1345,0
57,175,941,1993,2479,1210,0
57,176,941,1993,1555,1680,0
57,177,941,1993,160,2470,0
57,178,941,1993,2692,2143,0
57,179,941,1993,158,2357,0
57,180,941,1993,2335,890,0
57,181,941,1993,1761,1075,0
57,182,941,1993,2099,406,0
58,0,123,1452,1639,2892,0
58,1,123,1452,1329,745,0
58,2,123,1452,443,1218,0
58,3,123,1452,2514,1181,0
58,4,123,1452,2286,223,0
58,5,123,1452,595,2408,0
58,6,123,1452,1383,2289,0
58,7,123,1452,1795,201,0
58,8,123,1452,2598,838,0
58,9,123,1452,813,1715,0
58,10,123,1452,1135,391,0
58,11,123,1452,1132,1878,0
58,12,123,1452,2041,661,0
58,13,123,1452,1434,670,0
58,14,123,1452,300,623,0
58,15,123,1452,1559,2032,0
58,16,123,1452,1224,2119,0
58,17,123,1452,838,460,0
58,18,123,1452,352,2688,0
58,19,123,1452,2179,352,0
58,20,123,1452,525,672,0
58,21,123,1452,1652,2883,0
58,22,123,1452,1373,2660,0
58,23,123,1452,2814,1659,0
58,24,123,1452,1449,1659,0
58,25,123,1452,2305,1303,0
58,26,123,1452,769,677,0
58,27,123,1452,2295,2940,0
58,28,123,1452,577,2880,0
58,29,123,1452,1614,2810,0
58,30,123,1452,47,1395,1
58,31,123,1452,2664,803,0
58,32,123,1452,2309,2153,0
58,33,123,1452,2074,2182,0
58,34,123,1452,1554,11,0
58,35,123,1452,1400,2146,0
58,36,123,1452,1795,740,0
58,37,123,1452,931,567,0
58,38,123,1452,1254,1779,0
58,39,123,1452,45,883,0
58,40,123,1452,1359,119,0
58,41,123,1452,2127,1277,0
58,42,123,1452,2925,1375,0
58,43,123,1452,2505,1463,0
58,44,123,1452,1791,2744,0
58,45,123,1452,1916,1718,0
58,46,123,1452,167,2831,0
58,47,123,1452,2315,236,0
58,48,123,1452,1902,1139,0
58,49,123,1452,1443,2554,0
58,50,123,1452,194,2519,0
58,51,123,1452,301,248,0
58,52,123,1452,934,2502,0
58,53,123,1452,343,1045,0
58,54,123,1452,1542,1250,0
58,55,123,1452,2149,1171,0
58,56,123,1452,2055,1783,0
58,57,123,1452,941,1993,0
58,59,123,1452,2845,2865,0
58,60,123,1452,1089,2442,0
58,61,123,1452,859,1946,0
58,62,123,1452,1024,191,0
58,63,123,1452,640,1179,0
58,64,123,1452,2225,946,0
58,65,123,1452,349,822,0
58,66,123,1452,826,2377,0
58,67,123,1452,1638,96,0
58,68,123,1452,2727,990,0
58,69,123,1452,2915,1910,0
58,70,123,1452,1406,1407,0
58,71,123,1452,2216,2614,0
58,72,123,1452,1497,453,0
58,73,123,1452,1462,1798,0
58,74,123,1452,1212,215,0
58,75,123,1452,2881,2014,0
58,76,123,1452,32,1929,0
58,77,123,1452,2695,266,0
58,78,123,1452,2042,2855,0
58,79,123,1452,193,1354,0
58,80,123,1452,123,892,0
58,81,123,1452,2391,199,0
58,82,123,1452,738,1556,0
58,83,123,1452,656,1512,0
58,84,123,1452,2081,2886,0
58,85,123,1452,2720,2097,0
58,86,123,1452,2245,1289,0
58,87,123,1452,714,2990,0
58,88,123,1452,2800,641,0
58,89,123,1452,2389,2741,0
58,90,123,1452,538,2170,0
58,91,123,1452,2767,2393,0
58,92,123,1452,1270,693,0
58,93,123,1452,2649,133,0
58,94,123,1452,782,2023,0
58,95,123,1452,551,1308,0
58,96,123,1452,2784,254,0
58,97,123,1452,2443,1306,0
58,98,123,1452,1619,1722,0
58,99,123,1452,508,1060,0
58,100,123,1452,2201,1345,0
58,101,123,1452,2587,861,0
58,102,123,1452,2593,412,0
58,103,123,1452,2995,1976,0
58,104,123,1452,2546,755,0
58,105,123,1452,1384,10,0
58,106,123,1452,1458,697,0
58,107,123,1452,52,2157,0
58,108,123,1452,2017,217,0
58,109,123,1452,2750,1252,0
58,110,123,1452,1972,2182,0
58,111,123,1452,736,1220,0
58,112,123,1452,1701,2178,0
58,113,123,1452,27,769,0
58,114,123,1452,148,1215,0
58,115,123,1452,1308,917,0
58,116,123,1452,579,885,0
58,117,123,1452,2737,2060,0
58,118,123,1452,1739,2828,0
58,119,123,1452,1339,2055,0
58,120,123,1452,1479,618,0
58,121,123,1452,1518,2678,0
58,122,123,1452,2663,2085,0
58,123,123,1452,1536,440,0
58,124,123,1452,2347,485,0
58,125,123,1452,2244,1545,0
58,126,123,1452,1821,2562,0
58,127,123,1452,1162,1754,0
58,128,123,1452,476,1205,0
58,129,123,1452,1692,876,0
58,130,123,1452,300,1205,0
58,131,123,1452,2003,1714,0
58,132,123,1452,381,1336,0
58,133,123,1452,2948,2728,0
58,134,123,1452,1258,2583,0
58,135,123,1452,1121,2987,0
58,136,123,1452,2245,575,0
58,137,123,1452,721,430,0
58,138,123,1452,1441,992,0
58,139,123,1452,2326,2998,0
58,140,123,1452,976,329,0
58,141,123,1452,2900,191,0
58,142,123,1452,1962,1771,0
58,143,123,1452,238,1665,0
58,144,123,1452,295,1936,0
58,145,123,1452,1854,141,0
58,146,123,1452,2927,2918,0
58,147,123,1452,652,2117,0
58,148,123,1452,1281,1593,0
58,149,123,1452,1093,2355,0
58,150,123,1452,821,2889,0
58,151,123,1452,2640,293,0
58,152,123,1452,2213,1092,0
58,153,123,1452,2554,526,0
58,154,123,1452,773,2759,0
58,155,123,1452,2398,2598,0
58,156,123,1452,352,1773,0
58,157,123,1452,136,1123,0
58,158,123,1452,2533,1961,0
58,159,123,1452,1274,2648,0
58,160,123,1452,2856,1016,0
58,161,123,1452,723,68,0
58,162,123,1452,1849,735,0
58,163,123,1452,1750,564,0
58,164,123,1452,21,376,0
58,165,123,1452,2035,939,0
58,166,123,1452,1752,1825,0
58,167,123,1452,2384,871,0
58,168,123,1452,1034,788,0
58,169,123,1452,1867,2645,0
58,170,123,1452,940,504,0
58,171,123,1452,1519,1618,0
58,172,123,1452,1392,2416,0
58,173,123,1452,1843,947,0
58,174,123,1452,1387,1345,0
58,175,123,1452,2479,1210,0
58,176,123,1452,1555,1680,0
58,177,123,1452,160,2470,0
58,178,123,1452,2692,2143,0
58,179,123,1452,158,2357,0
58,180,123,1452,2335,890,0
58,181,123,1452,1761,1075,0
58,182,123,1452,2099,406,0
59,0,2845,2865,1639,2892,0
59,1,2845,2865,1329,745,0
59,2,2845,2865,443,1218,0
59,3,2845,2865,2514,1181,0
59,4,2845,2865,2286,223,0
59,5,2845,2865,595,2408,0
59,6,2845,2865,1383,2289,0
59,7,2845,2865,1795,201,0
59,8,2845,2865,2598,838,0
59,9,2845,2865,813,1715,0
59,10,2845,2865,1135,391,0
59,11,2845,2865,1132,1878,0
59,12,2845,2865,2041,661,0
59,13,2845,2865,1434,670,0
59,14,2845,2865,300,623,0
59,15,2845,2865,1559,2032,0
59,16,2845,2865,1224,2119,0
59,17,2845,2865,838,460,0
59,18,2845,2865,352,2688,0
59,19,2845,2865,2179,352,0
59,20,2845,2865,525,672,0
59,21,2845,2865,1652,2883,0
59,22,2845,2865,1373,2660,0
59,23,2845,2865,2814,1659,0
59,24,2845,2865,1449,1659,0
59,25,2845,2865,2305,1303,0
59,26,2845,2865,769,677,0
59,27,2845,2865,2295,2940,0
59,28,2845,2865,577,2880,0
59,29,2845,2865,1614,2810,0
59,30,2845,2865,47,1395,0
59,31,2845,2865,2664,803,0
59,32,2845,2865,2309,2153,0
59,33,2845,2865,2074,2182,0
59,34,2845,2865,1554,11,0
59,35,2845,2865,1400,2146,0
59,36,2845,2865,1795,740,0
59,37,2845,2865,931,567,0
59,38,2845,2865,1254,1779,0
59,39,2845,2865,45,883,0
59,40,2845,2865,1359,119,0
59,41,2845,2865,2127,1277,0
59,42,2845,2865,2925,1375,0
59,43,2845,2865,2505,1463,0
59,44,2845,2865,1791,2744,0
59,45,2845,2865,1916,1718,0
59,46,2845,2865,167,2831,0
59,47,2845,2865,2315,236,0
59,48,2845,2865,1902,1139,0
59,49,2845,2865,1443,2554,0
59,50,2845,2865,194,2519,0
59,51,2845,2865,301,248,0
59,52,2845,2865,934,2502,0
59,53,2845,2865,343,1045,0
59,54,2845,2865,1542,1250,0
59,55,2845,2865,2149,1171,0
59,56,2845,2865,2055,1783,0
59,57,2845,2865,941,1993,0
59,58,2845,2865,123,1452,0
59,60,2845,2865,1089,2442,0
59,61,2845,2865,859,1946,0
59,62,2845,2865,1024,191,0
59,63,2845,2865,640,1179,0
59,64,2845,2865,2225,946,0
59,65,2845,2865,349,822,0
59,66,2845,2865,826,2377,0
59,67,2845,2865,1638,96,0
59,68,2845,2865,2727,990,0
59,69,2845,2865,2915,1910,0
59,70,2845,2865,1406,1407,0
59,71,2845,2865,2216,2614,0
59,72,2845,2865,1497,453,0
59,73,2845,2865,1462,1798,0
59,74,2845,2865,1212,215,0
59,75,2845,2865,2881,2014,0
59,76,2845,2865,32,1929,0
59,77,2845,2865,2695,266,0
59,78,2845,2865,2042,2855,0
59,79,2845,2865,193,1354,0
59,80,2845,2865,123,892,0
59,81,2845,2865,2391,199,0
59,82,2845,2865,738,1556,0
59,83,2845,2865,656,1512,0
59,84,2845,2865,2081,2886,0
59,85,2845,2865,2720,2097,0
59,86,2845,2865,2245,1289,0
59,87,2845,2865,714,2990,0
59,88,2845,2865,2800,641,0
59,89,2845,2865,2389,2741,0
59,90,2845,2865,538,2170,0
59,91,2845,2865,2767,2393,0
59,92,2845,2865,1270,693,0
59,93,2845,2865,2649,133,0
59,94,2845,2865,782,2023,0
59,95,2845,2865,551,1308,0
59,96,2845,2865,2784,254,0
59,97,2845,2865,2443,1306,0
59,98,2845,2865,1619,1722,0
59,99,2845,2865,508,1060,0
59,100,2845,2865,2201,1345,0
59,101,2845,2865,2587,861,0
59,102,2845,2865,2593,412,0
59,103,2845,2865,2995,1976,0
59,104,2845,2865,2546,755,0
59,105,2845,2865,1384,10,0
59,106,2845,2865,1458,697,0
59,107,2845,2865,52,2157,0
59,108,2845,2865,2017,217,0
59,109,2845,2865,2750,1252,0
59,110,2845,2865,1972,2182,0
59,111,2845,2865,736,1220,0
59,112,2845,2865,1701,2178,0
59,113,2845,2865,27,769,0
59,114,2845,2865,148,1215,0
59,115,2845,2865,1308,917,0
59,116,2845,2865,579,885,0
59,117,2845,2865,2737,2060,0
59,118,2845,2865,1739,2828,0
59,119,2845,2865,1339,2055,0
59,120,2845,2865,1479,618,0
59,121,2845,2865,1518,2678,0
59,122,2845,2865,2663,2085,0
59,123,2845,2865,1536,440,0
59,124,2845,2865,2347,485,0
59,125,2845,2865,2244,1545,0
59,126,2845,2865,1821,2562,0
59,127,2845,2865,1162,1754,0
59,128,2845,2865,476,1205,0
59,129,2845,2865,1692,876,0
59,130,2845,2865,300,1205,0
59,131,2845,2865,2003,1714,0
59,132,2845,2865,381,1336,0
59,133,2845,2865,2948,2728,0
59,134,2845,2865,1258,2583,0
59,135,2845,2865,1121,2987,0
59,136,2845,2865,2245,575,0
59,137,2845,2865,721,430,0
59,138,2845,2865,1441,992,0
59,139,2845,2865,2326,2998,1
59,140,2845,2865,976,329,0
59,141,2845,2865,2900,191,0
59,142,2845,2865,1962,1771,0
59,143,2845,2865,238,1665,0
59,144,2845,2865,295,1936,0
59,145,2845,2865,1854,141,0
59,146,2845,2865,2927,2918,0
59,147,2845,2865,652,2117,0
59,148,2845,2865,1281,1593,0
59,149,2845,2865,1093,2355,0
59,150,2845,2865,821,2889,0
59,151,2845,2865,2640,293,0
59,152,2845,2865,2213,1092,0
59,153,2845,2865,2554,526,0
59,154,2845,2865,773,2759,0
59,155,2845,2865,2398,2598,0
59,156,2845,2865,352,1773,0
59,157,2845,2865,136,1123,0
59,158,2845,2865,2533,1961,0
59,159,2845,2865,1274,2648,0
59,160,2845,2865,2856,1016,0
59,161,2845,2865,723,68,0
59,162,2845,2865,1849,735,0
59,163,2845,2865,1750,564,0
59,164,2845,2865,21,376,0
59,165,2845,2865,2035,939,0
59,166,2845,2865,1752,1825,0
59,167,2845,2865,2384,871,0
59,168,2845,2865,1034,788,0
59,169,2845,2865,1867,2645,0
59,170,2845,2865,940,504,0
59,171,2845,2865,1519,1618,0
59,172,2845,2865,1392,2416,0
59,173,2845,2865,1843,947,0
59,174,2845,2865,1387,1345,0
59,175,2845,2865,2479,1210,0
59,176,2845,2865,1555,1680,0
59,177,2845,2865,160,2470,0
59,178,2845,2865,2692,2143,0
59,179,2845,2865,158,2357,0
59,180,2845,2865,2335,890,0
59,181,2845,2865,1761,1075,0
59,182,2845,2865,2099,406,0
60,0,1089,2442,1639,2892,0
60,1,1089,2442,1329,745,0
60,2,1089,2442,443,1218,0
60,3,1089,2442,2514,1181,0
60,4,1089,2442,2286,223,0
60,5,1089,2442,595,2408,0
60,6,1089,2442,1383,2289,0
60,7,1089,2442,1795,201,0
60,8,1089,2442,2598,838,0
60,9,1089,2442,813,1715,0
60,10,1089,2442,1135,391,0
60,11,1089,2442,1132,1878,0
60,12,1089,2442,2041,661,0
60,13,1089,2442,1434,670,0
60,14,1089,2442,300,623,0
60,15,1089,2442,1559,2032,0
60,16,1089,2442,1224,2119,0
60,17,1089,2442,838,460,0
60,18,1089,2442,352,2688,0
60,19,1089,2442,2179,352,0
60,20,1089,2442,525,672,0
60,21,1089,2442,1652,2883,0
60,22,1089,2442,1373,2660,0
60,23,1089,2442,2814,1659,0
60,24,1089,2442,1449,1659,0
60,25,1089,2442,2305,1303,0
60,26,1089,2442,769,677,0
60,27,1089,2442,2295,2940,0
60,28,1089,2442,577,2880,0
60,29,1089,2442,1614,2810,0
60,30,1089,2442,47,1395,0
60,31,1089,2442,2664,803,0
60,32,1089,2442,2309,2153,0
60,33,1089,2442,2074,2182,0
60,34,1089,2442,1554,11,0
60,35,1089,2442,1400,2146,0
60,36,1089,2442,1795,740,0
60,37,1089,2442,931,567,0
60,38,1089,2442,1254,1779,0
60,39,1089,2442,45,883,0
60,40,1089,2442,1359,119,0
60,41,1089,2442,2127,1277,0
60,42,1089,2442,2925,1375,0
60,43,1089,2442,2505,1463,0
60,44,1089,2442,1791,2744,0
60,45,1089,2442,1916,1718,0
60,46,1089,2442,167,2831,0
60,47,1089,2442,2315,236,0
60,48,1089,2442,1902,1139,0
60,49,1089,2442,1443,2554,0
60,50,1089,2442,194,2519,0
60,51,1089,2442,301,248,0
60,52,1089,2442,934,2502,0
60,53,1089,2442,343,1045,0
60,54,1089,2442,1542,1250,0
60,55,1089,2442,2149,1171,0
60,56,1089,2442,2055,1783,0
60,57,1089,2442,941,1993,0
60,58,1089,2442,123,1452,0
60,59,1089,2442,2845,2865,0
60,61,1089,2442,859,1946,0
60,62,1089,2442,1024,191,0
60,63,1089,2442,640,1179,0
60,64,1089,2442,2225,946,0
60,65,1089,2442,349,822,0
60,66,1089,2442,826,2377,0
60,67,1089,2442,1638,96,0
60,68,1089,2442,2727,990,0
60,69,1089,2442,2915,1910,0
60,70,1089,2442,1406,1407,0
60,71,1089,2442,2216,2614,0
60,72,1089,2442,1497,453,0
60,73,1089,2442,1462,1798,0
60,74,1089,2442,1212,215,0
60,75,1089,2442,2881,2014,0
60,76,1089,2442,32,1929,0
60,77,1089,2442,2695,266,0
60,78,1089,2442,2042,2855,0
60,79,1089,2442,193,1354,0
60,80,1089,2442,123,892,0
60,81,1089,2442,2391,199,0
60,82,1089,2442,738,1556,0
60,83,1089,2442,656,1512,0
60,84,1089,2442,2081,2886,0
60,85,1089,2442,2720,2097,0
60,86,1089,2442,2245,1289,0
60,87,1089,2442,714,2990,0
60,88,1089,2442,2800,641,0
60,89,1089,2442,2389,2741,0
60,90,1089,2442,538,2170,0
60,91,1089,2442,2767,2393,0
60,92,1089,2442,1270,693,0
60,93,1089,2442,2649,133,0
60,94,1089,2442,782,2023,0
60,95,1089,2442,551,1308,0
60,96,1089,2442,2784,254,0
60,97,1089,2442,2443,1306,0
60,98,1089,2442,1619,1722,0
60,99,1089,2442,508,1060,0
60,100,1089,2442,2201,1345,0
60,101,1089,2442,2587,861,0
60,102,1089,2442,2593,412,0
60,103,1089,2442,2995,1976,0
60,104,1089,2442,2546,755,0
60,105,1089,2442,1384,10,0
60,106,1089,2442,1458,697,0
60,107,1089,2442,52,2157,0
60,108,1089,2442,2017,217,0
60,109,1089,2442,2750,1252,0
60,110,1089,2442,1972,2182,0
60,111,1089,2442,736,1220,0
60,112,1089,2442,1701,2178,0
60,113,1089,2442,27,769,0
60,114,1089,2442,148,1215,0
60,115,1089,2442,1308,917,0
60,116,1089,2442,579,885,0
60,117,1089,2442,2737,2060,0
60,118,1089,2442,1739,2828,0
60,119,1089,2442,1339,2055,0
60,120,1089,2442,1479,618,0
60,121,1089,2442,1518,2678,0
60,122,1089,2442,2663,2085,0
60,123,1089,2442,1536,440,0
60,124,1089,2442,2347,485,0
60,125,1089,2442,2244,1545,0
60,126,1089,2442,1821,2562,0
60,127,1089,2442,1162,1754,0
60,128,1089,2442,476,1205,0
60,129,1089,2442,1692,876,0
60,130,1089,2442,300,1205,0
60,131,1089,2442,2003,1714,0
60,132,1089,2442,381,1336,0
60,133,1089,2442,2948,2728,0
60,134,1089,2442,1258,2583,1
60,135,1089,2442,1121,2987,0
60,136,1089,2442,2245,575,0
60,137,1089,2442,721,430,0
60,138,1089,2442,1441,992,0
60,139,1089,2442,2326,2998,0
60,140,1089,2442,976,329,0
60,141,1089,2442,2900,191,0
60,142,1089,2442,1962,1771,0
60,143,1089,2442,238,1665,0
60,144,1089,2442,295,1936,0
60,145,1089,2442,1854,141,0
60,146,1089,2442,2927,2918,0
60,147,1089,2442,652,2117,0
60,148,1089,2442,1281,1593,0
60,149,1089,2442,1093,2355,0
60,150,1089,2442,821,2889,0
60,151,1089,2442,2640,293,0
60,152,1089,2442,2213,1092,0
60,153,1089,2442,2554,526,0
60,154,1089,2442,773,2759,0
60,155,1089,2442,2398,2598,0
60,156,1089,2442,352,1773,0
60,157,1089,2442,136,1123,0
60,158,1089,2442,2533,1961,0
60,159,1089,2442,1274,2648,0
60,160,1089,2442,2856,1016,0
60,161,1089,2442,723,68,0
60,162,1089,2442,1849,735,0
60,163,1089,2442,1750,564,0
60,164,1089,2442,21,376,0
60,165,1089,2442,2035,939,0
60,166,1089,2442,1752,1825,0
60,167,1089,2442,2384,871,0
60,168,1089,2442,1034,788,0
60,169,1089,2442,1867,2645,0
60,170,1089,2442,940,504,0
60,171,1089,2442,1519,1618,0
60,172,1089,2442,1392,2416,0
60,173,1089,2442,1843,947,0
60,174,1089,2442,1387,1345,0
60,175,1089,2442,2479,1210,0
60,176,1089,2442,1555,1680,0
60,177,1089,2442,160,2470,0
60,178,1089,2442,2692,2143,0
60,179,1089,2442,158,2357,0
60,180,1089,2442,2335,890,0
60,181,1089,2442,1761,1075,0
60,182,1089,2442,2099,406,0
61,0,859,1946,1639,2892,0
61,1,859,1946,1329,745,0
61,2,859,1946,443,1218,0
61,3,859,1946,2514,1181,0
61,4,859,1946,2286,223,0
61,5,859,1946,595,2408,0
61,6,859,1946,1383,2289,0
61,7,859,1946,1795,201,0
61,8,859,1946,2598,838,0
61,9,859,1946,813,1715,0
61,10,859,1946,1135,391,0
61,11,859,1946,1132,1878,0
61,12,859,1946,2041,661,0
61,13,859,1946,1434,670,0
61,14,859,1946,300,623,0
61,15,859,1946,1559,2032,0
61,16,859,1946,1224,2119,0
61,17,859,1946,838,460,0
61,18,859,1946,352,2688,0
61,19,859,1946,2179,352,0
61,20,859,1946,525,672,0
61,21,859,1946,1652,2883,0
61,22,859,1946,1373,2660,0
61,23,859,1946,2814,1659,0
61,24,859,1946,1449,1659,0
61,25,859,1946,2305,1303,0
61,26,859,1946,769,677,0
61,27,859,1946,2295,2940,0
61,28,859,1946,577,2880,0
61,29,859,1946,1614,2810,0
61,30,859,1946,47,1395,0
61,31,859,1946,2664,803,0
61,32,859,1946,2309,2153,0
61,33,859,1946,2074,2182,0
61,34,859,1946,1554,11,0
61,35,859,1946,1400,2146,0
61,36,859,1946,1795,740,0
61,37,859,1946,931,567,0
61,38,859,1946,1254,1779,0
61,39,859,1946,45,883,0
61,40,859,1946,1359,119,0
61,41,859,1946,2127,1277,0
61,42,859,1946,2925,1375,0
61,43,859,1946,2505,1463,0
61,44,859,1946,1791,2744,0
61,45,859,1946,1916,1718,0
61,46,859,1946,167,2831,0
61,47,859,1946,2315,236,0
61,48,859,1946,1902,1139,0
61,49,859,1946,1443,2554,0
61,50,859,1946,194,2519,0
61,51,859,1946,301,248,0
61,52,859,1946,934,2502,0
61,53,859,1946,343,1045,0
61,54,859,1946,1542,1250,0
61,55,859,1946,2149,1171,0
61,56,859,1946,2055,1783,0
61,57,859,1946,941,1993,1
61,58,859,1946,123,1452,0
61,59,859,1946,2845,2865,0
61,60,859,1946,1089,2442,0
61,62,859,1946,1024,191,0
61,63,859,1946,640,1179,0
61,64,859,1946,2225,946,0
61,65,859,1946,349,822,0
61,66,859,1946,826,2377,0
61,67,859,1946,1638,96,0
61,68,859,1946,2727,990,0
61,69,859,1946,2915,1910,0
61,70,859,1946,1406,1407,0
61,71,859,1946,2216,2614,0
61,72,859,1946,1497,453,0
61,73,859,1946,1462,1798,0
61,74,859,1946,1212,215,0
61,75,859,1946,2881,2014,0
61,76,859,1946,32,1929,0
61,77,859,1946,2695,266,0
61,78,859,1946,2042,2855,0
61,79,859,1946,193,1354,0
61,80,859,1946,123,892,0
61,81,859,1946,2391,199,0
61,82,859,1946,738,1556,0
61,83,859,1946,656,1512,0
61,84,859,1946,2081,2886,0
61,85,859,1946,2720,2097,0
61,86,859,1946,2245,1289,0
61,87,859,1946,714,2990,0
61,88,859,1946,2800,641,0
61,89,859,1946,2389,2741,0
61,90,859,1946,538,2170,0
61,91,859,1946,2767,2393,0
61,92,859,1946,1270,693,0
61,93,859,1946,2649,133,0
61,94,859,1946,782,2023,0
61,95,859,1946,551,1308,0
61,96,859,1946,2784,254,0
61,97,859,1946,2443,1306,0
61,98,859,1946,1619,1722,0
61,99,859,1946,508,1060,0
61,100,859,1946,2201,1345,0
61,101,859,1946,2587,861,0
61,102,859,1946,2593,412,0
61,103,859,1946,2995,1976,0
61,104,859,1946,2546,755,0
61,105,859,1946,1384,10,0
61,106,859,1946,1458,697,0
61,107,859,1946,52,2157,0
61,108,859,1946,2017,217,0
61,109,859,1946,2750,1252,0
61,110,859,1946,1972,2182,0
61,111,859,1946,736,1220,0
61,112,859,1946,1701,2178,0
61,113,859,1946,27,769,0
61,114,859,1946,148,1215,0
61,115,859,1946,1308,917,0
61,116,859,1946,579,885,0
61,117,859,1946,2737,2060,0
61,118,859,1946,1739,2828,0
61,119,859,1946,1339,2055,0
61,120,859,1946,1479,618,0
61,121,859,1946,1518,2678,0
61,122,859,1946,2663,2085,0
61,123,859,1946,1536,440,0
61,124,859,1946,2347,485,0
61,125,859,1946,2244,1545,0
61,126,859,1946,1821,2562,0
61,127,859,1946,1162,1754,0
61,128,859,1946,476,1205,0
61,129,859,1946,1692,876,0
61,130,859,1946,300,1205,0
61,131,859,1946,2003,1714,0
61,132,859,1946,381,1336,0
61,133,859,1946,2948,2728,0
61,134,859,1946,1258,2583,0
61,135,859,1946,1121,2987,0
61,136,859,1946,2245,575,0
61,137,859,1946,721,430,0
61,138,859,1946,1441,992,0
61,139,859,1946,2326,2998,0
61,140,859,1946,976,329,0
61,141,859,1946,2900,191,0
61,142,859,1946,1962,1771,0
61,143,859,1946,238,1665,0
61,144,859,1946,295,1936,0
61,145,859,1946,1854,141,0
61,146,859,1946,2927,2918,0
61,147,859,1946,652,2117,0
61,148,859,1946,1281,1593,0
61,149,859,1946,1093,2355,0
61,150,859,1946,821,2889,0
61,151,859,1946,2640,293,0
61,152,859,1946,2213,1092,0
61,153,859,1946,2554,526,0
61,154,859,1946,773,2759,0
61,155,859,1946,2398,2598,0
61,156,859,1946,352,1773,0
61,157,859,1946,136,1123,0
61,158,859,1946,2533,1961,0
61,159,859,1946,1274,2648,0
61,160,859,1946,2856,1016,0
61,161,859,1946,723,68,0
61,162,859,1946,1849,735,0
61,163,859,1946,1750,564,0
61,164,859,1946,21,376,0
61,165,859,1946,2035,939,0
61,166,859,1946,1752,1825,0
61,167,859,1946,2384,871,0
61,168,859,1946,1034,788,0
61,169,859,1946,1867,2645,0
61,170,859,1946,940,504,0
61,171,859,1946,1519,1618,0
61,172,859,1946,1392,2416,0
61,173,859,1946,1843,947,0
61,174,859,1946,1387,1345,0
61,175,859,1946,2479,1210,0
61,176,859,1946,1555,1680,0
61,177,859,1946,160,2470,0
61,178,859,1946,2692,2143,0
61,179,859,1946,158,2357,0
61,180,859,1946,2335,890,0
61,181,859,1946,1761,1075,0
61,182,859,1946,2099,406,0
62,0,1024,191,1639,2892,0
62,1,1024,191,1329,745,0
62,2,1024,191,443,1218,0
62,3,1024,191,2514,1181,0
62,4,1024,191,2286,223,0
62,5,1024,191,595,2408,0
62,6,1024,191,1383,2289,0
62,7,1024,191,1795,201,0
62,8,1024,191,2598,838,0
62,9,1024,191,813,1715,0
62,10,1024,191,1135,391,0
62,11,1024,191,1132,1878,0
62,12,1024,191,2041,661,0
62,13,1024,191,1434,670,0
62,14,1024,191,300,623,0
62,15,1024,191,1559,2032,0
62,16,1024,191,1224,2119,0
62,17,1024,191,838,460,0
62,18,1024,191,352,2688,0
62,19,1024,191,2179,352,0
62,20,1024,191,525,672,0
62,21,1024,191,1652,2883,0
62,22,1024,191,1373,2660,0
62,23,1024,191,2814,1659,0
62,24,1024,191,1449,1659,0
62,25,1024,191,2305,1303,0
62,26,1024,191,769,677,0
62,27,1024,191,2295,2940,0
62,28,1024,191,577,2880,0
62,29,1024,191,1614,2810,0
62,30,1024,191,47,1395,0
62,31,1024,191,2664,803,0
62,32,1024,191,2309,2153,0
62,33,1024,191,2074,2182,0
62,34,1024,191,1554,11,0
62,35,1024,191,1400,2146,0
62,36,1024,191,1795,740,0
62,37,1024,191,931,567,0
62,38,1024,191,1254,1779,0
62,39,1024,191,45,883,0
62,40,1024,191,1359,119,0
62,41,1024,191,2127,1277,0
62,42,1024,191,2925,1375,0
62,43,1024,191,2505,1463,0
62,44,1024,191,1791,2744,0
62,45,1024,191,1916,1718,0
62,46,1024,191,167,2831,0
62,47,1024,191,2315,236,0
62,48,1024,191,1902,1139,0
62,49,1024,191,1443,2554,0
62,50,1024,191,194,2519,0
62,51,1024,191,301,248,0
62,52,1024,191,934,2502,0
62,53,1024,191,343,1045,0
62,54,1024,191,1542,1250,0
62,55,1024,191,2149,1171,0
62,56,1024,191,2055,1783,0
62,57,1024,191,941,1993,0
62,58,1024,191,123,1452,0
62,59,1024,191,2845,2865,0
62,60,1024,191,1089,2442,0
62,61,1024,191,859,1946,0
62,63,1024,191,640,1179,0
62,64,1024,191,2225,946,0
62,65,1024,191,349,822,0
62,66,1024,191,826,2377,0
62,67,1024,191,1638,96,0
62,68,1024,191,2727,990,0
62,69,1024,191,2915,1910,0
62,70,1024,191,1406,1407,0
62,71,1024,191,2216,2614,0
62,72,1024,191,1497,453,0
62,73,1024,191,1462,1798,0
62,74,1024,191,1212,215,0
62,75,1024,191,2881,2014,0
62,76,1024,191,32,1929,0
62,77,1024,191,2695,266,0
62,78,1024,191,2042,2855,0
62,79,1024,191,193,1354,0
62,80,1024,191,123,892,0
62,81,1024,191,2391,199,0
62,82,1024,191,738,1556,0
62,83,1024,191,656,1512,0
62,84,1024,191,2081,2886,0
62,85,1024,191,2720,2097,0
62,86,1024,191,2245,1289,0
62,87,1024,191,714,2990,0
62,88,1024,191,2800,641,0
62,89,1024,191,2389,2741,0
62,90,1024,191,538,2170,0
62,91,1024,191,2767,2393,0
62,92,1024,191,1270,693,0
62,93,1024,191,2649,133,0
62,94,1024,191,782,2023,0
62,95,1024,191,551,1308,0
62,96,1024,191,2784,254,0
62,97,1024,191,2443,1306,0
62,98,1024,191,1619,1722,0
62,99,1024,191,508,1060,0
62,100,1024,191,2201,1345,0
62,101,1024,191,2587,861,0
62,102,1024,191,2593,412,0
62,103,1024,191,2995,1976,0
62,104,1024,191,2546,755,0
62,105,1024,191,1384,10,0
62,106,1024,191,1458,697,0
62,107,1024,191,52,2157,0
62,108,1024,191,2017,217,0
62,109,1024,191,2750,1252,0
62,110,1024,191,1972,2182,0
62,111,1024,191,736,1220,0
62,112,1024,191,1701,2178,0
62,113,1024,191,27,769,0
62,114,1024,191,148,1215,0
62,115,1024,191,1308,917,0
62,116,1024,191,579,885,0
62,117,1024,191,2737,2060,0
62,118,1024,191,1739,2828,0
62,119,1024,191,1339,2055,0
62,120,1024,191,1479,618,0
62,121,1024,191,1518,2678,0
62,122,1024,191,2663,2085,0
62,123,1024,191,1536,440,0
62,124,1024,191,2347,485,0
62,125,1024,191,2244,1545,0
62,126,1024,191,1821,2562,0
62,127,1024,191,1162,1754,0
62,128,1024,191,476,1205,0
62,129,1024,191,1692,876,0
62,130,1024,191,300,1205,0
62,131,1024,191,2003,1714,0
62,132,1024,191,381,1336,0
62,133,1024,191,2948,2728,0
62,134,1024,191,1258,2583,0
62,135,1024,191,1121,2987,0
62,136,1024,191,2245,575,0
62,137,1024,191,721,430,0
62,138,1024,191,1441,992,0
62,139,1024,191,2326,2998,0
62,140,1024,191,976,329,1
62,141,1024,191,2900,191,0
62,142,1024,191,1962,1771,0
62,143,1024,191,238,1665,0
62,144,1024,191,295,1936,0
62,145,1024,191,1854,141,0
62,146,1024,191,2927,2918,0
62,147,1024,191,652,2117,0
62,148,1024,191,1281,1593,0
62,149,1024,191,1093,2355,0
62,150,1024,191,821,2889,0
62,151,1024,191,2640,293,0
62,152,1024,191,2213,1092,0
62,153,1024,191,2554,526,0
62,154,1024,191,773,2759,0
62,155,1024,191,2398,2598,0
62,156,1024,191,352,1773,0
62,157,1024,191,136,1123,0
62,158,1024,191,2533,1961,0
62,159,1024,191,1274,2648,0
62,160,1024,191,2856,1016,0
62,161,1024,191,723,68,0
62,162,1024,191,1849,735,0
62,163,1024,191,1750,564,0
62,164,1024,191,21,376,0
62,165,1024,191,2035,939,0
62,166,1024,191,1752,1825,0
62,167,1024,191,2384,871,0
62,168,1024,191,1034,788,0
62,169,1024,191,1867,2645,0
62,170,1024,191,940,504,0
62,171,1024,191,1519,1618,0
62,172,1024,191,1392,2416,0
62,173,1024,191,1843,947,0
62,174,1024,191,1387,1345,0
62,175,1024,191,2479,1210,0
62,176,1024,191,1555,1680,0
62,177,1024,191,160,2470,0
62,178,1024,191,2692,2143,0
62,179,1024,191,158,2357,0
62,180,1024,191,2335,890,0
62,181,1024,191,1761,1075,0
62,182,1024,191,2099,406,0
63,0,640,1179,1639,2892,0
63,1,640,1179,1329,745,0
63,2,640,1179,443,1218,0
63,3,640,1179,2514,1181,0
63,4,640,1179,2286,223,0
63,5,640,1179,595,2408,0
63,6,640,1179,1383,2289,0
63,7,640,1179,1795,201,0
63,8,640,1179,2598,838,0
63,9,640,1179,813,1715,0
63,10,640,1179,1135,391,0
63,11,640,1179,1132,1878,0
63,12,640,1179,2041,661,0
63,13,640,1179,1434,670,0
63,14,640,1179,300,623,0
63,15,640,1179,1559,2032,0
63,16,640,1179,1224,2119,0
63,17,640,1179,838,460,0
63,18,640,1179,352,2688,0
63,19,640,1179,2179,352,0
63,20,640,1179,525,672,0
63,21,640,1179,1652,2883,0
63,22,640,1179,1373,2660,0
63,23,640,1179,2814,1659,0
63,24,640,1179,1449,1659,0
63,25,640,1179,2305,1303,0
63,26,640,1179,769,677,0
63,27,640,1179,2295,2940,0
63,28,640,1179,577,2880,0
63,29,640,1179,1614,2810,0
63,30,640,1179,47,1395,0
63,31,640,1179,2664,803,0
63,32,640,1179,2309,2153,0
63,33,640,1179,2074,2182,0
63,34,640,1179,1554,11,0
63,35,640,1179,1400,2146,0
63,36,640,1179,1795,740,0
63,37,640,1179,931,567,0
63,38,640,1179,1254,1779,0
63,39,640,1179,45,883,0
63,40,640,1179,1359,119,0
63,41,640,1179,2127,1277,0
63,42,640,1179,2925,1375,0
63,43,640,1179,2505,1463,0
63,44,640,1179,1791,2744,0
63,45,640,1179,1916,1718,0
63,46,640,1179,167,2831,0
63,47,640,1179,2315,236,0
63,48,640,1179,1902,1139,0
63,49,640,1179,1443,2554,0
63,50,640,1179,194,2519,0
63,51,640,1179,301,248,0
63,52,640,1179,934,2502,0
63,53,640,1179,343,1045,0
63,54,640,1179,1542,1250,0
63,55,640,1179,2149,1171,0
63,56,640,1179,2055,1783,0
63,57,640,1179,941,1993,0
63,58,640,1179,123,1452,0
63,59,640,1179,2845,2865,0
63,60,640,1179,1089,2442,0
63,61,640,1179,859,1946,0
63,62,640,1179,1024,191,0
63,64,640,1179,2225,946,0
63,65,640,1179,349,822,0
63,66,640,1179,826,2377,0
63,67,640,1179,1638,96,0
63,68,640,1179,2727,990,0
63,69,640,1179,2915,1910,0
63,70,640,1179,1406,1407,0
63,71,640,1179,2216,2614,0
63,72,640,1179,1497,453,0
63,73,640,1179,1462,1798,0
63,74,640,1179,1212,215,0
63,75,640,1179,2881,2014,0
63,76,640,1179,32,1929,0
63,77,640,1179,2695,266,0
63,78,640,1179,2042,2855,0
63,79,640,1179,193,1354,0
63,80,640,1179,123,892,0
63,81,640,1179,2391,199,0
63,82,640,1179,738,1556,0
63,83,640,1179,656,1512,0
63,84,640,1179,2081,2886,0
63,85,640,1179,2720,2097,0
63,86,640,1179,2245,1289,0
63,87,640,1179,714,2990,0
63,88,640,1179,2800,641,0
63,89,640,1179,2389,2741,0
63,90,640,1179,538,2170,0
63,91,640,1179,2767,2393,0
63,92,640,1179,1270,693,0
63,93,640,1179,2649,133,0
63,94,640,1179,782,2023,0
63,95,640,1179,551,1308,0
63,96,640,1179,2784,254,0
63,97,640,1179,2443,1306,0
63,98,640,1179,1619,1722,0
63,99,640,1179,508,1060,0
63,100,640,1179,2201,1345,0
63,101,640,1179,2587,861,0
63,102,640,1179,2593,412,0
63,103,640,1179,2995,1976,0
63,104,640,1179,2546,755,0
63,105,640,1179,1384,10,0
63,106,640,1179,1458,697,0
63,107,640,1179,52,2157,0
63,108,640,1179,2017,217,0
63,109,640,1179,2750,1252,0
63,110,640,1179,1972,2182,0
63,111,640,1179,736,1220,1
63,112,640,1179,1701,2178,0
63,113,640,1179,27,769,0
63,114,640,1179,148,1215,0
63,115,640,1179,1308,917,0
63,116,640,1179,579,885,0
63,117,640,1179,2737,2060,0
63,118,640,1179,1739,2828,0
63,119,640,1179,1339,2055,0
63,120,640,1179,1479,618,0
63,121,640,1179,1518,2678,0
63,122,640,1179,2663,2085,0
63,123,640,1179,1536,440,0
63,124,640,1179,2347,485,0
63,125,640,1179,2244,1545,0
63,126,640,1179,1821,2562,0
63,127,640,1179,1162,1754,0
63,128,640,1179,476,1205,0
63,129,640,1179,1692,876,0
63,130,640,1179,300,1205,0
63,131,640,1179,2003,1714,0
63,132,640,1179,381,1336,0
63,133,640,1179,2948,2728,0
63,134,640,1179,1258,2583,0
63,135,640,1179,1121,2987,0
63,136,640,1179,2245,575,0
63,137,640,1179,721,430,0
63,138,640,1179,1441,992,0
63,139,640,1179,2326,2998,0
63,140,640,1179,976,329,0
63,141,640,1179,2900,191,0
63,142,640,1179,1962,1771,0
63,143,640,1179,238,1665,0
63,144,640,1179,295,1936,0
63,145,640,1179,1854,141,0
63,146,640,1179,2927,2918,0
63,147,640,1179,652,2117,0
63,148,640,1179,1281,1593,0
63,149,640,1179,1093,2355,0
63,150,640,1179,821,2889,0
63,151,640,1179,2640,293,0
63,152,640,1179,2213,1092,0
63,153,640,1179,2554,526,0
63,154,640,1179,773,2759,0
63,155,640,1179,2398,2598,0
63,156,640,1179,352,1773,0
63,157,640,1179,136,1123,0
63,158,640,1179,2533,1961,0
63,159,640,1179,1274,2648,0
63,160,640,1179,2856,1016,0
63,161,640,1179,723,68,0
63,162,640,1179,1849,735,0
63,163,640,1179,1750,564,0
63,164,640,1179,21,376,0
63,165,640,1179,2035,939,0
63,166,640,1179,1752,1825,0
63,167,640,1179,2384,871,0
63,168,640,1179,1034,788,0
63,169,640,1179,1867,2645,0
63,170,640,1179,940,504,0
63,171,640,1179,1519,1618,0
63,172,640,1179,1392,2416,0
63,173,640,1179,1843,947,0
63,174,640,1179,1387,1345,0
63,175,640,1179,2479,1210,0
63,176,640,1179,1555,1680,0
63,177,640,1179,160,2470,0
63,178,640,1179,2692,2143,0
63,179,640,1179,158,2357,0
63,180,640,1179,2335,890,0
63,181,640,1179,1761,1075,0
63,182,640,1179,2099,406,0
64,0,2225,946,1639,2892,0
64,1,2225,946,1329,745,0
64,2,2225,946,443,1218,0
64,3,2225,946,2514,1181,0
64,4,2225,946,2286,223,0
64,5,2225,946,595,2408,0
64,6,2225,946,1383,2289,0
64,7,2225,946,1795,201,0
64,8,2225,946,2598,838,0
64,9,2225,946,813,1715,0
64,10,2225,946,1135,391,0
64,11,2225,946,1132,1878,0
64,12,2225,946,2041,661,0
64,13,2225,946,1434,670,0
64,14,2225,946,300,623,0
64,15,2225,946,1559,2032,0
64,16,2225,946,1224,2119,0
64,17,2225,946,838,460,0
64,18,2225,946,352,2688,0
64,19,2225,946,2179,352,0
64,20,2225,946,525,672,0
64,21,2225,946,1652,2883,0
64,22,2225,946,1373,2660,0
64,23,2225,946,2814,1659,0
64,24,2225,946,1449,1659,0
64,25,2225,946,2305,1303,0
64,26,2225,946,769,677,0
64,27,2225,946,2295,2940,0
64,28,2225,946,577,2880,0
64,29,2225,946,1614,2810,0
64,30,2225,946,47,1395,0
64,31,2225,946,2664,803,0
64,32,2225,946,2309,2153,0
64,33,2225,946,2074,2182,0
64,34,2225,946,1554,11,0
64,35,2225,946,1400,2146,0
64,36,2225,946,1795,740,0
64,37,2225,946,931,567,0
64,38,2225,946,1254,1779,0
64,39,2225,946,45,883,0
64,40,2225,946,1359,119,0
64,41,2225,946,2127,1277,0
64,42,2225,946,2925,1375,0
64,43,2225,946,2505,1463,0
64,44,2225,946,1791,2744,0
64,45,2225,946,1916,1718,0
64,46,2225,946,167,2831,0
64,47,2225,946,2315,236,0
64,48,2225,946,1902,1139,0
64,49,2225,946,1443,2554,0
64,50,2225,946,194,2519,0
64,51,2225,946,301,248,0
64,52,2225,946,934,2502,0
64,53,2225,946,343,1045,0
64,54,2225,946,1542,1250,0
64,55,2225,946,2149,1171,0
64,56,2225,946,2055,1783,0
64,57,2225,946,941,1993,0
64,58,2225,946,123,1452,0
64,59,2225,946,2845,2865,0
64,60,2225,946,1089,2442,0
64,61,2225,946,859,1946,0
64,62,2225,946,1024,191,0
64,63,2225,946,640,1179,0
64,65,2225,946,349,822,0
64,66,2225,946,826,2377,0
64,67,2225,946,1638,96,0
64,68,2225,946,2727,990,0
64,69,2225,946,2915,1910,0
64,70,2225,946,1406,1407,0
64,71,2225,946,2216,2614,0
64,72,2225,946,1497,453,0
64,73,2225,946,1462,1798,0
64,74,2225,946,1212,215,0
64,75,2225,946,2881,2014,0
64,76,2225,946,32,1929,0
64,77,2225,946,2695,266,0
64,78,2225,946,2042,2855,0
64,79,2225,946,193,1354,0
64,80,2225,946,123,892,0
64,81,2225,946,2391,199,0
64,82,2225,946,738,1556,0
64,83,2225,946,656,1512,0
64,84,2225,946,2081,2886,0
64,85,2225,946,2720,2097,0
64,86,2225,946,2245,1289,0
64,87,2225,946,714,2990,0
64,88,2225,946,2800,641,0
64,89,2225,946,2389,2741,0
64,90,2225,946,538,2170,0
64,91,2225,946,2767,2393,0
64,92,2225,946,1270,693,0
64,93,2225,946,2649,133,0
64,94,2225,946,782,2023,0
64,95,2225,946,551,1308,0
64,96,2225,946,2784,254,0
64,97,2225,946,2443,1306,0
64,98,2225,946,1619,1722,0
64,99,2225,946,508,1060,0
64,100,2225,946,2201,1345,0
64,101,2225,946,2587,861,0
64,102,2225,946,2593,412,0
64,103,2225,946,2995,1976,0
64,104,2225,946,2546,755,0
64,105,2225,946,1384,10,0
64,106,2225,946,1458,697,0
64,107,2225,946,52,2157,0
64,108,2225,946,2017,217,0
64,109,2225,946,2750,1252,0
64,110,2225,946,1972,2182,0
64,111,2225,946,736,1220,0
64,112,2225,946,1701,2178,0
64,113,2225,946,27,769,0
64,114,2225,946,148,1215,0
64,115,2225,946,1308,917,0
64,116,2225,946,579,885,0
64,117,2225,946,2737,2060,0
64,118,2225,946,1739,2828,0
64,119,2225,946,1339,2055,0
64,120,2225,946,1479,618,0
64,121,2225,946,1518,2678,0
64,122,2225,946,2663,2085,0
64,123,2225,946,1536,440,0
64,124,2225,946,2347,485,0
64,125,2225,946,2244,1545,0
64,126,2225,946,1821,2562,0
64,127,2225,946,1162,1754,0
64,128,2225,946,476,1205,0
64,129,2225,946,1692,876,0
64,130,2225,946,300,1205,0
64,131,2225,946,2003,1714,0
64,132,2225,946,381,1336,0
64,133,2225,946,2948,2728,0
64,134,2225,946,1258,2583,0
64,135,2225,946,1121,2987,0
64,136,2225,946,2245,575,0
64,137,2225,946,721,430,0
64,138,2225,946,1441,992,0
64,139,2225,946,2326,2998,0
64,140,2225,946,976,329,0
64,141,2225,946,2900,191,0
64,142,2225,946,1962,1771,0
64,143,2225,946,238,1665,0
64,144,2225,946,295,1936,0
64,145,2225,946,1854,141,0
64,146,2225,946,2927,2918,0
64,147,2225,946,652,2117,0
64,148,2225,946,1281,1593,0
64,149,2225,946,1093,2355,0
64,150,2225,946,821,2889,0
64,151,2225,946,2640,293,0
64,152,2225,946,2213,1092,0
64,153,2225,946,2554,526,0
64,154,2225,946,773,2759,0
64,155,2225,946,2398,2598,0
64,156,2225,946,352,1773,0
64,157,2225,946,136,1123,0
64,158,2225,946,2533,1961,0
64,159,2225,946,1274,2648,0
64,160,2225,946,2856,1016,0
64,161,2225,946,723,68,0
64,162,2225,946,1849,735,0
64,163,2225,946,1750,564,0
64,164,2225,946,21,376,0
64,165,2225,946,2035,939,0
64,166,2225,946,1752,1825,0
64,167,2225,946,2384,871,0
64,168,2225,946,1034,788,0
64,169,2225,946,1867,2645,0
64,170,2225,946,940,504,0
64,171,2225,946,1519,1618,0
64,172,2225,946,1392,2416,0
64,173,2225,946,1843,947,0
64,174,2225,946,1387,1345,0
64,175,2225,946,2479,1210,0
64,176,2225,946,1555,1680,0
64,177,2225,946,160,2470,0
64,178,2225,946,2692,2143,0
64,179,2225,946,158,2357,0
64,180,2225,946,2335,890,1
64,181,2225,946,1761,1075,0
64,182,2225,946,2099,406,0
65,0,349,822,1639,2892,0
65,1,349,822,1329,745,0
65,2,349,822,443,1218,0
65,3,349,822,2514,1181,0
65,4,349,822,2286,223,0
65,5,349,822,595,2408,0
65,6,349,822,1383,2289,0
65,7,349,822,1795,201,0
65,8,349,822,2598,838,0
65,9,349,822,813,1715,0
65,10,349,822,1135,391,0
65,11,349,822,1132,1878,0
65,12,349,822,2041,661,0
65,13,349,822,1434,670,0
65,14,349,822,300,623,0
65,15,349,822,1559,2032,0
65,16,349,822,1224,2119,0
65,17,349,822,838,460,0
65,18,349,822,352,2688,0
65,19,349,822,2179,352,0
65,20,349,822,525,672,0
65,21,349,822,1652,2883,0
65,22,349,822,1373,2660,0
65,23,349,822,2814,1659,0
65,24,349,822,1449,1659,0
65,25,349,822,2305,1303,0
65,26,349,822,769,677,0
65,27,349,822,2295,2940,0
65,28,349,822,577,2880,0
65,29,349,822,1614,2810,0
65,30,349,822,47,1395,0
65,31,349,822,2664,803,0
65,32,349,822,2309,2153,0
65,33,349,822,2074,2182,0
65,34,349,822,1554,11,0
65,35,349,822,1400,2146,0
65,36,349,822,1795,740,0
65,37,349,822,931,567,0
65,38,349,822,1254,1779,0
65,39,349,822,45,883,0
65,40,349,822,1359,119,0
65,41,349,822,2127,1277,0
65,42,349,822,2925,1375,0
65,43,349,822,2505,1463,0
65,44,349,822,1791,2744,0
65,45,349,822,1916,1718,0
65,46,349,822,167,2831,0
65,47,349,822,2315,236,0
65,48,349,822,1902,1139,0
65,49,349,822,1443,2554,0
65,50,349,822,194,2519,0
65,51,349,822,301,248,0
65,52,349,822,934,2502,0
65,53,349,822,343,1045,0
65,54,349,822,1542,1250,0
65,55,349,822,2149,1171,0
65,56,349,822,2055,1783,0
65,57,349,822,941,1993,0
65,58,349,822,123,1452,0
65,59,349,822,2845,2865,0
65,60,349,822,1089,2442,0
65,61,349,822,859,1946,0
65,62,349,822,1024,191,0
65,63,349,822,640,1179,0
65,64,349,822,2225,946,0
65,66,349,822,826,2377,0
65,67,349,822,1638,96,0
65,68,349,822,2727,990,0
65,69,349,822,2915,1910,0
65,70,349,822,1406,1407,0
65,71,349,822,2216,2614,0
65,72,349,822,1497,453,0
65,73,349,822,1462,1798,0
65,74,349,822,1212,215,0
65,75,349,822,2881,2014,0
65,76,349,822,32,1929,0
65,77,349,822,2695,266,0
65,78,349,822,2042,2855,0
65,79,349,822,193,1354,0
65,80,349,822,123,892,0
65,81,349,822,2391,199,0
65,82,349,822,738,1556,0
65,83,349,822,656,1512,0
65,84,349,822,2081,2886,0
65,85,349,822,2720,2097,0
65,86,349,822,2245,1289,0
65,87,349,822,714,2990,0
65,88,349,822,2800,641,0
65,89,349,822,2389,2741,0
65,90,349,822,538,2170,0
65,91,349,822,2767,2393,0
65,92,349,822,1270,693,0
65,93,349,822,2649,133,0
65,94,349,822,782,2023,0
65,95,349,822,551,1308,0
65,96,349,822,2784,254,0
65,97,349,822,2443,1306,0
65,98,349,822,1619,1722,0
65,99,349,822,508,1060,0
65,100,349,822,2201,1345,0
65,101,349,822,2587,861,0
65,102,349,822,2593,412,0
65,103,349,822,2995,1976,0
65,104,349,822,2546,755,0
65,105,349,822,1384,10,0
65,106,349,822,1458,697,0
65,107,349,822,52,2157,0
65,108,349,822,2017,217,0
65,109,349,822,2750,1252,0
65,110,349,822,1972,2182,0
65,111,349,822,736,1220,0
65,112,349,822,1701,2178,0
65,113,349,822,27,769,0
65,114,349,822,148,1215,0
65,115,349,822,1308,917,0
65,116,349,822,579,885,1
65,117,349,822,2737,2060,0
65,118,349,822,1739,2828,0
65,119,349,822,1339,2055,0
65,120,349,822,1479,618,0
65,121,349,822,1518,2678,0
65,122,349,822,2663,2085,0
65,123,349,822,1536,440,0
65,124,349,822,2347,485,0
65,125,349,822,2244,1545,0
65,126,349,822,1821,2562,0
65,127,349,822,1162,1754,0
65,128,349,822,476,1205,0
65,129,349,822,1692,876,0
65,130,349,822,300,1205,0
65,131,349,822,2003,1714,0
65,132,349,822,381,1336,0
65,133,349,822,2948,2728,0
65,134,349,822,1258,2583,0
65,135,349,822,1121,2987,0
65,136,349,822,2245,575,0
65,137,349,822,721,430,0
65,138,349,822,1441,992,0
65,139,349,822,2326,2998,0
65,140,349,822,976,329,0
65,141,349,822,2900,191,0
65,142,349,822,1962,1771,0
65,143,349,822,238,1665,0
65,144,349,822,295,1936,0
65,145,349,822,1854,141,0
65,146,349,822,2927,2918,0
65,147,349,822,652,2117,0
65,148,349,822,1281,1593,0
65,149,349,822,1093,2355,0
65,150,349,822,821,2889,0
65,151,349,822,2640,293,0
65,152,349,822,2213,1092,0
65,153,349,822,2554,526,0
65,154,349,822,773,2759,0
65,155,349,822,2398,2598,0
65,156,349,822,352,1773,0
65,157,349,822,136,1123,0
65,158,349,822,2533,1961,0
65,159,349,822,1274,2648,0
65,160,349,822,2856,1016,0
65,161,349,822,723,68,0
65,162,349,822,1849,735,0
65,163,349,822,1750,564,0
65,164,349,822,21,376,0
65,165,349,822,2035,939,0
65,166,349,822,1752,1825,0
65,167,349,822,2384,871,0
65,168,349,822,1034,788,0
65,169,349,822,1867,2645,0
65,170,349,822,940,504,0
65,171,349,822,1519,1618,0
65,172,349,822,1392,2416,0
65,173,349,822,1843,947,0
65,174,349,822,1387,1345,0
65,175,349,822,2479,1210,0
65,176,349,822,1555,1680,0
65,177,349,822,160,2470,0
65,178,349,822,2692,2143,0
65,179,349,822,158,2357,0
65,180,349,822,2335,890,0
65,181,349,822,1761,1075,0
65,182,349,822,2099,406,0
66,0,826,2377,1639,2892,0
66,1,826,2377,1329,745,0
66,2,826,2377,443,1218,0
66,3,826,2377,2514,1181,0
66,4,826,2377,2286,223,0
66,5,826,2377,595,2408,0
66,6,826,2377,1383,2289,0
66,7,826,2377,1795,201,0
66,8,826,2377,2598,838,0
66,9,826,2377,813,1715,0
66,10,826,2377,1135,391,0
66,11,826,2377,1132,1878,0
66,12,826,2377,2041,661,0
66,13,826,2377,1434,670,0
66,14,826,2377,300,623,0
66,15,826,2377,1559,2032,0
66,16,826,2377,1224,2119,0
66,17,826,2377,838,460,0
66,18,826,2377,352,2688,0
66,19,826,2377,2179,352,0
66,20,826,2377,525,672,0
66,21,826,2377,1652,2883,0
66,22,826,2377,1373,2660,0
66,23,826,2377,2814,1659,0
66,24,826,2377,1449,1659,0
66,25,826,2377,2305,1303,0
66,26,826,2377,769,677,0
66,27,826,2377,2295,2940,0
66,28,826,2377,577,2880,0
66,29,826,2377,1614,2810,0
66,30,826,2377,47,1395,0
66,31,826,2377,2664,803,0
66,32,826,2377,2309,2153,0
66,33,826,2377,2074,2182,0
66,34,826,2377,1554,11,0
66,35,826,2377,1400,2146,0
66,36,826,2377,1795,740,0
66,37,826,2377,931,567,0
66,38,826,2377,1254,1779,0
66,39,826,2377,45,883,0
66,40,826,2377,1359,119,0
66,41,826,2377,2127,1277,0
66,42,826,2377,2925,1375,0
66,43,826,2377,2505,1463,0
66,44,826,2377,1791,2744,0
66,45,826,2377,1916,1718,0
66,46,826,2377,167,2831,0
66,47,826,2377,2315,236,0
66,48,826,2377,1902,1139,0
66,49,826,2377,1443,2554,0
66,50,826,2377,194,2519,0
66,51,826,2377,301,248,0
66,52,826,2377,934,2502,1
66,53,826,2377,343,1045,0
66,54,826,2377,1542,1250,0
66,55,826,2377,2149,1171,0
66,56,826,2377,2055,1783,0
66,57,826,2377,941,1993,0
66,58,826,2377,123,1452,0
66,59,826,2377,2845,2865,0
66,60,826,2377,1089,2442,0
66,61,826,2377,859,1946,0
66,62,826,2377,1024,191,0
66,63,826,2377,640,1179,0
66,64,826,2377,2225,946,0
66,65,826,2377,349,822,0
66,67,826,2377,1638,96,0
66,68,826,2377,2727,990,0
66,69,826,2377,2915,1910,0
66,70,826,2377,1406,1407,0
66,71,826,2377,2216,2614,0
66,72,826,2377,1497,453,0
66,73,826,2377,1462,1798,0
66,74,826,2377,1212,215,0
66,75,826,2377,2881,2014,0
66,76,826,2377,32,1929,0
66,77,826,2377,2695,266,0
66,78,826,2377,2042,2855,0
66,79,826,2377,193,1354,0
66,80,826,2377,123,892,0
66,81,826,2377,2391,199,0
66,82,826,2377,738,1556,0
66,83,826,2377,656,1512,0
66,84,826,2377,2081,2886,0
66,85,826,2377,2720,2097,0
66,86,826,2377,2245,1289,0
66,87,826,2377,714,2990,0
66,88,826,2377,2800,641,0
66,89,826,2377,2389,2741,0
66,90,826,2377,538,2170,0
66,91,826,2377,2767,2393,0
66,92,826,2377,1270,693,0
66,93,826,2377,2649,133,0
66,94,826,2377,782,2023,0
66,95,826,2377,551,1308,0
66,96,826,2377,2784,254,0
66,97,826,2377,2443,1306,0
66,98,826,2377,1619,1722,0
66,99,826,2377,508,1060,0
66,100,826,2377,2201,1345,0
66,101,826,2377,2587,861,0
66,102,826,2377,2593,412,0
66,103,826,2377,2995,1976,0
66,104,826,2377,2546,755,0
66,105,826,2377,1384,10,0
66,106,826,2377,1458,697,0
66,107,826,2377,52,2157,0
66,108,826,2377,2017,217,0
66,109,826,2377,2750,1252,0
66,110,826,2377,1972,2182,0
66,111,826,2377,736,1220,0
66,112,826,2377,1701,2178,0
66,113,826,2377,27,769,0
66,114,826,2377,148,1215,0
66,115,826,2377,1308,917,0
66,116,826,2377,579,885,0
66,117,826,2377,2737,2060,0
66,118,826,2377,1739,2828,0
66,119,826,2377,1339,2055,0
66,120,826,2377,1479,618,0
66,121,826,2377,1518,2678,0
66,122,826,2377,2663,2085,0
66,123,826,2377,1536,440,0
66,124,826,2377,2347,485,0
66,125,826,2377,2244,1545,0
66,126,826,2377,1821,2562,0
66,127,826,2377,1162,1754,0
66,128,826,2377,476,1205,0
66,129,826,2377,1692,876,0
66,130,826,2377,300,1205,0
66,131,826,2377,2003,1714,0
66,132,826,2377,381,1336,0
66,133,826,2377,2948,2728,0
66,134,826,2377,1258,2583,0
66,135,826,2377,1121,2987,0
66,136,826,2377,2245,575,0
66,137,826,2377,721,430,0
66,138,826,2377,1441,992,0
66,139,826,2377,2326,2998,0
66,140,826,2377,976,329,0
66,141,826,2377,2900,191,0
66,142,826,2377,1962,1771,0
66,143,826,2377,238,1665,0
66,144,826,2377,295,1936,0
66,145,826,2377,1854,141,0
66,146,826,2377,2927,2918,0
66,147,826,2377,652,2117,0
66,148,826,2377,1281,1593,0
66,149,826,2377,1093,2355,0
66,150,826,2377,821,2889,0
66,151,826,2377,2640,293,0
66,152,826,2377,2213,1092,0
66,153,826,2377,2554,526,0
66,154,826,2377,773,2759,0
66,155,826,2377,2398,2598,0
66,156,826,2377,352,1773,0
66,157,826,2377,136,1123,0
66,158,826,2377,2533,1961,0
66,159,826,2377,1274,2648,0
66,160,826,2377,2856,1016,0
66,161,826,2377,723,68,0
66,162,826,2377,1849,735,0
66,163,826,2377,1750,564,0
66,164,826,2377,21,376,0
66,165,826,2377,2035,939,0
66,166,826,2377,1752,1825,0
66,167,826,2377,2384,871,0
66,168,826,2377,1034,788,0
66,169,826,2377,1867,2645,0
66,170,826,2377,940,504,0
66,171,826,2377,1519,1618,0
66,172,826,2377,1392,2416,0
66,173,826,2377,1843,947,0
66,174,826,2377,1387,1345,0
66,175,826,2377,2479,1210,0
66,176,826,2377,1555,1680,0
66,177,826,2377,160,2470,0
66,178,826,2377,2692,2143,0
66,179,826,2377,158,2357,0
66,180,826,2377,2335,890,0
66,181,826,2377,1761,1075,0
66,182,826,2377,2099,406,0
67,0,1638,96,1639,2892,0
67,1,1638,96,1329,745,0
67,2,1638,96,443,1218,0
67,3,1638,96,2514,1181,0
67,4,1638,96,2286,223,0
67,5,1638,96,595,2408,0
67,6,1638,96,1383,2289,0
67,7,1638,96,1795,201,1
67,8,1638,96,2598,838,0
67,9,1638,96,813,1715,0
67,10,1638,96,1135,391,0
67,11,1638,96,1132,1878,0
67,12,1638,96,2041,661,0
67,13,1638,96,1434,670,0
67,14,1638,96,300,623,0
67,15,1638,96,1559,2032,0
67,16,1638,96,1224,2119,0
67,17,1638,96,838,460,0
67,18,1638,96,352,2688,0
67,19,1638,96,2179,352,0
67,20,1638,96,525,672,0
67,21,1638,96,1652,2883,0
67,22,1638,96,1373,2660,0
67,23,1638,96,2814,1659,0
67,24,1638,96,1449,1659,0
67,25,1638,96,2305,1303,0
67,26,1638,96,769,677,0
67,27,1638,96,2295,2940,0
67,28,1638,96,577,2880,0
67,29,1638,96,1614,2810,0
67,30,1638,96,47,1395,0
67,31,1638,96,2664,803,0
67,32,1638,96,2309,2153,0
67,33,1638,96,2074,2182,0
67,34,1638,96,1554,11,0
67,35,1638,96,1400,2146,0
67,36,1638,96,1795,740,0
67,37,1638,96,931,567,0
67,38,1638,96,1254,1779,0
67,39,1638,96,45,883,0
67,40,1638,96,1359,119,0
67,41,1638,96,2127,1277,0
67,42,1638,96,2925,1375,0
67,43,1638,96,2505,1463,0
67,44,1638,96,1791,2744,0
67,45,1638,96,1916,1718,0
67,46,1638,96,167,2831,0
67,47,1638,96,2315,236,0
67,48,1638,96,1902,1139,0
67,49,1638,96,1443,2554,0
67,50,1638,96,194,2519,0
67,51,1638,96,301,248,0
67,52,1638,96,934,2502,0
67,53,1638,96,343,1045,0
67,54,1638,96,1542,1250,0
67,55,1638,96,2149,1171,0
67,56,1638,96,2055,1783,0
67,57,1638,96,941,1993,0
67,58,1638,96,123,1452,0
67,59,1638,96,2845,2865,0
67,60,1638,96,1089,2442,0
67,61,1638,96,859,1946,0
67,62,1638,96,1024,191,0
67,63,1638,96,640,1179,0
67,64,1638,96,2225,946,0
67,65,1638,96,349,822,0
67,66,1638,96,826,2377,0
67,68,1638,96,2727,990,0
67,69,1638,96,2915,1910,0
67,70,1638,96,1406,1407,0
67,71,1638,96,2216,2614,0
67,72,1638,96,1497,453,0
67,73,1638,96,1462,1798,0
67,74,1638,96,1212,215,0
67,75,1638,96,2881,2014,0
67,76,1638,96,32,1929,0
67,77,1638,96,2695,266,0
67,78,1638,96,2042,2855,0
67,79,1638,96,193,1354,0
67,80,1638,96,123,892,0
67,81,1638,96,2391,199,0
67,82,1638,96,738,1556,0
67,83,1638,96,656,1512,0
67,84,1638,96,2081,2886,0
67,85,1638,96,2720,2097,0
67,86,1638,96,2245,1289,0
67,87,1638,96,714,2990,0
67,88,1638,96,2800,641,0
67,89,1638,96,2389,2741,0
67,90,1638,96,538,2170,0
67,91,1638,96,2767,2393,0
67,92,1638,96,1270,693,0
67,93,1638,96,2649,133,0
67,94,1638,96,782,2023,0
67,95,1638,96,551,1308,0
67,96,1638,96,2784,254,0
67,97,1638,96,2443,1306,0
67,98,1638,96,1619,1722,0
67,99,1638,96,508,1060,0
67,100,1638,96,2201,1345,0
67,101,1638,96,2587,861,0
67,102,1638,96,2593,412,0
67,103,1638,96,2995,1976,0
67,104,1638,96,2546,755,0
67,105,1638,96,1384,10,0
67,106,1638,96,1458,697,0
67,107,1638,96,52,2157,0
67,108,1638,96,2017,217,0
67,109,1638,96,2750,1252,0
67,110,1638,96,1972,2182,0
67,111,1638,96,736,1220,0
67,112,1638,96,1701,2178,0
67,113,1638,96,27,769,0
67,114,1638,96,148,1215,0
67,115,1638,96,1308,917,0
67,116,1638,96,579,885,0
67,117,1638,96,2737,2060,0
67,118,1638,96,1739,2828,0
67,119,1638,96,1339,2055,0
67,120,1638,96,1479,618,0
67,121,1638,96,1518,2678,0
67,122,1638,96,2663,2085,0
67,123,1638,96,1536,440,0
67,124,1638,96,2347,485,0
67,125,1638,96,2244,1545,0
67,126,1638,96,1821,2562,0
67,127,1638,96,1162,1754,0
67,128,1638,96,476,1205,0
67,129,1638,96,1692,876,0
67,130,1638,96,300,1205,0
67,131,1638,96,2003,1714,0
67,132,1638,96,381,1336,0
67,133,1638,96,2948,2728,0
67,134,1638,96,1258,2583,0
67,135,1638,96,1121,2987,0
67,136,1638,96,2245,575,0
67,137,1638,96,721,430,0
67,138,1638,96,1441,992,0
67,139,1638,96,2326,2998,0
67,140,1638,96,976,329,0
67,141,1638,96,2900,191,0
67,142,1638,96,1962,1771,0
67,143,1638,96,238,1665,0
67,144,1638,96,295,1936,0
67,145,1638,96,1854,141,0
67,146,1638,96,2927,2918,0
67,147,1638,96,652,2117,0
67,148,1638,96,1281,1593,0
67,149,1638,96,1093,2355,0
67,150,1638,96,821,2889,0
67,151,1638,96,2640,293,0
67,152,1638,96,2213,1092,0
67,153,1638,96,2554,526,0
67,154,1638,96,773,2759,0
67,155,1638,96,2398,2598,0
67,156,1638,96,352,1773,0
67,157,1638,96,136,1123,0
67,158,1638,96,2533,1961,0
67,159,1638,96,1274,2648,0
67,160,1638,96,2856,1016,0
67,161,1638,96,723,68,0
67,162,1638,96,1849,735,0
67,163,1638,96,1750,564,0
67,164,1638,96,21,376,0
67,165,1638,96,2035,939,0
67,166,1638,96,1752,1825,0
67,167,1638,96,2384,871,0
67,168,1638,96,1034,788,0
67,169,1638,96,1867,2645,0
67,170,1638,96,940,504,0
67,171,1638,96,1519,1618,0
67,172,1638,96,1392,2416,0
67,173,1638,96,1843,947,0
67,174,1638,96,1387,1345,0
67,175,1638,96,2479,1210,0
67,176,1638,96,1555,1680,0
67,177,1638,96,160,2470,0
67,178,1638,96,2692,2143,0
67,179,1638,96,158,2357,0
67,180,1638,96,2335,890,0
67,181,1638,96,1761,1075,0
67,182,1638,96,2099,406,0
68,0,2727,990,1639,2892,0
68,1,2727,990,1329,745,0
68,2,2727,990,443,1218,0
68,3,2727,990,2514,1181,0
68,4,2727,990,2286,223,0
68,5,2727,990,595,2408,0
68,6,2727,990,1383,2289,0
68,7,2727,990,1795,201,0
68,8,2727,990,2598,838,0
68,9,2727,990,813,1715,0
68,10,2727,990,1135,391,0
68,11,2727,990,1132,1878,0
68,12,2727,990,2041,661,0
68,13,2727,990,1434,670,0
68,14,2727,990,300,623,0
68,15,2727,990,1559,2032,0
68,16,2727,990,1224,2119,0
68,17,2727,990,838,460,0
68,18,2727,990,352,2688,0
68,19,2727,990,2179,352,0
68,20,2727,990,525,672,0
68,21,2727,990,1652,2883,0
68,22,2727,990,1373,2660,0
68,23,2727,990,2814,1659,0
68,24,2727,990,1449,1659,0
68,25,2727,990,2305,1303,0
68,26,2727,990,769,677,0
68,27,2727,990,2295,2940,0
68,28,2727,990,577,2880,0
68,29,2727,990,1614,2810,0
68,30,2727,990,47,1395,0
68,31,2727,990,2664,803,0
68,32,2727,990,2309,2153,0
68,33,2727,990,2074,2182,0
68,34,2727,990,1554,11,0
68,35,2727,990,1400,2146,0
68,36,2727,990,1795,740,0
68,37,2727,990,931,567,0
68,38,2727,990,1254,1779,0
68,39,2727,990,45,883,0
68,40,2727,990,1359,119,0
68,41,2727,990,2127,1277,0
68,42,2727,990,2925,1375,0
68,43,2727,990,2505,1463,0
68,44,2727,990,1791,2744,0
68,45,2727,990,1916,1718,0
68,46,2727,990,167,2831,0
68,47,2727,990,2315,236,0
68,48,2727,990,1902,1139,0
68,49,2727,990,1443,2554,0
68,50,2727,990,194,2519,0
68,51,2727,990,301,248,0
68,52,2727,990,934,2502,0
68,53,2727,990,343,1045,0
68,54,2727,990,1542,1250,0
68,55,2727,990,2149,1171,0
68,56,2727,990,2055,1783,0
68,57,2727,990,941,1993,0
68,58,2727,990,123,1452,0
68,59,2727,990,2845,2865,0
68,60,2727,990,1089,2442,0
68,61,2727,990,859,1946,0
68,62,2727,990,1024,191,0
68,63,2727,990,640,1179,0
68,64,2727,990,2225,946,0
68,65,2727,990,349,822,0
68,66,2727,990,826,2377,0
68,67,2727,990,1638,96,0
68,69,2727,990,2915,1910,0
68,70,2727,990,1406,1407,0
68,71,2727,990,2216,2614,0
68,72,2727,990,1497,453,0
68,73,2727,990,1462,1798,0
68,74,2727,990,1212,215,0
68,75,2727,990,2881,2014,0
68,76,2727,990,32,1929,0
68,77,2727,990,2695,266,0
68,78,2727,990,2042,2855,0
68,79,2727,990,193,1354,0
68,80,2727,990,123,892,0
68,81,2727,990,2391,199,0
68,82,2727,990,738,1556,0
68,83,2727,990,656,1512,0
68,84,2727,990,2081,2886,0
68,85,2727,990,2720,2097,0
68,86,2727,990,2245,1289,0
68,87,2727,990,714,2990,0
68,88,2727,990,2800,641,0
68,89,2727,990,2389,2741,0
68,90,2727,990,538,2170,0
68,91,2727,990,2767,2393,0
68,92,2727,990,1270,693,0
68,93,2727,990,2649,133,0
68,94,2727,990,782,2023,0
68,95,2727,990,551,1308,0
68,96,2727,990,2784,254,0
68,97,2727,990,2443,1306,0
68,98,2727,990,1619,1722,0
68,99,2727,990,508,1060,0
68,100,2727,990,2201,1345,0
68,101,2727,990,2587,861,0
68,102,2727,990,2593,412,0
68,103,2727,990,2995,1976,0
68,104,2727,990,2546,755,0
68,105,2727,990,1384,10,0
68,106,2727,990,1458,697,0
68,107,2727,990,52,2157,0
68,108,2727,990,2017,217,0
68,109,2727,990,2750,1252,0
68,110,2727,990,1972,2182,0
68,111,2727,990,736,1220,0
68,112,2727,990,1701,2178,0
68,113,2727,990,27,769,0
68,114,2727,990,148,1215,0
68,115,2727,990,1308,917,0
68,116,2727,990,579,885,0
68,117,2727,990,2737,2060,0
68,118,2727,990,1739,2828,0
68,119,2727,990,1339,2055,0
68,120,2727,990,1479,618,0
68,121,2727,990,1518,2678,0
68,122,2727,990,2663,2085,0
68,123,2727,990,1536,440,0
68,124,2727,990,2347,485,0
68,125,2727,990,2244,1545,0
68,126,2727,990,1821,2562,0
68,127,2727,990,1162,1754,0
68,128,2727,990,476,1205,0
68,129,2727,990,1692,876,0
68,130,2727,990,300,1205,0
68,131,2727,990,2003,1714,0
68,132,2727,990,381,1336,0
68,133,2727,990,2948,2728,0
68,134,2727,990,1258,2583,0
68,135,2727,990,1121,2987,0
68,136,2727,990,2245,575,0
68,137,2727,990,721,430,0
68,138,2727,990,1441,992,0
68,139,2727,990,2326,2998,0
68,140,2727,990,976,329,0
68,141,2727,990,2900,191,0
68,142,2727,990,1962,1771,0
68,143,2727,990,238,1665,0
68,144,2727,990,295,1936,0
68,145,2727,990,1854,141,0
68,146,2727,990,2927,2918,0
68,147,2727,990,652,2117,0
68,148,2727,990,1281,1593,0
68,149,2727,990,1093,2355,0
68,150,2727,990,821,2889,0
68,151,2727,990,2640,293,0
68,152,2727,990,2213,1092,0
68,153,2727,990,2554,526,0
68,154,2727,990,773,2759,0
68,155,2727,990,2398,2598,0
68,156,2727,990,352,1773,0
68,157,2727,990,136,1123,0
68,158,2727,990,2533,1961,0
68,159,2727,990,1274,2648,0
68,160,2727,990,2856,1016,1
68,161,2727,990,723,68,0
68,162,2727,990,1849,735,0
68,163,2727,990,1750,564,0
68,164,2727,990,21,376,0
68,165,2727,990,2035,939,0
68,166,2727,990,1752,1825,0
68,167,2727,990,2384,871,0
68,168,2727,990,1034,788,0
68,169,2727,990,1867,2645,0
68,170,2727,990,940,504,0
68,171,2727,990,1519,1618,0
68,172,2727,990,1392,2416,0
68,173,2727,990,1843,947,0
68,174,2727,990,1387,1345,0
68,175,2727,990,2479,1210,0
68,176,2727,990,1555,1680,0
68,177,2727,990,160,2470,0
68,178,2727,990,2692,2143,0
68,179,2727,990,158,2357,0
68,180,2727,990,2335,890,0
68,181,2727,990,1761,1075,0
68,182,2727,990,2099,406,0
69,0,2915,1910,1639,2892,0
69,1,2915,1910,1329,745,0
69,2,2915,1910,443,1218,0
69,3,2915,1910,2514,1181,0
69,4,2915,1910,2286,223,0
69,5,2915,1910,595,2408,0
69,6,2915,1910,1383,2289,0
69,7,2915,1910,1795,201,0
69,8,2915,1910,2598,838,0
69,9,2915,1910,813,1715,0
69,10,2915,1910,1135,391,0
69,11,2915,1910,1132,1878,0
69,12,2915,1910,2041,661,0
69,13,2915,1910,1434,670,0
69,14,2915,1910,300,623,0
69,15,2915,1910,1559,2032,0
69,16,2915,1910,1224,2119,0
69,17,2915,1910,838,460,0
69,18,2915,1910,352,2688,0
69,19,2915,1910,2179,352,0
69,20,2915,1910,525,672,0
69,21,2915,1910,1652,2883,0
69,22,2915,1910,1373,2660,0
69,23,2915,1910,2814,1659,0
69,24,2915,1910,1449,1659,0
69,25,2915,1910,2305,1303,0
69,26,2915,1910,769,677,0
69,27,2915,1910,2295,2940,0
69,28,2915,1910,577,2880,0
69,29,2915,1910,1614,2810,0
69,30,2915,1910,47,1395,0
69,31,2915,1910,2664,803,0
69,32,2915,1910,2309,2153,0
69,33,2915,1910,2074,2182,0
69,34,2915,1910,1554,11,0
69,35,2915,1910,1400,2146,0
69,36,2915,1910,1795,740,0
69,37,2915,1910,931,567,0
69,38,2915,1910,1254,1779,0
69,39,2915,1910,45,883,0
69,40,2915,1910,1359,119,0
69,41,2915,1910,2127,1277,0
69,42,2915,1910,2925,1375,0
69,43,2915,1910,2505,1463,0
69,44,2915,1910,1791,2744,0
69,45,2915,1910,1916,1718,0
69,46,2915,1910,167,2831,0
69,47,2915,1910,2315,236,0
69,48,2915,1910,1902,1139,0
69,49,2915,1910,1443,2554,0
69,50,2915,1910,194,2519,0
69,51,2915,1910,301,248,0
69,52,2915,1910,934,2502,0
69,53,2915,1910,343,1045,0
69,54,2915,1910,1542,1250,0
69,55,2915,1910,2149,1171,0
69,56,2915,1910,2055,1783,0
69,57,2915,1910,941,1993,0
69,58,2915,1910,123,1452,0
69,59,2915,1910,2845,2865,0
69,60,2915,1910,1089,2442,0
69,61,2915,1910,859,1946,0
69,62,2915,1910,1024,191,0
69,63,2915,1910,640,1179,0
69,64,2915,1910,2225,946,0
69,65,2915,1910,349,822,0
69,66,2915,1910,826,2377,0
69,67,2915,1910,1638,96,0
69,68,2915,1910,2727,990,0
69,70,2915,1910,1406,1407,0
69,71,2915,1910,2216,2614,0
69,72,2915,1910,1497,453,0
69,73,2915,1910,1462,1798,0
69,74,2915,1910,1212,215,0
69,75,2915,1910,2881,2014,0
69,76,2915,1910,32,1929,0
69,77,2915,1910,2695,266,0
69,78,2915,1910,2042,2855,0
69,79,2915,1910,193,1354,0
69,80,2915,1910,123,892,0
69,81,2915,1910,2391,199,0
69,82,2915,1910,738,1556,0
69,83,2915,1910,656,1512,0
69,84,2915,1910,2081,2886,0
69,85,2915,1910,2720,2097,0
69,86,2915,1910,2245,1289,0
69,87,2915,1910,714,2990,0
69,88,2915,1910,2800,641,0
69,89,2915,1910,2389,2741,0
69,90,2915,1910,538,2170,0
69,91,2915,1910,2767,2393,0
69,92,2915,1910,1270,693,0
69,93,2915,1910,2649,133,0
69,94,2915,1910,782,2023,0
69,95,2915,1910,551,1308,0
69,96,2915,1910,2784,254,0
69,97,2915,1910,2443,1306,0
69,98,2915,1910,1619,1722,0
69,99,2915,1910,508,1060,0
69,100,2915,1910,2201,1345,0
69,101,2915,1910,2587,861,0
69,102,2915,1910,2593,412,0
69,103,2915,1910,2995,1976,1
69,104,2915,1910,2546,755,0
69,105,2915,1910,1384,10,0
69,106,2915,1910,1458,697,0
69,107,2915,1910,52,2157,0
69,108,2915,1910,2017,217,0
69,109,2915,1910,2750,1252,0
69,110,2915,1910,1972,2182,0
69,111,2915,1910,736,1220,0
69,112,2915,1910,1701,2178,0
69,113,2915,1910,27,769,0
69,114,2915,1910,148,1215,0
69,115,2915,1910,1308,917,0
69,116,2915,1910,579,885,0
69,117,2915,1910,2737,2060,0
69,118,2915,1910,1739,2828,0
69,119,2915,1910,1339,2055,0
69,120,2915,1910,1479,618,0
69,121,2915,1910,1518,2678,0
69,122,2915,1910,2663,2085,0
69,123,2915,1910,1536,440,0
69,124,2915,1910,2347,485,0
69,125,2915,1910,2244,1545,0
69,126,2915,1910,1821,2562,0
69,127,2915,1910,1162,1754,0
69,128,2915,1910,476,1205,0
69,129,2915,1910,1692,876,0
69,130,2915,1910,300,1205,0
69,131,2915,1910,2003,1714,0
69,132,2915,1910,381,1336,0
69,133,2915,1910,2948,2728,0
69,134,2915,1910,1258,2583,0
69,135,2915,1910,1121,2987,0
69,136,2915,1910,2245,575,0
69,137,2915,1910,721,430,0
69,138,2915,1910,1441,992,0
69,139,2915,1910,2326,2998,0
69,140,2915,1910,976,329,0
69,141,2915,1910,2900,191,0
69,142,2915,1910,1962,1771,0
69,143,2915,1910,238,1665,0
69,144,2915,1910,295,1936,0
69,145,2915,1910,1854,141,0
69,146,2915,1910,2927,2918,0
69,147,2915,1910,652,2117,0
69,148,2915,1910,1281,1593,0
69,149,2915,1910,1093,2355,0
69,150,2915,1910,821,2889,0
69,151,2915,1910,2640,293,0
69,152,2915,1910,2213,1092,0
69,153,2915,1910,2554,526,0
69,154,2915,1910,773,2759,0
69,155,2915,1910,2398,2598,0
69,156,2915,1910,352,1773,0
69,157,2915,1910,136,1123,0
69,158,2915,1910,2533,1961,0
69,159,2915,1910,1274,2648,0
69,160,2915,1910,2856,1016,0
69,161,2915,1910,723,68,0
69,162,2915,1910,1849,735,0
69,163,2915,1910,1750,564,0
69,164,2915,1910,21,376,0
69,165,2915,1910,2035,939,0
69,166,2915,1910,1752,1825,0
69,167,2915,1910,2384,871,0
69,168,2915,1910,1034,788,0
69,169,2915,1910,1867,2645,0
69,170,2915,1910,940,504,0
69,171,2915,1910,1519,1618,0
69,172,2915,1910,1392,2416,0
69,173,2915,1910,1843,947,0
69,174,2915,1910,1387,1345,0
69,175,2915,1910,2479,1210,0
69,176,2915,1910,1555,1680,0
69,177,2915,1910,160,2470,0
69,178,2915,1910,2692,2143,0
69,179,2915,1910,158,2357,0
69,180,2915,1910,2335,890,0
69,181,2915,1910,1761,1075,0
69,182,2915,1910,2099,406,0
70,0,1406,1407,1639,2892,0
70,1,1406,1407,1329,745,0
70,2,1406,1407,443,1218,0
70,3,1406,1407,2514,1181,0
70,4,1406,1407,2286,223,0
70,5,1406,1407,595,2408,0
70,6,1406,1407,1383,2289,0
70,7,1406,1407,1795,201,0
70,8,1406,1407,2598,838,0
70,9,1406,1407,813,1715,0
70,10,1406,1407,1135,391,0
70,11,1406,1407,1132,1878,0
70,12,1406,1407,2041,661,0
70,13,1406,1407,1434,670,0
70,14,1406,1407,300,623,0
70,15,1406,1407,1559,2032,0
70,16,1406,1407,1224,2119,0
70,17,1406,1407,838,460,0
70,18,1406,1407,352,2688,0
70,19,1406,1407,2179,352,0
70,20,1406,1407,525,672,0
70,21,1406,1407,1652,2883,0
70,22,1406,1407,1373,2660,0
70,23,1406,1407,2814,1659,0
70,24,1406,1407,1449,1659,0
70,25,1406,1407,2305,1303,0
70,26,1406,1407,769,677,0
70,27,1406,1407,2295,2940,0
70,28,1406,1407,577,2880,0
70,29,1406,1407,1614,2810,0
70,30,1406,1407,47,1395,0
70,31,1406,1407,2664,803,0
70,32,1406,1407,2309,2153,0
70,33,1406,1407,2074,2182,0
70,34,1406,1407,1554,11,0
70,35,1406,1407,1400,2146,0
70,36,1406,1407,1795,740,0
70,37,1406,1407,931,567,0
70,38,1406,1407,1254,1779,0
70,39,1406,1407,45,883,0
70,40,1406,1407,1359,119,0
70,41,1406,1407,2127,1277,0
70,42,1406,1407,2925,1375,0
70,43,1406,1407,2505,1463,0
70,44,1406,1407,1791,2744,0
70,45,1406,1407,1916,1718,0
70,46,1406,1407,167,2831,0
70,47,1406,1407,2315,236,0
70,48,1406,1407,1902,1139,0
70,49,1406,1407,1443,2554,0
70,50,1406,1407,194,2519,0
70,51,1406,1407,301,248,0
70,52,1406,1407,934,2502,0
70,53,1406,1407,343,1045,0
70,54,1406,1407,1542,1250,0
70,55,1406,1407,2149,1171,0
70,56,1406,1407,2055,1783,0
70,57,1406,1407,941,1993,0
70,58,1406,1407,123,1452,0
70,59,1406,1407,2845,2865,0
70,60,1406,1407,1089,2442,0
70,61,1406,1407,859,1946,0
70,62,1406,1407,1024,191,0
70,63,1406,1407,640,1179,0
70,64,1406,1407,2225,946,0
70,65,1406,1407,349,822,0
70,66,1406,1407,826,2377,0
70,67,1406,1407,1638,96,0
70,68,1406,1407,2727,990,0
70,69,1406,1407,2915,1910,0
70,71,1406,1407,2216,2614,0
70,72,1406,1407,1497,453,0
70,73,1406,1407,1462,1798,0
70,74,1406,1407,1212,215,0
70,75,1406,1407,2881,2014,0
70,76,1406,1407,32,1929,0
70,77,1406,1407,2695,266,0
70,78,1406,1407,2042,2855,0
70,79,1406,1407,193,1354,0
70,80,1406,1407,123,892,0
70,81,1406,1407,2391,199,0
70,82,1406,1407,738,1556,0
70,83,1406,1407,656,1512,0
70,84,1406,1407,2081,2886,0
70,85,1406,1407,2720,2097,0
70,86,1406,1407,2245,1289,0
70,87,1406,1407,714,2990,0
70,88,1406,1407,2800,641,0
70,89,1406,1407,2389,2741,0
70,90,1406,1407,538,2170,0
70,91,1406,1407,2767,2393,0
70,92,1406,1407,1270,693,0
70,93,1406,1407,2649,133,0
70,94,1406,1407,782,2023,0
70,95,1406,1407,551,1308,0
70,96,1406,1407,2784,254,0
70,97,1406,1407,2443,1306,0
70,98,1406,1407,1619,1722,0
70,99,1406,1407,508,1060,0
70,100,1406,1407,2201,1345,0
70,101,1406,1407,2587,861,0
70,102,1406,1407,2593,412,0
70,103,1406,1407,2995,1976,0
70,104,1406,1407,2546,755,0
70,105,1406,1407,1384,10,0
70,106,1406,1407,1458,697,0
70,107,1406,1407,52,2157,0
70,108,1406,1407,2017,217,0
70,109,1406,1407,2750,1252,0
70,110,1406,1407,1972,2182,0
70,111,1406,1407,736,1220,0
70,112,1406,1407,1701,2178,0
70,113,1406,1407,27,769,0
70,114,1406,1407,148,1215,0
70,115,1406,1407,1308,917,0
70,116,1406,1407,579,885,0
70,117,1406,1407,2737,2060,0
70,118,1406,1407,1739,2828,0
70,119,1406,1407,1339,2055,0
70,120,1406,1407,1479,618,0
70,121,1406,1407,1518,2678,0
70,122,1406,1407,2663,2085,0
70,123,1406,1407,1536,440,0
70,124,1406,1407,2347,485,0
70,125,1406,1407,2244,1545,0
70,126,1406,1407,1821,2562,0
70,127,1406,1407,1162,1754,0
70,128,1406,1407,476,1205,0
70,129,1406,1407,1692,876,0
70,130,1406,1407,300,1205,0
70,131,1406,1407,2003,1714,0
70,132,1406,1407,381,1336,0
70,133,1406,1407,2948,2728,0
70,134,1406,1407,1258,2583,0
70,135,1406,1407,1121,2987,0
70,136,1406,1407,2245,575,0
70,137,1406,1407,721,430,0
70,138,1406,1407,1441,992,0
70,139,1406,1407,2326,2998,0
70,140,1406,1407,976,329,0
70,141,1406,1407,2900,191,0
70,142,1406,1407,1962,1771,0
70,143,1406,1407,238,1665,0
70,144,1406,1407,295,1936,0
70,145,1406,1407,1854,141,0
70,146,1406,1407,2927,2918,0
70,147,1406,1407,652,2117,0
70,148,1406,1407,1281,1593,0
70,149,1406,1407,1093,2355,0
70,150,1406,1407,821,2889,0
70,151,1406,1407,2640,293,0
70,152,1406,1407,2213,1092,0
70,153,1406,1407,2554,526,0
70,154,1406,1407,773,2759,0
70,155,1406,1407,2398,2598,0
70,156,1406,1407,352,1773,0
70,157,1406,1407,136,1123,0
70,158,1406,1407,2533,1961,0
70,159,1406,1407,1274,2648,0
70,160,1406,1407,2856,1016,0
70,161,1406,1407,723,68,0
70,162,1406,1407,1849,735,0
70,163,1406,1407,1750,564,0
70,164,1406,1407,21,376,0
70,165,1406,1407,2035,939,0
70,166,1406,1407,1752,1825,0
70,167,1406,1407,2384,871,0
70,168,1406,1407,1034,788,0
70,169,1406,1407,1867,2645,0
70,170,1406,1407,940,504,0
70,171,1406,1407,1519,1618,0
70,172,1406,1407,1392,2416,0
70,173,1406,1407,1843,947,0
70,174,1406,1407,1387,1345,1
70,175,1406,1407,2479,1210,0
70,176,1406,1407,1555,1680,0
70,177,1406,1407,160,2470,0
70,178,1406,1407,2692,2143,0
70,179,1406,1407,158,2357,0
70,180,1406,1407,2335,890,0
70,181,1406,1407,1761,1075,0
70,182,1406,1407,2099,406,0
71,0,2216,2614,1639,2892,0
71,1,2216,2614,1329,745,0
71,2,2216,2614,443,1218,0
71,3,2216,2614,2514,1181,0
71,4,2216,2614,2286,223,0
71,5,2216,2614,595,2408,0
71,6,2216,2614,1383,2289,0
71,7,2216,2614,1795,201,0
71,8,2216,2614,2598,838,0
71,9,2216,2614,813,1715,0
71,10,2216,2614,1135,391,0
71,11,2216,2614,1132,1878,0
71,12,2216,2614,2041,661,0
71,13,2216,2614,1434,670,0
71,14,2216,2614,300,623,0
71,15,2216,2614,1559,2032,0
71,16,2216,2614,1224,2119,0
71,17,2216,2614,838,460,0
71,18,2216,2614,352,2688,0
71,19,2216,2614,2179,352,0
71,20,2216,2614,525,672,0
71,21,2216,2614,1652,2883,0
71,22,2216,2614,1373,2660,0
71,23,2216,2614,2814,1659,0
71,24,2216,2614,1449,1659,0
71,25,2216,2614,2305,1303,0
71,26,2216,2614,769,677,0
71,27,2216,2614,2295,2940,0
71,28,2216,2614,577,2880,0
71,29,2216,2614,1614,2810,0
71,30,2216,2614,47,1395,0
71,31,2216,2614,2664,803,0
71,32,2216,2614,2309,2153,0
71,33,2216,2614,2074,2182,0
71,34,2216,2614,1554,11,0
71,35,2216,2614,1400,2146,0
71,36,2216,2614,1795,740,0
71,37,2216,2614,931,567,0
71,38,2216,2614,1254,1779,0
71,39,2216,2614,45,883,0
71,40,2216,2614,1359,119,0
71,41,2216,2614,2127,1277,0
71,42,2216,2614,2925,1375,0
71,43,2216,2614,2505,1463,0
71,44,2216,2614,1791,2744,0
71,45,2216,2614,1916,1718,0
71,46,2216,2614,167,2831,0
71,47,2216,2614,2315,236,0
71,48,2216,2614,1902,1139,0
71,49,2216,2614,1443,2554,0
71,50,2216,2614,194,2519,0
71,51,2216,2614,301,248,0
71,52,2216,2614,934,2502,0
71,53,2216,2614,343,1045,0
71,54,2216,2614,1542,1250,0
71,55,2216,2614,2149,1171,0
71,56,2216,2614,2055,1783,0
71,57,2216,2614,941,1993,0
71,58,2216,2614,123,1452,0
71,59,2216,2614,2845,2865,0
71,60,2216,2614,1089,2442,0
71,61,2216,2614,859,1946,0
71,62,2216,2614,1024,191,0
71,63,2216,2614,640,1179,0
71,64,2216,2614,2225,946,0
71,65,2216,2614,349,822,0
71,66,2216,2614,826,2377,0
71,67,2216,2614,1638,96,0
71,68,2216,2614,2727,990,0
71,69,2216,2614,2915,1910,0
71,70,2216,2614,1406,1407,0
71,72,2216,2614,1497,453,0
71,73,2216,2614,1462,1798,0
71,74,2216,2614,1212,215,0
71,75,2216,2614,2881,2014,0
71,76,2216,2614,32,1929,0
71,77,2216,2614,2695,266,0
71,78,2216,2614,2042,2855,0
71,79,2216,2614,193,1354,0
71,80,2216,2614,123,892,0
71,81,2216,2614,2391,199,0
71,82,2216,2614,738,1556,0
71,83,2216,2614,656,1512,0
71,84,2216,2614,2081,2886,1
71,85,2216,2614,2720,2097,0
71,86,2216,2614,2245,1289,0
71,87,2216,2614,714,2990,0
71,88,2216,2614,2800,641,0
71,89,2216,2614,2389,2741,0
71,90,2216,2614,538,2170,0
71,91,2216,2614,2767,2393,0
71,92,2216,2614,1270,693,0
71,93,2216,2614,2649,133,0
71,94,2216,2614,782,2023,0
71,95,2216,2614,551,1308,0
71,96,2216,2614,2784,254,0
71,97,2216,2614,2443,1306,0
71,98,2216,2614,1619,1722,0
71,99,2216,2614,508,1060,0
71,100,2216,2614,2201,1345,0
71,101,2216,2614,2587,861,0
71,102,2216,2614,2593,412,0
71,103,2216,2614,2995,1976,0
71,104,2216,2614,2546,755,0
71,105,2216,2614,1384,10,0
71,106,2216,2614,1458,697,0
71,107,2216,2614,52,2157,0
71,108,2216,2614,2017,217,0
71,109,2216,2614,2750,1252,0
71,110,2216,2614,1972,2182,0
71,111,2216,2614,736,1220,0
71,112,2216,2614,1701,2178,0
71,113,2216,2614,27,769,0
71,114,2216,2614,148,1215,0
71,115,2216,2614,1308,917,0
71,116,2216,2614,579,885,0
71,117,2216,2614,2737,2060,0
71,118,2216,2614,1739,2828,0
71,119,2216,2614,1339,2055,0
71,120,2216,2614,1479,618,0
71,121,2216,2614,1518,2678,0
71,122,2216,2614,2663,2085,0
71,123,2216,2614,1536,440,0
71,124,2216,2614,2347,485,0
71,125,2216,2614,2244,1545,0
71,126,2216,2614,1821,2562,0
71,127,2216,2614,1162,1754,0
71,128,2216,2614,476,1205,0
71,129,2216,2614,1692,876,0
71,130,2216,2614,300,1205,0
71,131,2216,2614,2003,1714,0
71,132,2216,2614,381,1336,0
71,133,2216,2614,2948,2728,0
71,134,2216,2614,1258,2583,0
71,135,2216,2614,1121,2987,0
71,136,2216,2614,2245,575,0
71,137,2216,2614,721,430,0
71,138,2216,2614,1441,992,0
71,139,2216,2614,2326,2998,0
71,140,2216,2614,976,329,0
71,141,2216,2614,2900,191,0
71,142,2216,2614,1962,1771,0
71,143,2216,2614,238,1665,0
71,144,2216,2614,295,1936,0
71,145,2216,2614,1854,141,0
71,146,2216,2614,2927,2918,0
71,147,2216,2614,652,2117,0
71,148,2216,2614,1281,1593,0
71,149,2216,2614,1093,2355,0
71,150,2216,2614,821,2889,0
71,151,2216,2614,2640,293,0
71,152,2216,2614,2213,1092,0
71,153,2216,2614,2554,526,0
71,154,2216,2614,773,2759,0
71,155,2216,2614,2398,2598,0
71,156,2216,2614,352,1773,0
71,157,2216,2614,136,1123,0
71,158,2216,2614,2533,1961,0
71,159,2216,2614,1274,2648,0
71,160,2216,2614,2856,1016,0
71,161,2216,2614,723,68,0
71,162,2216,2614,1849,735,0
71,163,2216,2614,1750,564,0
71,164,2216,2614,21,376,0
71,165,2216,2614,2035,939,0
71,166,2216,2614,1752,1825,0
71,167,2216,2614,2384,871,0
71,168,2216,2614,1034,788,0
71,169,2216,2614,1867,2645,0
71,170,2216,2614,940,504,0
71,171,2216,2614,1519,1618,0
71,172,2216,2614,1392,2416,0
71,173,2216,2614,1843,947,0
71,174,2216,2614,1387,1345,0
71,175,2216,2614,2479,1210,0
71,176,2216,2614,1555,1680,0
71,177,2216,2614,160,2470,0
71,178,2216,2614,2692,2143,0
71,179,2216,2614,158,2357,0
71,180,2216,2614,2335,890,0
71,181,2216,2614,1761,1075,0
71,182,2216,2614,2099,406,0
72,0,1497,453,1639,2892,0
72,1,1497,453,1329,745,0
72,2,1497,453,443,1218,0
72,3,1497,453,2514,1181,0
72,4,1497,453,2286,223,0
72,5,1497,453,595,2408,0
72,6,1497,453,1383,2289,0
72,7,1497,453,1795,201,0
72,8,1497,453,2598,838,0
72,9,1497,453,813,1715,0
72,10,1497,453,1135,391,0
72,11,1497,453,1132,1878,0
72,12,1497,453,2041,661,0
72,13,1497,453,1434,670,0
72,14,1497,453,300,623,0
72,15,1497,453,1559,2032,0
72,16,1497,453,1224,2119,0
72,17,1497,453,838,460,0
72,18,1497,453,352,2688,0
72,19,1497,453,2179,352,0
72,20,1497,453,525,672,0
72,21,1497,453,1652,2883,0
72,22,1497,453,1373,2660,0
72,23,1497,453,2814,1659,0
72,24,1497,453,1449,1659,0
72,25,1497,453,2305,1303,0
72,26,1497,453,769,677,0
72,27,1497,453,2295,2940,0
72,28,1497,453,577,2880,0
72,29,1497,453,1614,2810,0
72,30,1497,453,47,1395,0
72,31,1497,453,2664,803,0
72,32,1497,453,2309,2153,0
72,33,1497,453,2074,2182,0
72,34,1497,453,1554,11,0
72,35,1497,453,1400,2146,0
72,36,1497,453,1795,740,0
72,37,1497,453,931,567,0
72,38,1497,453,1254,1779,0
72,39,1497,453,45,883,0
72,40,1497,453,1359,119,0
72,41,1497,453,2127,1277,0
72,42,1497,453,2925,1375,0
72,43,1497,453,2505,1463,0
72,44,1497,453,1791,2744,0
72,45,1497,453,1916,1718,0
72,46,1497,453,167,2831,0
72,47,1497,453,2315,236,0
72,48,1497,453,1902,1139,0
72,49,1497,453,1443,2554,0
72,50,1497,453,194,2519,0
72,51,1497,453,301,248,0
72,52,1497,453,934,2502,0
72,53,1497,453,343,1045,0
72,54,1497,453,1542,1250,0
72,55,1497,453,2149,1171,0
72,56,1497,453,2055,1783,0
72,57,1497,453,941,1993,0
72,58,1497,453,123,1452,0
72,59,1497,453,2845,2865,0
72,60,1497,453,1089,2442,0
72,61,1497,453,859,1946,0
72,62,1497,453,1024,191,0
72,63,1497,453,640,1179,0
72,64,1497,453,2225,946,0
72,65,1497,453,349,822,0
72,66,1497,453,826,2377,0
72,67,1497,453,1638,96,0
72,68,1497,453,2727,990,0
72,69,1497,453,2915,1910,0
72,70,1497,453,1406,1407,0
72,71,1497,453,2216,2614,0
72,73,1497,453,1462,1798,0
72,74,1497,453,1212,215,0
72,75,1497,453,2881,2014,0
72,76,1497,453,32,1929,0
72,77,1497,453,2695,266,0
72,78,1497,453,2042,2855,0
72,79,1497,453,193,1354,0
72,80,1497,453,123,892,0
72,81,1497,453,2391,199,0
72,82,1497,453,738,1556,0
72,83,1497,453,656,1512,0
72,84,1497,453,2081,2886,0
72,85,1497,453,2720,2097,0
72,86,1497,453,2245,1289,0
72,87,1497,453,714,2990,0
72,88,1497,453,2800,641,0
72,89,1497,453,2389,2741,0
72,90,1497,453,538,2170,0
72,91,1497,453,2767,2393,0
72,92,1497,453,1270,693,0
72,93,1497,453,2649,133,0
72,94,1497,453,782,2023,0
72,95,1497,453,551,1308,0
72,96,1497,453,2784,254,0
72,97,1497,453,2443,1306,0
72,98,1497,453,1619,1722,0
72,99,1497,453,508,1060,0
72,100,1497,453,2201,1345,0
72,101,1497,453,2587,861,0
72,102,1497,453,2593,412,0
72,103,1497,453,2995,1976,0
72,104,1497,453,2546,755,0
72,105,1497,453,1384,10,0
72,106,1497,453,1458,697,0
72,107,1497,453,52,2157,0
72,108,1497,453,2017,217,0
72,109,1497,453,2750,1252,0
72,110,1497,453,1972,2182,0
72,111,1497,453,736,1220,0
72,112,1497,453,1701,2178,0
72,113,1497,453,27,769,0
72,114,1497,453,148,1215,0
72,115,1497,453,1308,917,0
72,116,1497,453,579,885,0
72,117,1497,453,2737,2060,0
72,118,1497,453,1739,2828,0
72,119,1497,453,1339,2055,0
72,120,1497,453,1479,618,1
72,121,1497,453,1518,2678,0
72,122,1497,453,2663,2085,0
72,123,1497,453,1536,440,0
72,124,1497,453,2347,485,0
72,125,1497,453,2244,1545,0
72,126,1497,453,1821,2562,0
72,127,1497,453,1162,1754,0
72,128,1497,453,476,1205,0
72,129,1497,453,1692,876,0
72,130,1497,453,300,1205,0
72,131,1497,453,2003,1714,0
72,132,1497,453,381,1336,0
72,133,1497,453,2948,2728,0
72,134,1497,453,1258,2583,0
72,135,1497,453,1121,2987,0
72,136,1497,453,2245,575,0
72,137,1497,453,721,430,0
72,138,1497,453,1441,992,0
72,139,1497,453,2326,2998,0
72,140,1497,453,976,329,0
72,141,1497,453,2900,191,0
72,142,1497,453,1962,1771,0
72,143,1497,453,238,1665,0
72,144,1497,453,295,1936,0
72,145,1497,453,1854,141,0
72,146,1497,453,2927,2918,0
72,147,1497,453,652,2117,0
72,148,1497,453,1281,1593,0
72,149,1497,453,1093,2355,0
72,150,1497,453,821,2889,0
72,151,1497,453,2640,293,0
72,152,1497,453,2213,1092,0
72,153,1497,453,2554,526,0
72,154,1497,453,773,2759,0
72,155,1497,453,2398,2598,0
72,156,1497,453,352,1773,0
72,157,1497,453,136,1123,0
72,158,1497,453,2533,1961,0
72,159,1497,453,1274,2648,0
72,160,1497,453,2856,1016,0
72,161,1497,453,723,68,0
72,162,1497,453,1849,735,0
72,163,1497,453,1750,564,0
72,164,1497,453,21,376,0
72,165,1497,453,2035,939,0
72,166,1497,453,1752,1825,0
72,167,1497,453,2384,871,0
72,168,1497,453,1034,788,0
72,169,1497,453,1867,2645,0
72,170,1497,453,940,504,0
72,171,1497,453,1519,1618,0
72,172,1497,453,1392,2416,0
72,173,1497,453,1843,947,0
72,174,1497,453,1387,1345,0
72,175,1497,453,2479,1210,0
72,176,1497,453,1555,1680,0
72,177,1497,453,160,2470,0
72,178,1497,453,2692,2143,0
72,179,1497,453,158,2357,0
72,180,1497,453,2335,890,0
72,181,1497,453,1761,1075,0
72,182,1497,453,2099,406,0
73,0,1462,1798,1639,2892,0
73,1,1462,1798,1329,745,0
73,2,1462,1798,443,1218,0
73,3,1462,1798,2514,1181,0
73,4,1462,1798,2286,223,0
73,5,1462,1798,595,2408,0
73,6,1462,1798,1383,2289,0
73,7,1462,1798,1795,201,0
73,8,1462,1798,2598,838,0
73,9,1462,1798,813,1715,0
73,10,1462,1798,1135,391,0
73,11,1462,1798,1132,1878,0
73,12,1462,1798,2041,661,0
73,13,1462,1798,1434,670,0
73,14,1462,1798,300,623,0
73,15,1462,1798,1559,2032,1
73,16,1462,1798,1224,2119,0
73,17,1462,1798,838,460,0
73,18,1462,1798,352,2688,0
73,19,1462,1798,2179,352,0
73,20,1462,1798,525,672,0
73,21,1462,1798,1652,2883,0
73,22,1462,1798,1373,2660,0
73,23,1462,1798,2814,1659,0
73,24,1462,1798,1449,1659,0
73,25,1462,1798,2305,1303,0
73,26,1462,1798,769,677,0
73,27,1462,1798,2295,2940,0
73,28,1462,1798,577,2880,0
73,29,1462,1798,1614,2810,0
73,30,1462,1798,47,1395,0
73,31,1462,1798,2664,803,0
73,32,1462,1798,2309,2153,0
73,33,1462,1798,2074,2182,0
73,34,1462,1798,1554,11,0
73,35,1462,1798,1400,2146,0
73,36,1462,1798,1795,740,0
73,37,1462,1798,931,567,0
73,38,1462,1798,1254,1779,0
73,39,1462,1798,45,883,0
73,40,1462,1798,1359,119,0
73,41,1462,1798,2127,1277,0
73,42,1462,1798,2925,1375,0
73,43,1462,1798,2505,1463,0
73,44,1462,1798,1791,2744,0
73,45,1462,1798,1916,1718,0
73,46,1462,1798,167,2831,0
73,47,1462,1798,2315,236,0
73,48,1462,1798,1902,1139,0
73,49,1462,1798,1443,2554,0
73,50,1462,1798,194,2519,0
73,51,1462,1798,301,248,0
73,52,1462,1798,934,2502,0
73,53,1462,1798,343,1045,0
73,54,1462,1798,1542,1250,0
73,55,1462,1798,2149,1171,0
73,56,1462,1798,2055,1783,0
73,57,1462,1798,941,1993,0
73,58,1462,1798,123,1452,0
73,59,1462,1798,2845,2865,0
73,60,1462,1798,1089,2442,0
73,61,1462,1798,859,1946,0
73,62,1462,1798,1024,191,0
73,63,1462,1798,640,1179,0
73,64,1462,1798,2225,946,0
73,65,1462,1798,349,822,0
73,66,1462,1798,826,2377,0
73,67,1462,1798,1638,96,0
73,68,1462,1798,2727,990,0
73,69,1462,1798,2915,1910,0
73,70,1462,1798,1406,1407,0
73,71,1462,1798,2216,2614,0
73,72,1462,1798,1497,453,0
73,74,1462,1798,1212,215,0
73,75,1462,1798,2881,2014,0
73,76,1462,1798,32,1929,0
73,77,1462,1798,2695,266,0
73,78,1462,1798,2042,2855,0
73,79,1462,1798,193,1354,0
73,80,1462,1798,123,892,0
73,81,1462,1798,2391,199,0
73,82,1462,1798,738,1556,0
73,83,1462,1798,656,1512,0
73,84,1462,1798,2081,2886,0
73,85,1462,1798,2720,2097,0
73,86,1462,1798,2245,1289,0
73,87,1462,1798,714,2990,0
73,88,1462,1798,2800,641,0
73,89,1462,1798,2389,2741,0
73,90,1462,1798,538,2170,0
73,91,1462,1798,2767,2393,0
73,92,1462,1798,1270,693,0
73,93,1462,1798,2649,133,0
73,94,1462,1798,782,2023,0
73,95,1462,1798,551,1308,0
73,96,1462,1798,2784,254,0
73,97,1462,1798,2443,1306,0
73,98,1462,1798,1619,1722,0
73,99,1462,1798,508,1060,0
73,100,1462,1798,2201,1345,0
73,101,1462,1798,2587,861,0
73,102,1462,1798,2593,412,0
73,103,1462,1798,2995,1976,0
73,104,1462,1798,2546,755,0
73,105,1462,1798,1384,10,0
73,106,1462,1798,1458,697,0
73,107,1462,1798,52,2157,0
73,108,1462,1798,2017,217,0
73,109,1462,1798,2750,1252,0
73,110,1462,1798,1972,2182,0
73,111,1462,1798,736,1220,0
73,112,1462,1798,1701,2178,0
73,113,1462,1798,27,769,0
73,114,1462,1798,148,1215,0
73,115,1462,1798,1308,917,0
73,116,1462,1798,579,885,0
73,117,1462,1798,2737,2060,0
73,118,1462,1798,1739,2828,0
73,119,1462,1798,1339,2055,0
73,120,1462,1798,1479,618,0
73,121,1462,1798,1518,2678,0
73,122,1462,1798,2663,2085,0
73,123,1462,1798,1536,440,0
73,124,1462,1798,2347,485,0
73,125,1462,1798,2244,1545,0
73,126,1462,1798,1821,2562,0
73,127,1462,1798,1162,1754,0
73,128,1462,1798,476,1205,0
73,129,1462,1798,1692,876,0
73,130,1462,1798,300,1205,0
73,131,1462,1798,2003,1714,0
73,132,1462,1798,381,1336,0
73,133,1462,1798,2948,2728,0
73,134,1462,1798,1258,2583,0
73,135,1462,1798,1121,2987,0
73,136,1462,1798,2245,575,0
73,137,1462,1798,721,430,0
73,138,1462,1798,1441,992,0
73,139,1462,1798,2326,2998,0
73,140,1462,1798,976,329,0
73,141,1462,1798,2900,191,0
73,142,1462,1798,1962,1771,0
73,143,1462,1798,238,1665,0
73,144,1462,1798,295,1936,0
73,145,1462,1798,1854,141,0
73,146,1462,1798,2927,2918,0
73,147,1462,1798,652,2117,0
73,148,1462,1798,1281,1593,0
73,149,1462,1798,1093,2355,0
73,150,1462,1798,821,2889,0
73,151,1462,1798,2640,293,0
73,152,1462,1798,2213,1092,0
73,153,1462,1798,2554,526,0
73,154,1462,1798,773,2759,0
73,155,1462,1798,2398,2598,0
73,156,1462,1798,352,1773,0
73,157,1462,1798,136,1123,0
73,158,1462,1798,2533,1961,0
73,159,1462,1798,1274,2648,0
73,160,1462,1798,2856,1016,0
73,161,1462,1798,723,68,0
73,162,1462,1798,1849,735,0
73,163,1462,1798,1750,564,0
73,164,1462,1798,21,376,0
73,165,1462,1798,2035,939,0
73,166,1462,1798,1752,1825,0
73,167,1462,1798,2384,871,0
73,168,1462,1798,1034,788,0
73,169,1462,1798,1867,2645,0
73,170,1462,1798,940,504,0
73,171,1462,1798,1519,1618,0
73,172,1462,1798,1392,2416,0
73,173,1462,1798,1843,947,0
73,174,1462,1798,1387,1345,0
73,175,1462,1798,2479,1210,0
73,176,1462,1798,1555,1680,0
73,177,1462,1798,160,2470,0
73,178,1462,1798,2692,2143,0
73,179,1462,1798,158,2357,0
73,180,1462,1798,2335,890,0
73,181,1462,1798,1761,1075,0
73,182,1462,1798,2099,406,0
74,0,1212,215,1639,2892,0
74,1,1212,215,1329,745,0
74,2,1212,215,443,1218,0
74,3,1212,215,2514,1181,0
74,4,1212,215,2286,223,0
74,5,1212,215,595,2408,0
74,6,1212,215,1383,2289,0
74,7,1212,215,1795,201,0
74,8,1212,215,2598,838,0
74,9,1212,215,813,1715,0
74,10,1212,215,1135,391,0
74,11,1212,215,1132,1878,0
74,12,1212,215,2041,661,0
74,13,1212,215,1434,670,0
74,14,1212,215,300,623,0
74,15,1212,215,1559,2032,0
74,16,1212,215,1224,2119,0
74,17,1212,215,838,460,0
74,18,1212,215,352,2688,0
74,19,1212,215,2179,352,0
74,20,1212,215,525,672,0
74,21,1212,215,1652,2883,0
74,22,1212,215,1373,2660,0
74,23,1212,215,2814,1659,0
74,24,1212,215,1449,1659,0
74,25,1212,215,2305,1303,0
74,26,1212,215,769,677,0
74,27,1212,215,2295,2940,0
74,28,1212,215,577,2880,0
74,29,1212,215,1614,2810,0
74,30,1212,215,47,1395,0
74,31,1212,215,2664,803,0
74,32,1212,215,2309,2153,0
74,33,1212,215,2074,2182,0
74,34,1212,215,1554,11,0
74,35,1212,215,1400,2146,0
74,36,1212,215,1795,740,0
74,37,1212,215,931,567,0
74,38,1212,215,1254,1779,0
74,39,1212,215,45,883,0
74,40,1212,215,1359,119,1
74,41,1212,215,2127,1277,0
74,42,1212,215,2925,1375,0
74,43,1212,215,2505,1463,0
74,44,1212,215,1791,2744,0
74,45,1212,215,1916,1718,0
74,46,1212,215,167,2831,0
74,47,1212,215,2315,236,0
74,48,1212,215,1902,1139,0
74,49,1212,215,1443,2554,0
74,50,1212,215,194,2519,0
74,51,1212,215,301,248,0
74,52,1212,215,934,2502,0
74,53,1212,215,343,1045,0
74,54,1212,215,1542,1250,0
74,55,1212,215,2149,1171,0
74,56,1212,215,2055,1783,0
74,57,1212,215,941,1993,0
74,58,1212,215,123,1452,0
74,59,1212,215,2845,2865,0
74,60,1212,215,1089,2442,0
74,61,1212,215,859,1946,0
74,62,1212,215,1024,191,0
74,63,1212,215,640,1179,0
74,64,1212,215,2225,946,0
74,65,1212,215,349,822,0
74,66,1212,215,826,2377,0
74,67,1212,215,1638,96,0
74,68,1212,215,2727,990,0
74,69,1212,215,2915,1910,0
74,70,1212,215,1406,1407,0
74,71,1212,215,2216,2614,0
74,72,1212,215,1497,453,0
74,73,1212,215,1462,1798,0
74,75,1212,215,2881,2014,0
74,76,1212,215,32,1929,0
74,77,1212,215,2695,266,0
74,78,1212,215,2042,2855,0
74,79,1212,215,193,1354,0
74,80,1212,215,123,892,0
74,81,1212,215,2391,199,0
74,82,1212,215,738,1556,0
74,83,1212,215,656,1512,0
74,84,1212,215,2081,2886,0
74,85,1212,215,2720,2097,0
74,86,1212,215,2245,1289,0
74,87,1212,215,714,2990,0
74,88,1212,215,2800,641,0
74,89,1212,215,2389,2741,0
74,90,1212,215,538,2170,0
74,91,1212,215,2767,2393,0
74,92,1212,215,1270,693,0
74,93,1212,215,2649,133,0
74,94,1212,215,782,2023,0
74,95,1212,215,551,1308,0
74,96,1212,215,2784,254,0
74,97,1212,215,2443,1306,0
74,98,1212,215,1619,1722,0
74,99,1212,215,508,1060,0
74,100,1212,215,2201,1345,0
74,101,1212,215,2587,861,0
74,102,1212,215,2593,412,0
74,103,1212,215,2995,1976,0
74,104,1212,215,2546,755,0
74,105,1212,215,1384,10,0
74,106,1212,215,1458,697,0
74,107,1212,215,52,2157,0
74,108,1212,215,2017,217,0
74,109,1212,215,2750,1252,0
74,110,1212,215,1972,2182,0
74,111,1212,215,736,1220,0
74,112,1212,215,1701,2178,0
74,113,1212,215,27,769,0
74,114,1212,215,148,1215,0
74,115,1212,215,1308,917,0
74,116,1212,215,579,885,0
74,117,1212,215,2737,2060,0
74,118,1212,215,1739,2828,0
74,119,1212,215,1339,2055,0
74,120,1212,215,1479,618,0
74,121,1212,215,1518,2678,0
74,122,1212,215,2663,2085,0
74,123,1212,215,1536,440,0
74,124,1212,215,2347,485,0
74,125,1212,215,2244,1545,0
74,126,1212,215,1821,2562,0
74,127,1212,215,1162,1754,0
74,128,1212,215,476,1205,0
74,129,1212,215,1692,876,0
74,130,1212,215,300,1205,0
74,131,1212,215,2003,1714,0
74,132,1212,215,381,1336,0
74,133,1212,215,2948,2728,0
74,134,1212,215,1258,2583,0
74,135,1212,215,1121,2987,0
74,136,1212,215,2245,575,0
74,137,1212,215,721,430,0
74,138,1212,215,1441,992,0
74,139,1212,215,2326,2998,0
74,140,1212,215,976,329,0
74,141,1212,215,2900,191,0
74,142,1212,215,1962,1771,0
74,143,1212,215,238,1665,0
74,144,1212,215,295,1936,0
74,145,1212,215,1854,141,0
74,146,1212,215,2927,2918,0
74,147,1212,215,652,2117,0
74,148,1212,215,1281,1593,0
74,149,1212,215,1093,2355,0
74,150,1212,215,821,2889,0
74,151,1212,215,2640,293,0
74,152,1212,215,2213,1092,0
74,153,1212,215,2554,526,0
74,154,1212,215,773,2759,0
74,155,1212,215,2398,2598,0
74,156,1212,215,352,1773,0
74,157,1212,215,136,1123,0
74,158,1212,215,2533,1961,0
74,159,1212,215,1274,2648,0
74,160,1212,215,2856,1016,0
74,161,1212,215,723,68,0
74,162,1212,215,1849,735,0
74,163,1212,215,1750,564,0
74,164,1212,215,21,376,0
74,165,1212,215,2035,939,0
74,166,1212,215,1752,1825,0
74,167,1212,215,2384,871,0
74,168,1212,215,1034,788,0
74,169,1212,215,1867,2645,0
74,170,1212,215,940,504,0
74,171,1212,215,1519,1618,0
74,172,1212,215,1392,2416,0
74,173,1212,215,1843,947,0
74,174,1212,215,1387,1345,0
74,175,1212,215,2479,1210,0
74,176,1212,215,1555,1680,0
74,177,1212,215,160,2470,0
74,178,1212,215,2692,2143,0
74,179,1212,215,158,2357,0
74,180,1212,215,2335,890,0
74,181,1212,215,1761,1075,0
74,182,1212,215,2099,406,0
75,0,2881,2014,1639,2892,0
75,1,2881,2014,1329,745,0
75,2,2881,2014,443,1218,0
75,3,2881,2014,2514,1181,0
75,4,2881,2014,2286,223,0
75,5,2881,2014,595,2408,0
75,6,2881,2014,1383,2289,0
75,7,2881,2014,1795,201,0
75,8,2881,2014,2598,838,0
75,9,2881,2014,813,1715,0
75,10,2881,2014,1135,391,0
75,11,2881,2014,1132,1878,0
75,12,2881,2014,2041,661,0
75,13,2881,2014,1434,670,0
75,14,2881,2014,300,623,0
75,15,2881,2014,1559,2032,0
75,16,2881,2014,1224,2119,0
75,17,2881,2014,838,460,0
75,18,2881,2014,352,2688,0
75,19,2881,2014,2179,352,0
75,20,2881,2014,525,672,0
75,21,2881,2014,1652,2883,0
75,22,2881,2014,1373,2660,0
75,23,2881,2014,2814,1659,0
75,24,2881,2014,1449,1659,0
75,25,2881,2014,2305,1303,0
75,26,2881,2014,769,677,0
75,27,2881,2014,2295,2940,0
75,28,2881,2014,577,2880,0
75,29,2881,2014,1614,2810,0
75,30,2881,2014,47,1395,0
75,31,2881,2014,2664,803,0
75,32,2881,2014,2309,2153,0
75,33,2881,2014,2074,2182,0
75,34,2881,2014,1554,11,0
75,35,2881,2014,1400,2146,0
75,36,2881,2014,1795,740,0
75,37,2881,2014,931,567,0
75,38,2881,2014,1254,1779,0
75,39,2881,2014,45,883,0
75,40,2881,2014,1359,119,0
75,41,2881,2014,2127,1277,0
75,42,2881,2014,2925,1375,0
75,43,2881,2014,2505,1463,0
75,44,2881,2014,1791,2744,0
75,45,2881,2014,1916,1718,0
75,46,2881,2014,167,2831,0
75,47,2881,2014,2315,236,0
75,48,2881,2014,1902,1139,0
75,49,2881,2014,1443,2554,0
75,50,2881,2014,194,2519,0
75,51,2881,2014,301,248,0
75,52,2881,2014,934,2502,0
75,53,2881,2014,343,1045,0
75,54,2881,2014,1542,1250,0
75,55,2881,2014,2149,1171,0
75,56,2881,2014,2055,1783,0
75,57,2881,2014,941,1993,0
75,58,2881,2014,123,1452,0
75,59,2881,2014,2845,2865,0
75,60,2881,2014,1089,2442,0
75,61,2881,2014,859,1946,0
75,62,2881,2014,1024,191,0
75,63,2881,2014,640,1179,0
75,64,2881,2014,2225,946,0
75,65,2881,2014,349,822,0
75,66,2881,2014,826,2377,0
75,67,2881,2014,1638,96,0
75,68,2881,2014,2727,990,0
75,69,2881,2014,2915,1910,1
75,70,2881,2014,1406,1407,0
75,71,2881,2014,2216,2614,0
75,72,2881,2014,1497,453,0
75,73,2881,2014,1462,1798,0
75,74,2881,2014,1212,215,0
75,76,2881,2014,32,1929,0
75,77,2881,2014,2695,266,0
75,78,2881,2014,2042,2855,0
75,79,2881,2014,193,1354,0
75,80,2881,2014,123,892,0
75,81,2881,2014,2391,199,0
75,82,2881,2014,738,1556,0
75,83,2881,2014,656,1512,0
75,84,2881,2014,2081,2886,0
75,85,2881,2014,2720,2097,0
75,86,2881,2014,2245,1289,0
75,87,2881,2014,714,2990,0
75,88,2881,2014,2800,641,0
75,89,2881,2014,2389,2741,0
75,90,2881,2014,538,2170,0
75,91,2881,2014,2767,2393,0
75,92,2881,2014,1270,693,0
75,93,2881,2014,2649,133,0
75,94,2881,2014,782,2023,0
75,95,2881,2014,551,1308,0
75,96,2881,2014,2784,254,0
75,97,2881,2014,2443,1306,0
75,98,2881,2014,1619,1722,0
75,99,2881,2014,508,1060,0
75,100,2881,2014,2201,1345,0
75,101,2881,2014,2587,861,0
75,102,2881,2014,2593,412,0
75,103,2881,2014,2995,1976,0
75,104,2881,2014,2546,755,0
75,105,2881,2014,1384,10,0
75,106,2881,2014,1458,697,0
75,107,2881,2014,52,2157,0
75,108,2881,2014,2017,217,0
75,109,2881,2014,2750,1252,0
75,110,2881,2014,1972,2182,0
75,111,2881,2014,736,1220,0
75,112,2881,2014,1701,2178,0
75,113,2881,2014,27,769,0
75,114,2881,2014,148,1215,0
75,115,2881,2014,1308,917,0
75,116,2881,2014,579,885,0
75,117,2881,2014,2737,2060,0
75,118,2881,2014,1739,2828,0
75,119,2881,2014,1339,2055,0
75,120,2881,2014,1479,618,0
75,121,2881,2014,1518,2678,0
75,122,2881,2014,2663,2085,0
75,123,2881,2014,1536,440,0
75,124,2881,2014,2347,485,0
75,125,2881,2014,2244,1545,0
75,126,2881,2014,1821,2562,0
75,127,2881,2014,1162,1754,0
75,128,2881,2014,476,1205,0
75,129,2881,2014,1692,876,0
75,130,2881,2014,300,1205,0
75,131,2881,2014,2003,1714,0
75,132,2881,2014,381,1336,0
75,133,2881,2014,2948,2728,0
75,134,2881,2014,1258,2583,0
75,135,2881,2014,1121,2987,0
75,136,2881,2014,2245,575,0
75,137,2881,2014,721,430,0
75,138,2881,2014,1441,992,0
75,139,2881,2014,2326,2998,0
75,140,2881,2014,976,329,0
75,141,2881,2014,2900,191,0
75,142,2881,2014,1962,1771,0
75,143,2881,2014,238,1665,0
75,144,2881,2014,295,1936,0
75,145,2881,2014,1854,141,0
75,146,2881,2014,2927,2918,0
75,147,2881,2014,652,2117,0
75,148,2881,2014,1281,1593,0
75,149,2881,2014,1093,2355,0
75,150,2881,2014,821,2889,0
75,151,2881,2014,2640,293,0
75,152,2881,2014,2213,1092,0
75,153,2881,2014,2554,526,0
75,154,2881,2014,773,2759,0
75,155,2881,2014,2398,2598,0
75,156,2881,2014,352,1773,0
75,157,2881,2014,136,1123,0
75,158,2881,2014,2533,1961,0
75,159,2881,2014,1274,2648,0
75,160,2881,2014,2856,1016,0
75,161,2881,2014,723,68,0
75,162,2881,2014,1849,735,0
75,163,2881,2014,1750,564,0
75,164,2881,2014,21,376,0
75,165,2881,2014,2035,939,0
75,166,2881,2014,1752,1825,0
75,167,2881,2014,2384,871,0
75,168,2881,2014,1034,788,0
75,169,2881,2014,1867,2645,0
75,170,2881,2014,940,504,0
75,171,2881,2014,1519,1618,0
75,172,2881,2014,1392,2416,0
75,173,2881,2014,1843,947,0
75,174,2881,2014,1387,1345,0
75,175,2881,2014,2479,1210,0
75,176,2881,2014,1555,1680,0
75,177,2881,2014,160,2470,0
75,178,2881,2014,2692,2143,0
75,179,2881,2014,158,2357,0
75,180,2881,2014,2335,890,0
75,181,2881,2014,1761,1075,0
75,182,2881,2014,2099,406,0
76,0,32,1929,1639,2892,0
76,1,32,1929,1329,745,0
76,2,32,1929,443,1218,0
76,3,32,1929,2514,1181,0
76,4,32,1929,2286,223,0
76,5,32,1929,595,2408,0
76,6,32,1929,1383,2289,0
76,7,32,1929,1795,201,0
76,8,32,1929,2598,838,0
76,9,32,1929,813,1715,0
76,10,32,1929,1135,391,0
76,11,32,1929,1132,1878,0
76,12,32,1929,2041,661,0
76,13,32,1929,1434,670,0
76,14,32,1929,300,623,0
76,15,32,1929,1559,2032,0
76,16,32,1929,1224,2119,0
76,17,32,1929,838,460,0
76,18,32,1929,352,2688,0
76,19,32,1929,2179,352,0
76,20,32,1929,525,672,0
76,21,32,1929,1652,2883,0
76,22,32,1929,1373,2660,0
76,23,32,1929,2814,1659,0
76,24,32,1929,1449,1659,0
76,25,32,1929,2305,1303,0
76,26,32,1929,769,677,0
76,27,32,1929,2295,2940,0
76,28,32,1929,577,2880,0
76,29,32,1929,1614,2810,0
76,30,32,1929,47,1395,0
76,31,32,1929,2664,803,0
76,32,32,1929,2309,2153,0
76,33,32,1929,2074,2182,0
76,34,32,1929,1554,11,0
76,35,32,1929,1400,2146,0
76,36,32,1929,1795,740,0
76,37,32,1929,931,567,0
76,38,32,1929,1254,1779,0
76,39,32,1929,45,883,0
76,40,32,1929,1359,119,0
76,41,32,1929,2127,1277,0
76,42,32,1929,2925,1375,0
76,43,32,1929,2505,1463,0
76,44,32,1929,1791,2744,0
76,45,32,1929,1916,1718,0
76,46,32,1929,167,2831,0
76,47,32,1929,2315,236,0
76,48,32,1929,1902,1139,0
76,49,32,1929,1443,2554,0
76,50,32,1929,194,2519,0
76,51,32,1929,301,248,0
76,52,32,1929,934,2502,0
76,53,32,1929,343,1045,0
76,54,32,1929,1542,1250,0
76,55,32,1929,2149,1171,0
76,56,32,1929,2055,1783,0
76,57,32,1929,941,1993,0
76,58,32,1929,123,1452,0
76,59,32,1929,2845,2865,0
76,60,32,1929,1089,2442,0
76,61,32,1929,859,1946,0
76,62,32,1929,1024,191,0
76,63,32,1929,640,1179,0
76,64,32,1929,2225,946,0
76,65,32,1929,349,822,0
76,66,32,1929,826,2377,0
76,67,32,1929,1638,96,0
76,68,32,1929,2727,990,0
76,69,32,1929,2915,1910,0
76,70,32,1929,1406,1407,0
76,71,32,1929,2216,2614,0
76,72,32,1929,1497,453,0
76,73,32,1929,1462,1798,0
76,74,32,1929,1212,215,0
76,75,32,1929,2881,2014,0
76,77,32,1929,2695,266,0
76,78,32,1929,2042,2855,0
76,79,32,1929,193,1354,0
76,80,32,1929,123,892,0
76,81,32,1929,2391,199,0
76,82,32,1929,738,1556,0
76,83,32,1929,656,1512,0
76,84,32,1929,2081,2886,0
76,85,32,1929,2720,2097,0
76,86,32,1929,2245,1289,0
76,87,32,1929,714,2990,0
76,88,32,1929,2800,641,0
76,89,32,1929,2389,2741,0
76,90,32,1929,538,2170,0
76,91,32,1929,2767,2393,0
76,92,32,1929,1270,693,0
76,93,32,1929,2649,133,0
76,94,32,1929,782,2023,0
76,95,32,1929,551,1308,0
76,96,32,1929,2784,254,0
76,97,32,1929,2443,1306,0
76,98,32,1929,1619,1722,0
76,99,32,1929,508,1060,0
76,100,32,1929,2201,1345,0
76,101,32,1929,2587,861,0
76,102,32,1929,2593,412,0
76,103,32,1929,2995,1976,0
76,104,32,1929,2546,755,0
76,105,32,1929,1384,10,0
76,106,32,1929,1458,697,0
76,107,32,1929,52,2157,0
76,108,32,1929,2017,217,0
76,109,32,1929,2750,1252,0
76,110,32,1929,1972,2182,0
76,111,32,1929,736,1220,0
76,112,32,1929,1701,2178,0
76,113,32,1929,27,769,0
76,114,32,1929,148,1215,0
76,115,32,1929,1308,917,0
76,116,32,1929,579,885,0
76,117,32,1929,2737,2060,0
76,118,32,1929,1739,2828,0
76,119,32,1929,1339,2055,0
76,120,32,1929,1479,618,0
76,121,32,1929,1518,2678,0
76,122,32,1929,2663,2085,0
76,123,32,1929,1536,440,0
76,124,32,1929,2347,485,0
76,125,32,1929,2244,1545,0
76,126,32,1929,1821,2562,0
76,127,32,1929,1162,1754,0
76,128,32,1929,476,1205,0
76,129,32,1929,1692,876,0
76,130,32,1929,300,1205,0
76,131,32,1929,2003,1714,0
76,132,32,1929,381,1336,0
76,133,32,1929,2948,2728,0
76,134,32,1929,1258,2583,0
76,135,32,1929,1121,2987,0
76,136,32,1929,2245,575,0
76,137,32,1929,721,430,0
76,138,32,1929,1441,992,0
76,139,32,1929,2326,2998,0
76,140,32,1929,976,329,0
76,141,32,1929,2900,191,0
76,142,32,1929,1962,1771,0
76,143,32,1929,238,1665,0
76,144,32,1929,295,1936,1
76,145,32,1929,1854,141,0
76,146,32,1929,2927,2918,0
76,147,32,1929,652,2117,0
76,148,32,1929,1281,1593,0
76,149,32,1929,1093,2355,0
76,150,32,1929,821,2889,0
76,151,32,1929,2640,293,0
76,152,32,1929,2213,1092,0
76,153,32,1929,2554,526,0
76,154,32,1929,773,2759,0
76,155,32,1929,2398,2598,0
76,156,32,1929,352,1773,0
76,157,32,1929,136,1123,0
76,158,32,1929,2533,1961,0
76,159,32,1929,1274,2648,0
76,160,32,1929,2856,1016,0
76,161,32,1929,723,68,0
76,162,32,1929,1849,735,0
76,163,32,1929,1750,564,0
76,164,32,1929,21,376,0
76,165,32,1929,2035,939,0
76,166,32,1929,1752,1825,0
76,167,32,1929,2384,871,0
76,168,32,1929,1034,788,0
76,169,32,1929,1867,2645,0
76,170,32,1929,940,504,0
76,171,32,1929,1519,1618,0
76,172,32,1929,1392,2416,0
76,173,32,1929,1843,947,0
76,174,32,1929,1387,1345,0
76,175,32,1929,2479,1210,0
76,176,32,1929,1555,1680,0
76,177,32,1929,160,2470,0
76,178,32,1929,2692,2143,0
76,179,32,1929,158,2357,0
76,180,32,1929,2335,890,0
76,181,32,1929,1761,1075,0
76,182,32,1929,2099,406,0
77,0,2695,266,1639,2892,0
77,1,2695,266,1329,745,0
77,2,2695,266,443,1218,0
77,3,2695,266,2514,1181,0
77,4,2695,266,2286,223,0
77,5,2695,266,595,2408,0
77,6,2695,266,1383,2289,0
77,7,2695,266,1795,201,0
77,8,2695,266,2598,838,0
77,9,2695,266,813,1715,0
77,10,2695,266,1135,391,0
77,11,2695,266,1132,1878,0
77,12,2695,266,2041,661,0
77,13,2695,266,1434,670,0
77,14,2695,266,300,623,0
77,15,2695,266,1559,2032,0
77,16,2695,266,1224,2119,0
77,17,2695,266,838,460,0
77,18,2695,266,352,2688,0
77,19,2695,266,2179,352,0
77,20,2695,266,525,672,0
77,21,2695,266,1652,2883,0
77,22,2695,266,1373,2660,0
77,23,2695,266,2814,1659,0
77,24,2695,266,1449,1659,0
77,25,2695,266,2305,1303,0
77,26,2695,266,769,677,0
77,27,2695,266,2295,2940,0
77,28,2695,266,577,2880,0
77,29,2695,266,1614,2810,0
77,30,2695,266,47,1395,0
77,31,2695,266,2664,803,0
77,32,2695,266,2309,2153,0
77,33,2695,266,2074,2182,0
77,34,2695,266,1554,11,0
77,35,2695,266,1400,2146,0
77,36,2695,266,1795,740,0
77,37,2695,266,931,567,0
77,38,2695,266,1254,1779,0
77,39,2695,266,45,883,0
77,40,2695,266,1359,119,0
77,41,2695,266,2127,1277,0
77,42,2695,266,2925,1375,0
77,43,2695,266,2505,1463,0
77,44,2695,266,1791,2744,0
77,45,2695,266,1916,1718,0
77,46,2695,266,167,2831,0
77,47,2695,266,2315,236,0
77,48,2695,266,1902,1139,0
77,49,2695,266,1443,2554,0
77,50,2695,266,194,2519,0
77,51,2695,266,301,248,0
77,52,2695,266,934,2502,0
77,53,2695,266,343,1045,0
77,54,2695,266,1542,1250,0
77,55,2695,266,2149,1171,0
77,56,2695,266,2055,1783,0
77,57,2695,266,941,1993,0
77,58,2695,266,123,1452,0
77,59,2695,266,2845,2865,0
77,60,2695,266,1089,2442,0
77,61,2695,266,859,1946,0
77,62,2695,266,1024,191,0
77,63,2695,266,640,1179,0
77,64,2695,266,2225,946,0
77,65,2695,266,349,822,0
77,66,2695,266,826,2377,0
77,67,2695,266,1638,96,0
77,68,2695,266,2727,990,0
77,69,2695,266,2915,1910,0
77,70,2695,266,1406,1407,0
77,71,2695,266,2216,2614,0
77,72,2695,266,1497,453,0
77,73,2695,266,1462,1798,0
77,74,2695,266,1212,215,0
77,75,2695,266,2881,2014,0
77,76,2695,266,32,1929,0
77,78,2695,266,2042,2855,0
77,79,2695,266,193,1354,0
77,80,2695,266,123,892,0
77,81,2695,266,2391,199,0
77,82,2695,266,738,1556,0
77,83,2695,266,656,1512,0
77,84,2695,266,2081,2886,0
77,85,2695,266,2720,2097,0
77,86,2695,266,2245,1289,0
77,87,2695,266,714,2990,0
77,88,2695,266,2800,641,0
77,89,2695,266,2389,2741,0
77,90,2695,266,538,2170,0
77,91,2695,266,2767,2393,0
77,92,2695,266,1270,693,0
77,93,2695,266,2649,133,0
77,94,2695,266,782,2023,0
77,95,2695,266,551,1308,0
77,96,2695,266,2784,254,0
77,97,2695,266,2443,1306,0
77,98,2695,266,1619,1722,0
77,99,2695,266,508,1060,0
77,100,2695,266,2201,1345,0
77,101,2695,266,2587,861,0
77,102,2695,266,2593,412,0
77,103,2695,266,2995,1976,0
77,104,2695,266,2546,755,0
77,105,2695,266,1384,10,0
77,106,2695,266,1458,697,0
77,107,2695,266,52,2157,0
77,108,2695,266,2017,217,0
77,109,2695,266,2750,1252,0
77,110,2695,266,1972,2182,0
77,111,2695,266,736,1220,0
77,112,2695,266,1701,2178,0
77,113,2695,266,27,769,0
77,114,2695,266,148,1215,0
77,115,2695,266,1308,917,0
77,116,2695,266,579,885,0
77,117,2695,266,2737,2060,0
77,118,2695,266,1739,2828,0
77,119,2695,266,1339,2055,0
77,120,2695,266,1479,618,0
77,121,2695,266,1518,2678,0
77,122,2695,266,2663,2085,0
77,123,2695,266,1536,440,0
77,124,2695,266,2347,485,0
77,125,2695,266,2244,1545,0
77,126,2695,266,1821,2562,0
77,127,2695,266,1162,1754,0
77,128,2695,266,476,1205,0
77,129,2695,266,1692,876,0
77,130,2695,266,300,1205,0
77,131,2695,266,2003,1714,0
77,132,2695,266,381,1336,0
77,133,2695,266,2948,2728,0
77,134,2695,266,1258,2583,0
77,135,2695,266,1121,2987,0
77,136,2695,266,2245,575,0
77,137,2695,266,721,430,0
77,138,2695,266,1441,992,0
77,139,2695,266,2326,2998,0
77,140,2695,266,976,329,0
77,141,2695,266,2900,191,0
77,142,2695,266,1962,1771,0
77,143,2695,266,238,1665,0
77,144,2695,266,295,1936,0
77,145,2695,266,1854,141,0
77,146,2695,266,2927,2918,0
77,147,2695,266,652,2117,0
77,148,2695,266,1281,1593,0
77,149,2695,266,1093,2355,0
77,150,2695,266,821,2889,0
77,151,2695,266,2640,293,1
77,152,2695,266,2213,1092,0
77,153,2695,266,2554,526,0
77,154,2695,266,773,2759,0
77,155,2695,266,2398,2598,0
77,156,2695,266,352,1773,0
77,157,2695,266,136,1123,0
77,158,2695,266,2533,1961,0
77,159,2695,266,1274,2648,0
77,160,2695,266,2856,1016,0
77,161,2695,266,723,68,0
77,162,2695,266,1849,735,0
77,163,2695,266,1750,564,0
77,164,2695,266,21,376,0
77,165,2695,266,2035,939,0
77,166,2695,266,1752,1825,0
77,167,2695,266,2384,871,0
77,168,2695,266,1034,788,0
77,169,2695,266,1867,2645,0
77,170,2695,266,940,504,0
77,171,2695,266,1519,1618,0
77,172,2695,266,1392,2416,0
77,173,2695,266,1843,947,0
77,174,2695,266,1387,1345,0
77,175,2695,266,2479,1210,0
77,176,2695,266,1555,1680,0
77,177,2695,266,160,2470,0
77,178,2695,266,2692,2143,0
77,179,2695,266,158,2357,0
77,180,2695,266,2335,890,0
77,181,2695,266,1761,1075,0
77,182,2695,266,2099,406,0
78,0,2042,2855,1639,2892,0
78,1,2042,2855,1329,745,0
78,2,2042,2855,443,1218,0
78,3,2042,2855,2514,1181,0
78,4,2042,2855,2286,223,0
78,5,2042,2855,595,2408,0
78,6,2042,2855,1383,2289,0
78,7,2042,2855,1795,201,0
78,8,2042,2855,2598,838,0
78,9,2042,2855,813,1715,0
78,10,2042,2855,1135,391,0
78,11,2042,2855,1132,1878,0
78,12,2042,2855,2041,661,0
78,13,2042,2855,1434,670,0
78,14,2042,2855,300,623,0
78,15,2042,2855,1559,2032,0
78,16,2042,2855,1224,2119,0
78,17,2042,2855,838,460,0
78,18,2042,2855,352,2688,0
78,19,2042,2855,2179,352,0
78,20,2042,2855,525,672,0
78,21,2042,2855,1652,2883,0
78,22,2042,2855,1373,2660,0
78,23,2042,2855,2814,1659,0
78,24,2042,2855,1449,1659,0
78,25,2042,2855,2305,1303,0
78,26,2042,2855,769,677,0
78,27,2042,2855,2295,2940,0
78,28,2042,2855,577,2880,0
78,29,2042,2855,1614,2810,0
78,30,2042,2855,47,1395,0
78,31,2042,2855,2664,803,0
78,32,2042,2855,2309,2153,0
78,33,2042,2855,2074,2182,0
78,34,2042,2855,1554,11,0
78,35,2042,2855,1400,2146,0
78,36,2042,2855,1795,740,0
78,37,2042,2855,931,567,0
78,38,2042,2855,1254,1779,0
78,39,2042,2855,45,883,0
78,40,2042,2855,1359,119,0
78,41,2042,2855,2127,1277,0
78,42,2042,2855,2925,1375,0
78,43,2042,2855,2505,1463,0
78,44,2042,2855,1791,2744,0
78,45,2042,2855,1916,1718,0
78,46,2042,2855,167,2831,0
78,47,2042,2855,2315,236,0
78,48,2042,2855,1902,1139,0
78,49,2042,2855,1443,2554,0
78,50,2042,2855,194,2519,0
78,51,2042,2855,301,248,0
78,52,2042,2855,934,2502,0
78,53,2042,2855,343,1045,0
78,54,2042,2855,1542,1250,0
78,55,2042,2855,2149,1171,0
78,56,2042,2855,2055,1783,0
78,57,2042,2855,941,1993,0
78,58,2042,2855,123,1452,0
78,59,2042,2855,2845,2865,0
78,60,2042,2855,1089,2442,0
78,61,2042,2855,859,1946,0
78,62,2042,2855,1024,191,0
78,63,2042,2855,640,1179,0
78,64,2042,2855,2225,946,0
78,65,2042,2855,349,822,0
78,66,2042,2855,826,2377,0
78,67,2042,2855,1638,96,0
78,68,2042,2855,2727,990,0
78,69,2042,2855,2915,1910,0
78,70,2042,2855,1406,1407,0
78,71,2042,2855,2216,2614,0
78,72,2042,2855,1497,453,0
78,73,2042,2855,1462,1798,0
78,74,2042,2855,1212,215,0
78,75,2042,2855,2881,2014,0
78,76,2042,2855,32,1929,0
78,77,2042,2855,2695,266,0
78,79,2042,2855,193,1354,0
78,80,2042,2855,123,892,0
78,81,2042,2855,2391,199,0
78,82,2042,2855,738,1556,0
78,83,2042,2855,656,1512,0
78,84,2042,2855,2081,2886,0
78,85,2042,2855,2720,2097,0
78,86,2042,2855,2245,1289,0
78,87,2042,2855,714,2990,0
78,88,2042,2855,2800,641,0
78,89,2042,2855,2389,2741,0
78,90,2042,2855,538,2170,0
78,91,2042,2855,2767,2393,0
78,92,2042,2855,1270,693,0
78,93,2042,2855,2649,133,0
78,94,2042,2855,782,2023,0
78,95,2042,2855,551,1308,0
78,96,2042,2855,2784,254,0
78,97,2042,2855,2443,1306,0
78,98,2042,2855,1619,1722,0
78,99,2042,2855,508,1060,0
78,100,2042,2855,2201,1345,0
78,101,2042,2855,2587,861,0
78,102,2042,2855,2593,412,0
78,103,2042,2855,2995,1976,0
78,104,2042,2855,2546,755,0
78,105,2042,2855,1384,10,0
78,106,2042,2855,1458,697,0
78,107,2042,2855,52,2157,0
78,108,2042,2855,2017,217,0
78,109,2042,2855,2750,1252,0
78,110,2042,2855,1972,2182,0
78,111,2042,2855,736,1220,0
78,112,2042,2855,1701,2178,0
78,113,2042,2855,27,769,0
78,114,2042,2855,148,1215,0
78,115,2042,2855,1308,917,0
78,116,2042,2855,579,885,0
78,117,2042,2855,2737,2060,0
78,118,2042,2855,1739,2828,0
78,119,2042,2855,1339,2055,0
78,120,2042,2855,1479,618,0
78,121,2042,2855,1518,2678,0
78,122,2042,2855,2663,2085,0
78,123,2042,2855,1536,440,0
78,124,2042,2855,2347,485,0
78,125,2042,2855,2244,1545,0
78,126,2042,2855,1821,2562,0
78,127,2042,2855,1162,1754,0
78,128,2042,2855,476,1205,0
78,129,2042,2855,1692,876,0
78,130,2042,2855,300,1205,0
78,131,2042,2855,2003,1714,0
78,132,2042,2855,381,1336,0
78,133,2042,2855,2948,2728,0
78,134,2042,2855,1258,2583,0
78,135,2042,2855,1121,2987,0
78,136,2042,2855,2245,575,0
78,137,2042,2855,721,430,0
78,138,2042,2855,1441,992,0
78,139,2042,2855,2326,2998,0
78,140,2042,2855,976,329,0
78,141,2042,2855,2900,191,0
78,142,2042,2855,1962,1771,0
78,143,2042,2855,238,1665,0
78,144,2042,2855,295,1936,0
78,145,2042,2855,1854,141,0
78,146,2042,2855,2927,2918,0
78,147,2042,2855,652,2117,0
78,148,2042,2855,1281,1593,0
78,149,2042,2855,1093,2355,0
78,150,2042,2855,821,2889,0
78,151,2042,2855,2640,293,0
78,152,2042,2855,2213,1092,0
78,153,2042,2855,2554,526,0
78,154,2042,2855,773,2759,0
78,155,2042,2855,2398,2598,0
78,156,2042,2855,352,1773,0
78,157,2042,2855,136,1123,0
78,158,2042,2855,2533,1961,0
78,159,2042,2855,1274,2648,0
78,160,2042,2855,2856,1016,0
78,161,2042,2855,723,68,0
78,162,2042,2855,1849,735,0
78,163,2042,2855,1750,564,0
78,164,2042,2855,21,376,0
78,165,2042,2855,2035,939,0
78,166,2042,2855,1752,1825,0
78,167,2042,2855,2384,871,0
78,168,2042,2855,1034,788,0
78,169,2042,2855,1867,2645,1
78,170,2042,2855,940,504,0
78,171,2042,2855,1519,1618,0
78,172,2042,2855,1392,2416,0
78,173,2042,2855,1843,947,0
78,174,2042,2855,1387,1345,0
78,175,2042,2855,2479,1210,0
78,176,2042,2855,1555,1680,0
78,177,2042,2855,160,2470,0
78,178,2042,2855,2692,2143,0
78,179,2042,2855,158,2357,0
78,180,2042,2855,2335,890,0
78,181,2042,2855,1761,1075,0
78,182,2042,2855,2099,406,0
79,0,193,1354,1639,2892,0
79,1,193,1354,1329,745,0
79,2,193,1354,443,1218,0
79,3,193,1354,2514,1181,0
79,4,193,1354,2286,223,0
79,5,193,1354,595,2408,0
79,6,193,1354,1383,2289,0
79,7,193,1354,1795,201,0
79,8,193,1354,2598,838,0
79,9,193,1354,813,1715,0
79,10,193,1354,1135,391,0
79,11,193,1354,1132,1878,0
79,12,193,1354,2041,661,0
79,13,193,1354,1434,670,0
79,14,193,1354,300,623,0
79,15,193,1354,1559,2032,0
79,16,193,1354,1224,2119,0
79,17,193,1354,838,460,0
79,18,193,1354,352,2688,0
79,19,193,1354,2179,352,0
79,20,193,1354,525,672,0
79,21,193,1354,1652,2883,0
79,22,193,1354,1373,2660,0
79,23,193,1354,2814,1659,0
79,24,193,1354,1449,1659,0
79,25,193,1354,2305,1303,0
79,26,193,1354,769,677,0
79,27,193,1354,2295,2940,0
79,28,193,1354,577,2880,0
79,29,193,1354,1614,2810,0
79,30,193,1354,47,1395,0
79,31,193,1354,2664,803,0
79,32,193,1354,2309,2153,0
79,33,193,1354,2074,2182,0
79,34,193,1354,1554,11,0
79,35,193,1354,1400,2146,0
79,36,193,1354,1795,740,0
79,37,193,1354,931,567,0
79,38,193,1354,1254,1779,0
79,39,193,1354,45,883,0
79,40,193,1354,1359,119,0
79,41,193,1354,2127,1277,0
79,42,193,1354,2925,1375,0
79,43,193,1354,2505,1463,0
79,44,193,1354,1791,2744,0
79,45,193,1354,1916,1718,0
79,46,193,1354,167,2831,0
79,47,193,1354,2315,236,0
79,48,193,1354,1902,1139,0
79,49,193,1354,1443,2554,0
79,50,193,1354,194,2519,0
79,51,193,1354,301,248,0
79,52,193,1354,934,2502,0
79,53,193,1354,343,1045,0
79,54,193,1354,1542,1250,0
79,55,193,1354,2149,1171,0
79,56,193,1354,2055,1783,0
79,57,193,1354,941,1993,0
79,58,193,1354,123,1452,0
79,59,193,1354,2845,2865,0
79,60,193,1354,1089,2442,0
79,61,193,1354,859,1946,0
79,62,193,1354,1024,191,0
79,63,193,1354,640,1179,0
79,64,193,1354,2225,946,0
79,65,193,1354,349,822,0
79,66,193,1354,826,2377,0
79,67,193,1354,1638,96,0
79,68,193,1354,2727,990,0
79,69,193,1354,2915,1910,0
79,70,193,1354,1406,1407,0
79,71,193,1354,2216,2614,0
79,72,193,1354,1497,453,0
79,73,193,1354,1462,1798,0
79,74,193,1354,1212,215,0
79,75,193,1354,2881,2014,0
79,76,193,1354,32,1929,0
79,77,193,1354,2695,266,0
79,78,193,1354,2042,2855,0
79,80,193,1354,123,892,0
79,81,193,1354,2391,199,0
79,82,193,1354,738,1556,0
79,83,193,1354,656,1512,0
79,84,193,1354,2081,2886,0
79,85,193,1354,2720,2097,0
79,86,193,1354,2245,1289,0
79,87,193,1354,714,2990,0
79,88,193,1354,2800,641,0
79,89,193,1354,2389,2741,0
79,90,193,1354,538,2170,0
79,91,193,1354,2767,2393,0
79,92,193,1354,1270,693,0
79,93,193,1354,2649,133,0
79,94,193,1354,782,2023,0
79,95,193,1354,551,1308,0
79,96,193,1354,2784,254,0
79,97,193,1354,2443,1306,0
79,98,193,1354,1619,1722,0
79,99,193,1354,508,1060,0
79,100,193,1354,2201,1345,0
79,101,193,1354,2587,861,0
79,102,193,1354,2593,412,0
79,103,193,1354,2995,1976,0
79,104,193,1354,2546,755,0
79,105,193,1354,1384,10,0
79,106,193,1354,1458,697,0
79,107,193,1354,52,2157,0
79,108,193,1354,2017,217,0
79,109,193,1354,2750,1252,0
79,110,193,1354,1972,2182,0
79,111,193,1354,736,1220,0
79,112,193,1354,1701,2178,0
79,113,193,1354,27,769,0
79,114,193,1354,148,1215,1
79,115,193,1354,1308,917,0
79,116,193,1354,579,885,0
79,117,193,1354,2737,2060,0
79,118,193,1354,1739,2828,0
79,119,193,1354,1339,2055,0
79,120,193,1354,1479,618,0
79,121,193,1354,1518,2678,0
79,122,193,1354,2663,2085,0
79,123,193,1354,1536,440,0
79,124,193,1354,2347,485,0
79,125,193,1354,2244,1545,0
79,126,193,1354,1821,2562,0
79,127,193,1354,1162,1754,0
79,128,193,1354,476,1205,0
79,129,193,1354,1692,876,0
79,130,193,1354,300,1205,0
79,131,193,1354,2003,1714,0
79,132,193,1354,381,1336,0
79,133,193,1354,2948,2728,0
79,134,193,1354,1258,2583,0
79,135,193,1354,1121,2987,0
79,136,193,1354,2245,575,0
79,137,193,1354,721,430,0
79,138,193,1354,1441,992,0
79,139,193,1354,2326,2998,0
79,140,193,1354,976,329,0
79,141,193,1354,2900,191,0
79,142,193,1354,1962,1771,0
79,143,193,1354,238,1665,0
79,144,193,1354,295,1936,0
79,145,193,1354,1854,141,0
79,146,193,1354,2927,2918,0
79,147,193,1354,652,2117,0
79,148,193,1354,1281,1593,0
79,149,193,1354,1093,2355,0
79,150,193,1354,821,2889,0
79,151,193,1354,2640,293,0
79,152,193,1354,2213,1092,0
79,153,193,1354,2554,526,0
79,154,193,1354,773,2759,0
79,155,193,1354,2398,2598,0
79,156,193,1354,352,1773,0
79,157,193,1354,136,1123,0
79,158,193,1354,2533,1961,0
79,159,193,1354,1274,2648,0
79,160,193,1354,2856,1016,0
79,161,193,1354,723,68,0
79,162,193,1354,1849,735,0
79,163,193,1354,1750,564,0
79,164,193,1354,21,376,0
79,165,193,1354,2035,939,0
79,166,193,1354,1752,1825,0
79,167,193,1354,2384,871,0
79,168,193,1354,1034,788,0
79,169,193,1354,1867,2645,0
79,170,193,1354,940,504,0
79,171,193,1354,1519,1618,0
79,172,193,1354,1392,2416,0
79,173,193,1354,1843,947,0
79,174,193,1354,1387,1345,0
79,175,193,1354,2479,1210,0
79,176,193,1354,1555,1680,0
79,177,193,1354,160,2470,0
79,178,193,1354,2692,2143,0
79,179,193,1354,158,2357,0
79,180,193,1354,2335,890,0
79,181,193,1354,1761,1075,0
79,182,193,1354,2099,406,0
80,0,123,892,1639,2892,0
80,1,123,892,1329,745,0
80,2,123,892,443,1218,0
80,3,123,892,2514,1181,0
80,4,123,892,2286,223,0
80,5,123,892,595,2408,0
80,6,123,892,1383,2289,0
80,7,123,892,1795,201,0
80,8,123,892,2598,838,0
80,9,123,892,813,1715,0
80,10,123,892,1135,391,0
80,11,123,892,1132,1878,0
80,12,123,892,2041,661,0
80,13,123,892,1434,670,0
80,14,123,892,300,623,0
80,15,123,892,1559,2032,0
80,16,123,892,1224,2119,0
80,17,123,892,838,460,0
80,18,123,892,352,2688,0
80,19,123,892,2179,352,0
80,20,123,892,525,672,0
80,21,123,892,1652,2883,0
80,22,123,892,1373,2660,0
80,23,123,892,2814,1659,0
80,24,123,892,1449,1659,0
80,25,123,892,2305,1303,0
80,26,123,892,769,677,0
80,27,123,892,2295,2940,0
80,28,123,892,577,2880,0
80,29,123,892,1614,2810,0
80,30,123,892,47,1395,0
80,31,123,892,2664,803,0
80,32,123,892,2309,2153,0
80,33,123,892,2074,2182,0
80,34,123,892,1554,11,0
80,35,123,892,1400,2146,0
80,36,123,892,1795,740,0
80,37,123,892,931,567,0
80,38,123,892,1254,1779,0
80,39,123,892,45,883,1
80,40,123,892,1359,119,0
80,41,123,892,2127,1277,0
80,42,123,892,2925,1375,0
80,43,123,892,2505,1463,0
80,44,123,892,1791,2744,0
80,45,123,892,1916,1718,0
80,46,123,892,167,2831,0
80,47,123,892,2315,236,0
80,48,123,892,1902,1139,0
80,49,123,892,1443,2554,0
80,50,123,892,194,2519,0
80,51,123,892,301,248,0
80,52,123,892,934,2502,0
80,53,123,892,343,1045,0
80,54,123,892,1542,1250,0
80,55,123,892,2149,1171,0
80,56,123,892,2055,1783,0
80,57,123,892,941,1993,0
80,58,123,892,123,1452,0
80,59,123,892,2845,2865,0
80,60,123,892,1089,2442,0
80,61,123,892,859,1946,0
80,62,123,892,1024,191,0
80,63,123,892,640,1179,0
80,64,123,892,2225,946,0
80,65,123,892,349,822,0
80,66,123,892,826,2377,0
80,67,123,892,1638,96,0
80,68,123,892,2727,990,0
80,69,123,892,2915,1910,0
80,70,123,892,1406,1407,0
80,71,123,892,2216,2614,0
80,72,123,892,1497,453,0
80,73,123,892,1462,1798,0
80,74,123,892,1212,215,0
80,75,123,892,2881,2014,0
80,76,123,892,32,1929,0
80,77,123,892,2695,266,0
80,78,123,892,2042,2855,0
80,79,123,892,193,1354,0
80,81,123,892,2391,199,0
80,82,123,892,738,1556,0
80,83,123,892,656,1512,0
80,84,123,892,2081,2886,0
80,85,123,892,2720,2097,0
80,86,123,892,2245,1289,0
80,87,123,892,714,2990,0
80,88,123,892,2800,641,0
80,89,123,892,2389,2741,0
80,90,123,892,538,2170,0
80,91,123,892,2767,2393,0
80,92,123,892,1270,693,0
80,93,123,892,2649,133,0
80,94,123,892,782,2023,0
80,95,123,892,551,1308,0
80,96,123,892,2784,254,0
80,97,123,892,2443,1306,0
80,98,123,892,1619,1722,0
80,99,123,892,508,1060,0
80,100,123,892,2201,1345,0
80,101,123,892,2587,861,0
80,102,123,892,2593,412,0
80,103,123,892,2995,1976,0
80,104,123,892,2546,755,0
80,105,123,892,1384,10,0
80,106,123,892,1458,697,0
80,107,123,892,52,2157,0
80,108,123,892,2017,217,0
80,109,123,892,2750,1252,0
80,110,123,892,1972,2182,0
80,111,123,892,736,1220,0
80,112,123,892,1701,2178,0
80,113,123,892,27,769,0
80,114,123,892,148,1215,0
80,115,123,892,1308,917,0
80,116,123,892,579,885,0
80,117,123,892,2737,2060,0
80,118,123,892,1739,2828,0
80,119,123,892,1339,2055,0
80,120,123,892,1479,618,0
80,121,123,892,1518,2678,0
80,122,123,892,2663,2085,0
80,123,123,892,1536,440,0
80,124,123,892,2347,485,0
80,125,123,892,2244,1545,0
80,126,123,892,1821,2562,0
80,127,123,892,1162,1754,0
80,128,123,892,476,1205,0
80,129,123,892,1692,876,0
80,130,123,892,300,1205,0
80,131,123,892,2003,1714,0
80,132,123,892,381,1336,0
80,133,123,892,2948,2728,0
80,134,123,892,1258,2583,0
80,135,123,892,1121,2987,0
80,136,123,892,2245,575,0
80,137,123,892,721,430,0
80,138,123,892,1441,992,0
80,139,123,892,2326,2998,0
80,140,123,892,976,329,0
80,141,123,892,2900,191,0
80,142,123,892,1962,1771,0
80,143,123,892,238,1665,0
80,144,123,892,295,1936,0
80,145,123,892,1854,141,0
80,146,123,892,2927,2918,0
80,147,123,892,652,2117,0
80,148,123,892,1281,1593,0
80,149,123,892,1093,2355,0
80,150,123,892,821,2889,0
80,151,123,892,2640,293,0
80,152,123,892,2213,1092,0
80,153,123,892,2554,526,0
80,154,123,892,773,2759,0
80,155,123,892,2398,2598,0
80,156,123,892,352,1773,0
80,157,123,892,136,1123,0
80,158,123,892,2533,1961,0
80,159,123,892,1274,2648,0
80,160,123,892,2856,1016,0
80,161,123,892,723,68,0
80,162,123,892,1849,735,0
80,163,123,892,1750,564,0
80,164,123,892,21,376,0
80,165,123,892,2035,939,0
80,166,123,892,1752,1825,0
80,167,123,892,2384,871,0
80,168,123,892,1034,788,0
80,169,123,892,1867,2645,0
80,170,123,892,940,504,0
80,171,123,892,1519,1618,0
80,172,123,892,1392,2416,0
80,173,123,892,1843,947,0
80,174,123,892,1387,1345,0
80,175,123,892,2479,1210,0
80,176,123,892,1555,1680,0
80,177,123,892,160,2470,0
80,178,123,892,2692,2143,0
80,179,123,892,158,2357,0
80,180,123,892,2335,890,0
80,181,123,892,1761,1075,0
80,182,123,892,2099,406,0
81,0,2391,199,1639,2892,0
81,1,2391,199,1329,745,0
81,2,2391,199,443,1218,0
81,3,2391,199,2514,1181,0
81,4,2391,199,2286,223,0
81,5,2391,199,595,2408,0
81,6,2391,199,1383,2289,0
81,7,2391,199,1795,201,0
81,8,2391,199,2598,838,0
81,9,2391,199,813,1715,0
81,10,2391,199,1135,391,0
81,11,2391,199,1132,1878,0
81,12,2391,199,2041,661,0
81,13,2391,199,1434,670,0
81,14,2391,199,300,623,0
81,15,2391,199,1559,2032,0
81,16,2391,199,1224,2119,0
81,17,2391,199,838,460,0
81,18,2391,199,352,2688,0
81,19,2391,199,2179,352,0
81,20,2391,199,525,672,0
81,21,2391,199,1652,2883,0
81,22,2391,199,1373,2660,0
81,23,2391,199,2814,1659,0
81,24,2391,199,1449,1659,0
81,25,2391,199,2305,1303,0
81,26,2391,199,769,677,0
81,27,2391,199,2295,2940,0
81,28,2391,199,577,2880,0
81,29,2391,199,1614,2810,0
81,30,2391,199,47,1395,0
81,31,2391,199,2664,803,0
81,32,2391,199,2309,2153,0
81,33,2391,199,2074,2182,0
81,34,2391,199,1554,11,0
81,35,2391,199,1400,2146,0
81,36,2391,199,1795,740,0
81,37,2391,199,931,567,0
81,38,2391,199,1254,1779,0
81,39,2391,199,45,883,0
81,40,2391,199,1359,119,0
81,41,2391,199,2127,1277,0
81,42,2391,199,2925,1375,0
81,43,2391,199,2505,1463,0
81,44,2391,199,1791,2744,0
81,45,2391,199,1916,1718,0
81,46,2391,199,167,2831,0
81,47,2391,199,2315,236,0
81,48,2391,199,1902,1139,0
81,49,2391,199,1443,2554,0
81,50,2391,199,194,2519,0
81,51,2391,199,301,248,0
81,52,2391,199,934,2502,0
81,53,2391,199,343,1045,0
81,54,2391,199,1542,1250,0
81,55,2391,199,2149,1171,0
81,56,2391,199,2055,1783,0
81,57,2391,199,941,1993,0
81,58,2391,199,123,1452,0
81,59,2391,199,2845,2865,0
81,60,2391,199,1089,2442,0
81,61,2391,199,859,1946,0
81,62,2391,199,1024,191,0
81,63,2391,199,640,1179,0
81,64,2391,199,2225,946,0
81,65,2391,199,349,822,0
81,66,2391,199,826,2377,0
81,67,2391,199,1638,96,0
81,68,2391,199,2727,990,0
81,69,2391,199,2915,1910,0
81,70,2391,199,1406,1407,0
81,71,2391,199,2216,2614,0
81,72,2391,199,1497,453,0
81,73,2391,199,1462,1798,0
81,74,2391,199,1212,215,0
81,75,2391,199,2881,2014,0
81,76,2391,199,32,1929,0
81,77,2391,199,2695,266,0
81,78,2391,199,2042,2855,0
81,79,2391,199,193,1354,0
81,80,2391,199,123,892,0
81,82,2391,199,738,1556,0
81,83,2391,199,656,1512,0
81,84,2391,199,2081,2886,0
81,85,2391,199,2720,2097,0
81,86,2391,199,2245,1289,0
81,87,2391,199,714,2990,0
81,88,2391,199,2800,641,0
81,89,2391,199,2389,2741,0
81,90,2391,199,538,2170,0
81,91,2391,199,2767,2393,0
81,92,2391,199,1270,693,0
81,93,2391,199,2649,133,1
81,94,2391,199,782,2023,0
81,95,2391,199,551,1308,0
81,96,2391,199,2784,254,0
81,97,2391,199,2443,1306,0
81,98,2391,199,1619,1722,0
81,99,2391,199,508,1060,0
81,100,2391,199,2201,1345,0
81,101,2391,199,2587,861,0
81,102,2391,199,2593,412,0
81,103,2391,199,2995,1976,0
81,104,2391,199,2546,755,0
81,105,2391,199,1384,10,0
81,106,2391,199,1458,697,0
81,107,2391,199,52,2157,0
81,108,2391,199,2017,217,0
81,109,2391,199,2750,1252,0
81,110,2391,199,1972,2182,0
81,111,2391,199,736,1220,0
81,112,2391,199,1701,2178,0
81,113,2391,199,27,769,0
81,114,2391,199,148,1215,0
81,115,2391,199,1308,917,0
81,116,2391,199,579,885,0
81,117,2391,199,2737,2060,0
81,118,2391,199,1739,2828,0
81,119,2391,199,1339,2055,0
81,120,2391,199,1479,618,0
81,121,2391,199,1518,2678,0
81,122,2391,199,2663,2085,0
81,123,2391,199,1536,440,0
81,124,2391,199,2347,485,0
81,125,2391,199,2244,1545,0
81,126,2391,199,1821,2562,0
81,127,2391,199,1162,1754,0
81,128,2391,199,476,1205,0
81,129,2391,199,1692,876,0
81,130,2391,199,300,1205,0
81,131,2391,199,2003,1714,0
81,132,2391,199,381,1336,0
81,133,2391,199,2948,2728,0
81,134,2391,199,1258,2583,0
81,135,2391,199,1121,2987,0
81,136,2391,199,2245,575,0
81,137,2391,199,721,430,0
81,138,2391,199,1441,992,0
81,139,2391,199,2326,2998,0
81,140,2391,199,976,329,0
81,141,2391,199,2900,191,0
81,142,2391,199,1962,1771,0
81,143,2391,199,238,1665,0
81,144,2391,199,295,1936,0
81,145,2391,199,1854,141,0
81,146,2391,199,2927,2918,0
81,147,2391,199,652,2117,0
81,148,2391,199,1281,1593,0
81,149,2391,199,1093,2355,0
81,150,2391,199,821,2889,0
81,151,2391,199,2640,293,0
81,152,2391,199,2213,1092,0
81,153,2391,199,2554,526,0
81,154,2391,199,773,2759,0
81,155,2391,199,2398,2598,0
81,156,2391,199,352,1773,0
81,157,2391,199,136,1123,0
81,158,2391,199,2533,1961,0
81,159,2391,199,1274,2648,0
81,160,2391,199,2856,1016,0
81,161,2391,199,723,68,0
81,162,2391,199,1849,735,0
81,163,2391,199,1750,564,0
81,164,2391,199,21,376,0
81,165,2391,199,2035,939,0
81,166,2391,199,1752,1825,0
81,167,2391,199,2384,871,0
81,168,2391,199,1034,788,0
81,169,2391,199,1867,2645,0
81,170,2391,199,940,504,0
81,171,2391,199,1519,1618,0
81,172,2391,199,1392,2416,0
81,173,2391,199,1843,947,0
81,174,2391,199,1387,1345,0
81,175,2391,199,2479,1210,0
81,176,2391,199,1555,1680,0
81,177,2391,199,160,2470,0
81,178,2391,199,2692,2143,0
81,179,2391,199,158,2357,0
81,180,2391,199,2335,890,0
81,181,2391,199,1761,1075,0
81,182,2391,199,2099,406,0
82,0,738,1556,1639,2892,0
82,1,738,1556,1329,745,0
82,2,738,1556,443,1218,0
82,3,738,1556,2514,1181,0
82,4,738,1556,2286,223,0
82,5,738,1556,595,2408,0
82,6,738,1556,1383,2289,0
82,7,738,1556,1795,201,0
82,8,738,1556,2598,838,0
82,9,738,1556,813,1715,1
82,10,738,1556,1135,391,0
82,11,738,1556,1132,1878,0
82,12,738,1556,2041,661,0
82,13,738,1556,1434,670,0
82,14,738,1556,300,623,0
82,15,738,1556,1559,2032,0
82,16,738,1556,1224,2119,0
82,17,738,1556,838,460,0
82,18,738,1556,352,2688,0
82,19,738,1556,2179,352,0
82,20,738,1556,525,672,0
82,21,738,1556,1652,2883,0
82,22,738,1556,1373,2660,0
82,23,738,1556,2814,1659,0
82,24,738,1556,1449,1659,0
82,25,738,1556,2305,1303,0
82,26,738,1556,769,677,0
82,27,738,1556,2295,2940,0
82,28,738,1556,577,2880,0
82,29,738,1556,1614,2810,0
82,30,738,1556,47,1395,0
82,31,738,1556,2664,803,0
82,32,738,1556,2309,2153,0
82,33,738,1556,2074,2182,0
82,34,738,1556,1554,11,0
82,35,738,1556,1400,2146,0
82,36,738,1556,1795,740,0
82,37,738,1556,931,567,0
82,38,738,1556,1254,1779,0
82,39,738,1556,45,883,0
82,40,738,1556,1359,119,0
82,41,738,1556,2127,1277,0
82,42,738,1556,2925,1375,0
82,43,738,1556,2505,1463,0
82,44,738,1556,1791,2744,0
82,45,738,1556,1916,1718,0
82,46,738,1556,167,2831,0
82,47,738,1556,2315,236,0
82,48,738,1556,1902,1139,0
82,49,738,1556,1443,2554,0
82,50,738,1556,194,2519,0
82,51,738,1556,301,248,0
82,52,738,1556,934,2502,0
82,53,738,1556,343,1045,0
82,54,738,1556,1542,1250,0
82,55,738,1556,2149,1171,0
82,56,738,1556,2055,1783,0
82,57,738,1556,941,1993,0
82,58,738,1556,123,1452,0
82,59,738,1556,2845,2865,0
82,60,738,1556,1089,2442,0
82,61,738,1556,859,1946,0
82,62,738,1556,1024,191,0
82,63,738,1556,640,1179,0
82,64,738,1556,2225,946,0
82,65,738,1556,349,822,0
82,66,738,1556,826,2377,0
82,67,738,1556,1638,96,0
82,68,738,1556,2727,990,0
82,69,738,1556,2915,1910,0
82,70,738,1556,1406,1407,0
82,71,738,1556,2216,2614,0
82,72,738,1556,1497,453,0
82,73,738,1556,1462,1798,0
82,74,738,1556,1212,215,0
82,75,738,1556,2881,2014,0
82,76,738,1556,32,1929,0
82,77,738,1556,2695,266,0
82,78,738,1556,2042,2855,0
82,79,738,1556,193,1354,0
82,80,738,1556,123,892,0
82,81,738,1556,2391,199,0
82,83,738,1556,656,1512,0
82,84,738,1556,2081,2886,0
82,85,738,1556,2720,2097,0
82,86,738,1556,2245,1289,0
82,87,738,1556,714,2990,0
82,88,738,1556,2800,641,0
82,89,738,1556,2389,2741,0
82,90,738,1556,538,2170,0
82,91,738,1556,2767,2393,0
82,92,738,1556,1270,693,0
82,93,738,1556,2649,133,0
82,94,738,1556,782,2023,0
82,95,738,1556,551,1308,0
82,96,738,1556,2784,254,0
82,97,738,1556,2443,1306,0
82,98,738,1556,1619,1722,0
82,99,738,1556,508,1060,0
82,100,738,1556,2201,1345,0
82,101,738,1556,2587,861,0
82,102,738,1556,2593,412,0
82,103,738,1556,2995,1976,0
82,104,738,1556,2546,755,0
82,105,738,1556,1384,10,0
82,106,738,1556,1458,697,0
82,107,738,1556,52,2157,0
82,108,738,1556,2017,217,0
82,109,738,1556,2750,1252,0
82,110,738,1556,1972,2182,0
82,111,738,1556,736,1220,0
82,112,738,1556,1701,2178,0
82,113,738,1556,27,769,0
82,114,738,1556,148,1215,0
82,115,738,1556,1308,917,0
82,116,738,1556,579,885,0
82,117,738,1556,2737,2060,0
82,118,738,1556,1739,2828,0
82,119,738,1556,1339,2055,0
82,120,738,1556,1479,618,0
82,121,738,1556,1518,2678,0
82,122,738,1556,2663,2085,0
82,123,738,1556,1536,440,0
82,124,738,1556,2347,485,0
82,125,738,1556,2244,1545,0
82,126,738,1556,1821,2562,0
82,127,738,1556,1162,1754,0
82,128,738,1556,476,1205,0
82,129,738,1556,1692,876,0
82,130,738,1556,300,1205,0
82,131,738,1556,2003,1714,0
82,132,738,1556,381,1336,0
82,133,738,1556,2948,2728,0
82,134,738,1556,1258,2583,0
82,135,738,1556,1121,2987,0
82,136,738,1556,2245,575,0
82,137,738,1556,721,430,0
82,138,738,1556,1441,992,0
82,139,738,1556,2326,2998,0
82,140,738,1556,976,329,0
82,141,738,1556,2900,191,0
82,142,738,1556,1962,1771,0
82,143,738,1556,238,1665,0
82,144,738,1556,295,1936,0
82,145,738,1556,1854,141,0
82,146,738,1556,2927,2918,0
82,147,738,1556,652,2117,0
82,148,738,1556,1281,1593,0
82,149,738,1556,1093,2355,0
82,150,738,1556,821,2889,0
82,151,738,1556,2640,293,0
82,152,738,1556,2213,1092,0
82,153,738,1556,2554,526,0
82,154,738,1556,773,2759,0
82,155,738,1556,2398,2598,0
82,156,738,1556,352,1773,0
82,157,738,1556,136,1123,0
82,158,738,1556,2533,1961,0
82,159,738,1556,1274,2648,0
82,160,738,1556,2856,1016,0
82,161,738,1556,723,68,0
82,162,738,1556,1849,735,0
82,163,738,1556,1750,564,0
82,164,738,1556,21,376,0
82,165,738,1556,2035,939,0
82,166,738,1556,1752,1825,0
82,167,738,1556,2384,871,0
82,168,738,1556,1034,788,0
82,169,738,1556,1867,2645,0
82,170,738,1556,940,504,0
82,171,738,1556,1519,1618,0
82,172,738,1556,1392,2416,0
82,173,738,1556,1843,947,0
82,174,738,1556,1387,1345,0
82,175,738,1556,2479,1210,0
82,176,738,1556,1555,1680,0
82,177,738,1556,160,2470,0
82,178,738,1556,2692,2143,0
82,179,738,1556,158,2357,0
82,180,738,1556,2335,890,0
82,181,738,1556,1761,1075,0
82,182,738,1556,2099,406,0
83,0,656,1512,1639,2892,0
83,1,656,1512,1329,745,0
83,2,656,1512,443,1218,0
83,3,656,1512,2514,1181,0
83,4,656,1512,2286,223,0
83,5,656,1512,595,2408,0
83,6,656,1512,1383,2289,0
83,7,656,1512,1795,201,0
83,8,656,1512,2598,838,0
83,9,656,1512,813,1715,0
83,10,656,1512,1135,391,0
83,11,656,1512,1132,1878,0
83,12,656,1512,2041,661,0
83,13,656,1512,1434,670,0
83,14,656,1512,300,623,0
83,15,656,1512,1559,2032,0
83,16,656,1512,1224,2119,0
83,17,656,1512,838,460,0
83,18,656,1512,352,2688,0
83,19,656,1512,2179,352,0
83,20,656,1512,525,672,0
83,21,656,1512,1652,2883,0
83,22,656,1512,1373,2660,0
83,23,656,1512,2814,1659,0
83,24,656,1512,1449,1659,0
83,25,656,1512,2305,1303,0
83,26,656,1512,769,677,0
83,27,656,1512,2295,2940,0
83,28,656,1512,577,2880,0
83,29,656,1512,1614,2810,0
83,30,656,1512,47,1395,0
83,31,656,1512,2664,803,0
83,32,656,1512,2309,2153,0
83,33,656,1512,2074,2182,0
83,34,656,1512,1554,11,0
83,35,656,1512,1400,2146,0
83,36,656,1512,1795,740,0
83,37,656,1512,931,567,0
83,38,656,1512,1254,1779,0
83,39,656,1512,45,883,0
83,40,656,1512,1359,119,0
83,41,656,1512,2127,1277,0
83,42,656,1512,2925,1375,0
83,43,656,1512,2505,1463,0
83,44,656,1512,1791,2744,0
83,45,656,1512,1916,1718,0
83,46,656,1512,167,2831,0
83,47,656,1512,2315,236,0
83,48,656,1512,1902,1139,0
83,49,656,1512,1443,2554,0
83,50,656,1512,194,2519,0
83,51,656,1512,301,248,0
83,52,656,1512,934,2502,0
83,53,656,1512,343,1045,0
83,54,656,1512,1542,1250,0
83,55,656,1512,2149,1171,0
83,56,656,1512,2055,1783,0
83,57,656,1512,941,1993,0
83,58,656,1512,123,1452,0
83,59,656,1512,2845,2865,0
83,60,656,1512,1089,2442,0
83,61,656,1512,859,1946,0
83,62,656,1512,1024,191,0
83,63,656,1512,640,1179,0
83,64,656,1512,2225,946,0
83,65,656,1512,349,822,0
83,66,656,1512,826,2377,0
83,67,656,1512,1638,96,0
83,68,656,1512,2727,990,0
83,69,656,1512,2915,1910,0
83,70,656,1512,1406,1407,0
83,71,656,1512,2216,2614,0
83,72,656,1512,1497,453,0
83,73,656,1512,1462,1798,0
83,74,656,1512,1212,215,0
83,75,656,1512,2881,2014,0
83,76,656,1512,32,1929,0
83,77,656,1512,2695,266,0
83,78,656,1512,2042,2855,0
83,79,656,1512,193,1354,0
83,80,656,1512,123,892,0
83,81,656,1512,2391,199,0
83,82,656,1512,738,1556,1
83,84,656,1512,2081,2886,0
83,85,656,1512,2720,2097,0
83,86,656,1512,2245,1289,0
83,87,656,1512,714,2990,0
83,88,656,1512,2800,641,0
83,89,656,1512,2389,2741,0
83,90,656,1512,538,2170,0
83,91,656,1512,2767,2393,0
83,92,656,1512,1270,693,0
83,93,656,1512,2649,133,0
83,94,656,1512,782,2023,0
83,95,656,1512,551,1308,0
83,96,656,1512,2784,254,0
83,97,656,1512,2443,1306,0
83,98,656,1512,1619,1722,0
83,99,656,1512,508,1060,0
83,100,656,1512,2201,1345,0
83,101,656,1512,2587,861,0
83,102,656,1512,2593,412,0
83,103,656,1512,2995,1976,0
83,104,656,1512,2546,755,0
83,105,656,1512,1384,10,0
83,106,656,1512,1458,697,0
83,107,656,1512,52,2157,0
83,108,656,1512,2017,217,0
83,109,656,1512,2750,1252,0
83,110,656,1512,1972,2182,0
83,111,656,1512,736,1220,0
83,112,656,1512,1701,2178,0
83,113,656,1512,27,769,0
83,114,656,1512,148,1215,0
83,115,656,1512,1308,917,0
83,116,656,1512,579,885,0
83,117,656,1512,2737,2060,0
83,118,656,1512,1739,2828,0
83,119,656,1512,1339,2055,0
83,120,656,1512,1479,618,0
83,121,656,1512,1518,2678,0
83,122,656,1512,2663,2085,0
83,123,656,1512,1536,440,0
83,124,656,1512,2347,485,0
83,125,656,1512,2244,1545,0
83,126,656,1512,1821,2562,0
83,127,656,1512,1162,1754,0
83,128,656,1512,476,1205,0
83,129,656,1512,1692,876,0
83,130,656,1512,300,1205,0
83,131,656,1512,2003,1714,0
83,132,656,1512,381,1336,0
83,133,656,1512,2948,2728,0
83,134,656,1512,1258,2583,0
83,135,656,1512,1121,2987,0
83,136,656,1512,2245,575,0
83,137,656,1512,721,430,0
83,138,656,1512,1441,992,0
83,139,656,1512,2326,2998,0
83,140,656,1512,976,329,0
83,141,656,1512,2900,191,0
83,142,656,1512,1962,1771,0
83,143,656,1512,238,1665,0
83,144,656,1512,295,1936,0
83,145,656,1512,1854,141,0
83,146,656,1512,2927,2918,0
83,147,656,1512,652,2117,0
83,148,656,1512,1281,1593,0
83,149,656,1512,1093,2355,0
83,150,656,1512,821,2889,0
83,151,656,1512,2640,293,0
83,152,656,1512,2213,1092,0
83,153,656,1512,2554,526,0
83,154,656,1512,773,2759,0
83,155,656,1512,2398,2598,0
83,156,656,1512,352,1773,0
83,157,656,1512,136,1123,0
83,158,656,1512,2533,1961,0
83,159,656,1512,1274,2648,0
83,160,656,1512,2856,1016,0
83,161,656,1512,723,68,0
83,162,656,1512,1849,735,0
83,163,656,1512,1750,564,0
83,164,656,1512,21,376,0
83,165,656,1512,2035,939,0
83,166,656,1512,1752,1825,0
83,167,656,1512,2384,871,0
83,168,656,1512,1034,788,0
83,169,656,1512,1867,2645,0
83,170,656,1512,940,504,0
83,171,656,1512,1519,1618,0
83,172,656,1512,1392,2416,0
83,173,656,1512,1843,947,0
83,174,656,1512,1387,1345,0
83,175,656,1512,2479,1210,0
83,176,656,1512,1555,1680,0
83,177,656,1512,160,2470,0
83,178,656,1512,2692,2143,0
83,179,656,1512,158,2357,0
83,180,656,1512,2335,890,0
83,181,656,1512,1761,1075,0
83,182,656,1512,2099,406,0
84,0,2081,2886,1639,2892,0
84,1,2081,2886,1329,745,0
84,2,2081,2886,443,1218,0
84,3,2081,2886,2514,1181,0
84,4,2081,2886,2286,223,0
84,5,2081,2886,595,2408,0
84,6,2081,2886,1383,2289,0
84,7,2081,2886,1795,201,0
84,8,2081,2886,2598,838,0
84,9,2081,2886,813,1715,0
84,10,2081,2886,1135,391,0
84,11,2081,2886,1132,1878,0
84,12,2081,2886,2041,661,0
84,13,2081,2886,1434,670,0
84,14,2081,2886,300,623,0
84,15,2081,2886,1559,2032,0
84,16,2081,2886,1224,2119,0
84,17,2081,2886,838,460,0
84,18,2081,2886,352,2688,0
84,19,2081,2886,2179,352,0
84,20,2081,2886,525,672,0
84,21,2081,2886,1652,2883,0
84,22,2081,2886,1373,2660,0
84,23,2081,2886,2814,1659,0
84,24,2081,2886,1449,1659,0
84,25,2081,2886,2305,1303,0
84,26,2081,2886,769,677,0
84,27,2081,2886,2295,2940,0
84,28,2081,2886,577,2880,0
84,29,2081,2886,1614,2810,0
84,30,2081,2886,47,1395,0
84,31,2081,2886,2664,803,0
84,32,2081,2886,2309,2153,0
84,33,2081,2886,2074,2182,0
84,34,2081,2886,1554,11,0
84,35,2081,2886,1400,2146,0
84,36,2081,2886,1795,740,0
84,37,2081,2886,931,567,0
84,38,2081,2886,1254,1779,0
84,39,2081,2886,45,883,0
84,40,2081,2886,1359,119,0
84,41,2081,2886,2127,1277,0
84,42,2081,2886,2925,1375,0
84,43,2081,2886,2505,1463,0
84,44,2081,2886,1791,2744,0
84,45,2081,2886,1916,1718,0
84,46,2081,2886,167,2831,0
84,47,2081,2886,2315,236,0
84,48,2081,2886,1902,1139,0
84,49,2081,2886,1443,2554,0
84,50,2081,2886,194,2519,0
84,51,2081,2886,301,248,0
84,52,2081,2886,934,2502,0
84,53,2081,2886,343,1045,0
84,54,2081,2886,1542,1250,0
84,55,2081,2886,2149,1171,0
84,56,2081,2886,2055,1783,0
84,57,2081,2886,941,1993,0
84,58,2081,2886,123,1452,0
84,59,2081,2886,2845,2865,0
84,60,2081,2886,1089,2442,0
84,61,2081,2886,859,1946,0
84,62,2081,2886,1024,191,0
84,63,2081,2886,640,1179,0
84,64,2081,2886,2225,946,0
84,65,2081,2886,349,822,0
84,66,2081,2886,826,2377,0
84,67,2081,2886,1638,96,0
84,68,2081,2886,2727,990,0
84,69,2081,2886,2915,1910,0
84,70,2081,2886,1406,1407,0
84,71,2081,2886,2216,2614,0
84,72,2081,2886,1497,453,0
84,73,2081,2886,1462,1798,0
84,74,2081,2886,1212,215,0
84,75,2081,2886,2881,2014,0
84,76,2081,2886,32,1929,0
84,77,2081,2886,2695,266,0
84,78,2081,2886,2042,2855,1
84,79,2081,2886,193,1354,0
84,80,2081,2886,123,892,0
84,81,2081,2886,2391,199,0
84,82,2081,2886,738,1556,0
84,83,2081,2886,656,1512,0
84,85,2081,2886,2720,2097,0
84,86,2081,2886,2245,1289,0
84,87,2081,2886,714,2990,0
84,88,2081,2886,2800,641,0
84,89,2081,2886,2389,2741,0
84,90,2081,2886,538,2170,0
84,91,2081,2886,2767,2393,0
84,92,2081,2886,1270,693,0
84,93,2081,2886,2649,133,0
84,94,2081,2886,782,2023,0
84,95,2081,2886,551,1308,0
84,96,2081,2886,2784,254,0
84,97,2081,2886,2443,1306,0
84,98,2081,2886,1619,1722,0
84,99,2081,2886,508,1060,0
84,100,2081,2886,2201,1345,0
84,101,2081,2886,2587,861,0
84,102,2081,2886,2593,412,0
84,103,2081,2886,2995,1976,0
84,104,2081,2886,2546,755,0
84,105,2081,2886,1384,10,0
84,106,2081,2886,1458,697,0
84,107,2081,2886,52,2157,0
84,108,2081,2886,2017,217,0
84,109,2081,2886,2750,1252,0
84,110,2081,2886,1972,2182,0
84,111,2081,2886,736,1220,0
84,112,2081,2886,1701,2178,0
84,113,2081,2886,27,769,0
84,114,2081,2886,148,1215,0
84,115,2081,2886,1308,917,0
84,116,2081,2886,579,885,0
84,117,2081,2886,2737,2060,0
84,118,2081,2886,1739,2828,0
84,119,2081,2886,1339,2055,0
84,120,2081,2886,1479,618,0
84,121,2081,2886,1518,2678,0
84,122,2081,2886,2663,2085,0
84,123,2081,2886,1536,440,0
84,124,2081,2886,2347,485,0
84,125,2081,2886,2244,1545,0
84,126,2081,2886,1821,2562,0
84,127,2081,2886,1162,1754,0
84,128,2081,2886,476,1205,0
84,129,2081,2886,1692,876,0
84,130,2081,2886,300,1205,0
84,131,2081,2886,2003,1714,0
84,132,2081,2886,381,1336,0
84,133,2081,2886,2948,2728,0
84,134,2081,2886,1258,2583,0
84,135,2081,2886,1121,2987,0
84,136,2081,2886,2245,575,0
84,137,2081,2886,721,430,0
84,138,2081,2886,1441,992,0
84,139,2081,2886,2326,2998,0
84,140,2081,2886,976,329,0
84,141,2081,2886,2900,191,0
84,142,2081,2886,1962,1771,0
84,143,2081,2886,238,1665,0
84,144,2081,2886,295,1936,0
84,145,2081,2886,1854,141,0
84,146,2081,2886,2927,2918,0
84,147,2081,2886,652,2117,0
84,148,2081,2886,1281,1593,0
84,149,2081,2886,1093,2355,0
84,150,2081,2886,821,2889,0
84,151,2081,2886,2640,293,0
84,152,2081,2886,2213,1092,0
84,153,2081,2886,2554,526,0
84,154,2081,2886,773,2759,0
84,155,2081,2886,2398,2598,0
84,156,2081,2886,352,1773,0
84,157,2081,2886,136,1123,0
84,158,2081,2886,2533,1961,0
84,159,2081,2886,1274,2648,0
84,160,2081,2886,2856,1016,0
84,161,2081,2886,723,68,0
84,162,2081,2886,1849,735,0
84,163,2081,2886,1750,564,0
84,164,2081,2886,21,376,0
84,165,2081,2886,2035,939,0
84,166,2081,2886,1752,1825,0
84,167,2081,2886,2384,871,0
84,168,2081,2886,1034,788,0
84,169,2081,2886,1867,2645,0
84,170,2081,2886,940,504,0
84,171,2081,2886,1519,1618,0
84,172,2081,2886,1392,2416,0
84,173,2081,2886,1843,947,0
84,174,2081,2886,1387,1345,0
84,175,2081,2886,2479,1210,0
84,176,2081,2886,1555,1680,0
84,177,2081,2886,160,2470,0
84,178,2081,2886,2692,2143,0
84,179,2081,2886,158,2357,0
84,180,2081,2886,2335,890,0
84,181,2081,2886,1761,1075,0
84,182,2081,2886,2099,406,0
85,0,2720,2097,1639,2892,0
85,1,2720,2097,1329,745,0
85,2,2720,2097,443,1218,0
85,3,2720,2097,2514,1181,0
85,4,2720,2097,2286,223,0
85,5,2720,2097,595,2408,0
85,6,2720,2097,1383,2289,0
85,7,2720,2097,1795,201,0
85,8,2720,2097,2598,838,0
85,9,2720,2097,813,1715,0
85,10,2720,2097,1135,391,0
85,11,2720,2097,1132,1878,0
85,12,2720,2097,2041,661,0
85,13,2720,2097,1434,670,0
85,14,2720,2097,300,623,0
85,15,2720,2097,1559,2032,0
85,16,2720,2097,1224,2119,0
85,17,2720,2097,838,460,0
85,18,2720,2097,352,2688,0
85,19,2720,2097,2179,352,0
85,20,2720,2097,525,672,0
85,21,2720,2097,1652,2883,0
85,22,2720,2097,1373,2660,0
85,23,2720,2097,2814,1659,0
85,24,2720,2097,1449,1659,0
85,25,2720,2097,2305,1303,0
85,26,2720,2097,769,677,0
85,27,2720,2097,2295,2940,0
85,28,2720,2097,577,2880,0
85,29,2720,2097,1614,2810,0
85,30,2720,2097,47,1395,0
85,31,2720,2097,2664,803,0
85,32,2720,2097,2309,2153,0
85,33,2720,2097,2074,2182,0
85,34,2720,2097,1554,11,0
85,35,2720,2097,1400,2146,0
85,36,2720,2097,1795,740,0
85,37,2720,2097,931,567,0
85,38,2720,2097,1254,1779,0
85,39,2720,2097,45,883,0
85,40,2720,2097,1359,119,0
85,41,2720,2097,2127,1277,0
85,42,2720,2097,2925,1375,0
85,43,2720,2097,2505,1463,0
85,44,2720,2097,1791,2744,0
85,45,2720,2097,1916,1718,0
85,46,2720,2097,167,2831,0
85,47,2720,2097,2315,236,0
85,48,2720,2097,1902,1139,0
85,49,2720,2097,1443,2554,0
85,50,2720,2097,194,2519,0
85,51,2720,2097,301,248,0
85,52,2720,2097,934,2502,0
85,53,2720,2097,343,1045,0
85,54,2720,2097,1542,1250,0
85,55,2720,2097,2149,1171,0
85,56,2720,2097,2055,1783,0
85,57,2720,2097,941,1993,0
85,58,2720,2097,123,1452,0
85,59,2720,2097,2845,2865,0
85,60,2720,2097,1089,2442,0
85,61,2720,2097,859,1946,0
85,62,2720,2097,1024,191,0
85,63,2720,2097,640,1179,0
85,64,2720,2097,2225,946,0
85,65,2720,2097,349,822,0
85,66,2720,2097,826,2377,0
85,67,2720,2097,1638,96,0
85,68,2720,2097,2727,990,0
85,69,2720,2097,2915,1910,0
85,70,2720,2097,1406,1407,0
85,71,2720,2097,2216,2614,0
85,72,2720,2097,1497,453,0
85,73,2720,2097,1462,1798,0
85,74,2720,2097,1212,215,0
85,75,2720,2097,2881,2014,0
85,76,2720,2097,32,1929,0
85,77,2720,2097,2695,266,0
85,78,2720,2097,2042,2855,0
85,79,2720,2097,193,1354,0
85,80,2720,2097,123,892,0
85,81,2720,2097,2391,199,0
85,82,2720,2097,738,1556,0
85,83,2720,2097,656,1512,0
85,84,2720,2097,2081,2886,0
85,86,2720,2097,2245,1289,0
85,87,2720,2097,714,2990,0
85,88,2720,2097,2800,641,0
85,89,2720,2097,2389,2741,0
85,90,2720,2097,538,2170,0
85,91,2720,2097,2767,2393,0
85,92,2720,2097,1270,693,0
85,93,2720,2097,2649,133,0
85,94,2720,2097,782,2023,0
85,95,2720,2097,551,1308,0
85,96,2720,2097,2784,254,0
85,97,2720,2097,2443,1306,0
85,98,2720,2097,1619,1722,0
85,99,2720,2097,508,1060,0
85,100,2720,2097,2201,1345,0
85,101,2720,2097,2587,861,0
85,102,2720,2097,2593,412,0
85,103,2720,2097,2995,1976,0
85,104,2720,2097,2546,755,0
85,105,2720,2097,1384,10,0
85,106,2720,2097,1458,697,0
85,107,2720,2097,52,2157,0
85,108,2720,2097,2017,217,0
85,109,2720,2097,2750,1252,0
85,110,2720,2097,1972,2182,0
85,111,2720,2097,736,1220,0
85,112,2720,2097,1701,2178,0
85,113,2720,2097,27,769,0
85,114,2720,2097,148,1215,0
85,115,2720,2097,1308,917,0
85,116,2720,2097,579,885,0
85,117,2720,2097,2737,2060,1
85,118,2720,2097,1739,2828,0
85,119,2720,2097,1339,2055,0
85,120,2720,2097,1479,618,0
85,121,2720,2097,1518,2678,0
85,122,2720,2097,2663,2085,0
85,123,2720,2097,1536,440,0
85,124,2720,2097,2347,485,0
85,125,2720,2097,2244,1545,0
85,126,2720,2097,1821,2562,0
85,127,2720,2097,1162,1754,0
85,128,2720,2097,476,1205,0
85,129,2720,2097,1692,876,0
85,130,2720,2097,300,1205,0
85,131,2720,2097,2003,1714,0
85,132,2720,2097,381,1336,0
85,133,2720,2097,2948,2728,0
85,134,2720,2097,1258,2583,0
85,135,2720,2097,1121,2987,0
85,136,2720,2097,2245,575,0
85,137,2720,2097,721,430,0
85,138,2720,2097,1441,992,0
85,139,2720,2097,2326,2998,0
85,140,2720,2097,976,329,0
85,141,2720,2097,2900,191,0
85,142,2720,2097,1962,1771,0
85,143,2720,2097,238,1665,0
85,144,2720,2097,295,1936,0
85,145,2720,2097,1854,141,0
85,146,2720,2097,2927,2918,0
85,147,2720,2097,652,2117,0
85,148,2720,2097,1281,1593,0
85,149,2720,2097,1093,2355,0
85,150,2720,2097,821,2889,0
85,151,2720,2097,2640,293,0
85,152,2720,2097,2213,1092,0
85,153,2720,2097,2554,526,0
85,154,2720,2097,773,2759,0
85,155,2720,2097,2398,2598,0
85,156,2720,2097,352,1773,0
85,157,2720,2097,136,1123,0
85,158,2720,2097,2533,1961,0
85,159,2720,2097,1274,2648,0
85,160,2720,2097,2856,1016,0
85,161,2720,2097,723,68,0
85,162,2720,2097,1849,735,0
85,163,2720,2097,1750,564,0
85,164,2720,2097,21,376,0
85,165,2720,2097,2035,939,0
85,166,2720,2097,1752,1825,0
85,167,2720,2097,2384,871,0
85,168,2720,2097,1034,788,0
85,169,2720,2097,1867,2645,0
85,170,2720,2097,940,504,0
85,171,2720,2097,1519,1618,0
85,172,2720,2097,1392,2416,0
85,173,2720,2097,1843,947,0
85,174,2720,2097,1387,1345,0
85,175,2720,2097,2479,1210,0
85,176,2720,2097,1555,1680,0
85,177,2720,2097,160,2470,0
85,178,2720,2097,2692,2143,0
85,179,2720,2097,158,2357,0
85,180,2720,2097,2335,890,0
85,181,2720,2097,1761,1075,0
85,182,2720,2097,2099,406,0
86,0,2245,1289,1639,2892,0
86,1,2245,1289,1329,745,0
86,2,2245,1289,443,1218,0
86,3,2245,1289,2514,1181,0
86,4,2245,1289,2286,223,0
86,5,2245,1289,595,2408,0
86,6,2245,1289,1383,2289,0
86,7,2245,1289,1795,201,0
86,8,2245,1289,2598,838,0
86,9,2245,1289,813,1715,0
86,10,2245,1289,1135,391,0
86,11,2245,1289,1132,1878,0
86,12,2245,1289,2041,661,0
86,13,2245,1289,1434,670,0
86,14,2245,1289,300,623,0
86,15,2245,1289,1559,2032,0
86,16,2245,1289,1224,2119,0
86,17,2245,1289,838,460,0
86,18,2245,1289,352,2688,0
86,19,2245,1289,2179,352,0
86,20,2245,1289,525,672,0
86,21,2245,1289,1652,2883,0
86,22,2245,1289,1373,2660,0
86,23,2245,1289,2814,1659,0
86,24,2245,1289,1449,1659,0
86,25,2245,1289,2305,1303,1
86,26,2245,1289,769,677,0
86,27,2245,1289,2295,2940,0
86,28,2245,1289,577,2880,0
86,29,2245,1289,1614,2810,0
86,30,2245,1289,47,1395,0
86,31,2245,1289,2664,803,0
86,32,2245,1289,2309,2153,0
86,33,2245,1289,2074,2182,0
86,34,2245,1289,1554,11,0
86,35,2245,1289,1400,2146,0
86,36,2245,1289,1795,740,0
86,37,2245,1289,931,567,0
86,38,2245,1289,1254,1779,0
86,39,2245,1289,45,883,0
86,40,2245,1289,1359,119,0
86,41,2245,1289,2127,1277,0
86,42,2245,1289,2925,1375,0
86,43,2245,1289,2505,1463,0
86,44,2245,1289,1791,2744,0
86,45,2245,1289,1916,1718,0
86,46,2245,1289,167,2831,0
86,47,2245,1289,2315,236,0
86,48,2245,1289,1902,1139,0
86,49,2245,1289,1443,2554,0
86,50,2245,1289,194,2519,0
86,51,2245,1289,301,248,0
86,52,2245,1289,934,2502,0
86,53,2245,1289,343,1045,0
86,54,2245,1289,1542,1250,0
86,55,2245,1289,2149,1171,0
86,56,2245,1289,2055,1783,0
86,57,2245,1289,941,1993,0
86,58,2245,1289,123,1452,0
86,59,2245,1289,2845,2865,0
86,60,2245,1289,1089,2442,0
86,61,2245,1289,859,1946,0
86,62,2245,1289,1024,191,0
86,63,2245,1289,640,1179,0
86,64,2245,1289,2225,946,0
86,65,2245,1289,349,822,0
86,66,2245,1289,826,2377,0
86,67,2245,1289,1638,96,0
86,68,2245,1289,2727,990,0
86,69,2245,1289,2915,1910,0
86,70,2245,1289,1406,1407,0
86,71,2245,1289,2216,2614,0
86,72,2245,1289,1497,453,0
86,73,2245,1289,1462,1798,0
86,74,2245,1289,1212,215,0
86,75,2245,1289,2881,2014,0
86,76,2245,1289,32,1929,0
86,77,2245,1289,2695,266,0
86,78,2245,1289,2042,2855,0
86,79,2245,1289,193,1354,0
86,80,2245,1289,123,892,0
86,81,2245,1289,2391,199,0
86,82,2245,1289,738,1556,0
86,83,2245,1289,656,1512,0
86,84,2245,1289,2081,2886,0
86,85,2245,1289,2720,2097,0
86,87,2245,1289,714,2990,0
86,88,2245,1289,2800,641,0
86,89,2245,1289,2389,2741,0
86,90,2245,1289,538,2170,0
86,91,2245,1289,2767,2393,0
86,92,2245,1289,1270,693,0
86,93,2245,1289,2649,133,0
86,94,2245,1289,782,2023,0
86,95,2245,1289,551,1308,0
86,96,2245,1289,2784,254,0
86,97,2245,1289,2443,1306,0
86,98,2245,1289,1619,1722,0
86,99,2245,1289,508,1060,0
86,100,2245,1289,2201,1345,0
86,101,2245,1289,2587,861,0
86,102,2245,1289,2593,412,0
86,103,2245,1289,2995,1976,0
86,104,2245,1289,2546,755,0
86,105,2245,1289,1384,10,0
86,106,2245,1289,1458,697,0
86,107,2245,1289,52,2157,0
86,108,2245,1289,2017,217,0
86,109,2245,1289,2750,1252,0
86,110,2245,1289,1972,2182,0
86,111,2245,1289,736,1220,0
86,112,2245,1289,1701,2178,0
86,113,2245,1289,27,769,0
86,114,2245,1289,148,1215,0
86,115,2245,1289,1308,917,0
86,116,2245,1289,579,885,0
86,117,2245,1289,2737,2060,0
86,118,2245,1289,1739,2828,0
86,119,2245,1289,1339,2055,0
86,120,2245,1289,1479,618,0
86,121,2245,1289,1518,2678,0
86,122,2245,1289,2663,2085,0
86,123,2245,1289,1536,440,0
86,124,2245,1289,2347,485,0
86,125,2245,1289,2244,1545,0
86,126,2245,1289,1821,2562,0
86,127,2245,1289,1162,1754,0
86,128,2245,1289,476,1205,0
86,129,2245,1289,1692,876,0
86,130,2245,1289,300,1205,0
86,131,2245,1289,2003,1714,0
86,132,2245,1289,381,1336,0
86,133,2245,1289,2948,2728,0
86,134,2245,1289,1258,2583,0
86,135,2245,1289,1121,2987,0
86,136,2245,1289,2245,575,0
86,137,2245,1289,721,430,0
86,138,2245,1289,1441,992,0
86,139,2245,1289,2326,2998,0
86,140,2245,1289,976,329,0
86,141,2245,1289,2900,191,0
86,142,2245,1289,1962,1771,0
86,143,2245,1289,238,1665,0
86,144,2245,1289,295,1936,0
86,145,2245,1289,1854,141,0
86,146,2245,1289,2927,2918,0
86,147,2245,1289,652,2117,0
86,148,2245,1289,1281,1593,0
86,149,2245,1289,1093,2355,0
86,150,2245,1289,821,2889,0
86,151,2245,1289,2640,293,0
86,152,2245,1289,2213,1092,0
86,153,2245,1289,2554,526,0
86,154,2245,1289,773,2759,0
86,155,2245,1289,2398,2598,0
86,156,2245,1289,352,1773,0
86,157,2245,1289,136,1123,0
86,158,2245,1289,2533,1961,0
86,159,2245,1289,1274,2648,0
86,160,2245,1289,2856,1016,0
86,161,2245,1289,723,68,0
86,162,2245,1289,1849,735,0
86,163,2245,1289,1750,564,0
86,164,2245,1289,21,376,0
86,165,2245,1289,2035,939,0
86,166,2245,1289,1752,1825,0
86,167,2245,1289,2384,871,0
86,168,2245,1289,1034,788,0
86,169,2245,1289,1867,2645,0
86,170,2245,1289,940,504,0
86,171,2245,1289,1519,1618,0
86,172,2245,1289,1392,2416,0
86,173,2245,1289,1843,947,0
86,174,2245,1289,1387,1345,0
86,175,2245,1289,2479,1210,0
86,176,2245,1289,1555,1680,0
86,177,2245,1289,160,2470,0
86,178,2245,1289,2692,2143,0
86,179,2245,1289,158,2357,0
86,180,2245,1289,2335,890,0
86,181,2245,1289,1761,1075,0
86,182,2245,1289,2099,406,0
87,0,714,2990,1639,2892,0
87,1,714,2990,1329,745,0
87,2,714,2990,443,1218,0
87,3,714,2990,2514,1181,0
87,4,714,2990,2286,223,0
87,5,714,2990,595,2408,0
87,6,714,2990,1383,2289,0
87,7,714,2990,1795,201,0
87,8,714,2990,2598,838,0
87,9,714,2990,813,1715,0
87,10,714,2990,1135,391,0
87,11,714,2990,1132,1878,0
87,12,714,2990,2041,661,0
87,13,714,2990,1434,670,0
87,14,714,2990,300,623,0
87,15,714,2990,1559,2032,0
87,16,714,2990,1224,2119,0
87,17,714,2990,838,460,0
87,18,714,2990,352,2688,0
87,19,714,2990,2179,352,0
87,20,714,2990,525,672,0
87,21,714,2990,1652,2883,0
87,22,714,2990,1373,2660,0
87,23,714,2990,2814,1659,0
87,24,714,2990,1449,1659,0
87,25,714,2990,2305,1303,0
87,26,714,2990,769,677,0
87,27,714,2990,2295,2940,0
87,28,714,2990,577,2880,1
87,29,714,2990,1614,2810,0
87,30,714,2990,47,1395,0
87,31,714,2990,2664,803,0
87,32,714,2990,2309,2153,0
87,33,714,2990,2074,2182,0
87,34,714,2990,1554,11,0
87,35,714,2990,1400,2146,0
87,36,714,2990,1795,740,0
87,37,714,2990,931,567,0
87,38,714,2990,1254,1779,0
87,39,714,2990,45,883,0
87,40,714,2990,1359,119,0
87,41,714,2990,2127,1277,0
87,42,714,2990,2925,1375,0
87,43,714,2990,2505,1463,0
87,44,714,2990,1791,2744,0
87,45,714,2990,1916,1718,0
87,46,714,2990,167,2831,0
87,47,714,2990,2315,236,0
87,48,714,2990,1902,1139,0
87,49,714,2990,1443,2554,0
87,50,714,2990,194,2519,0
87,51,714,2990,301,248,0
87,52,714,2990,934,2502,0
87,53,714,2990,343,1045,0
87,54,714,2990,1542,1250,0
87,55,714,2990,2149,1171,0
87,56,714,2990,2055,1783,0
87,57,714,2990,941,1993,0
87,58,714,2990,123,1452,0
87,59,714,2990,2845,2865,0
87,60,714,2990,1089,2442,0
87,61,714,2990,859,1946,0
87,62,714,2990,1024,191,0
87,63,714,2990,640,1179,0
87,64,714,2990,2225,946,0
87,65,714,2990,349,822,0
87,66,714,2990,826,2377,0
87,67,714,2990,1638,96,0
87,68,714,2990,2727,990,0
87,69,714,2990,2915,1910,0
87,70,714,2990,1406,1407,0
87,71,714,2990,2216,2614,0
87,72,714,2990,1497,453,0
87,73,714,2990,1462,1798,0
87,74,714,2990,1212,215,0
87,75,714,2990,2881,2014,0
87,76,714,2990,32,1929,0
87,77,714,2990,2695,266,0
87,78,714,2990,2042,2855,0
87,79,714,2990,193,1354,0
87,80,714,2990,123,892,0
87,81,714,2990,2391,199,0
87,82,714,2990,738,1556,0
87,83,714,2990,656,1512,0
87,84,714,2990,2081,2886,0
87,85,714,2990,2720,2097,0
87,86,714,2990,2245,1289,0
87,88,714,2990,2800,641,0
87,89,714,2990,2389,2741,0
87,90,714,2990,538,2170,0
87,91,714,2990,2767,2393,0
87,92,714,2990,1270,693,0
87,93,714,2990,2649,133,0
87,94,714,2990,782,2023,0
87,95,714,2990,551,1308,0
87,96,714,2990,2784,254,0
87,97,714,2990,2443,1306,0
87,98,714,2990,1619,1722,0
87,99,714,2990,508,1060,0
87,100,714,2990,2201,1345,0
87,101,714,2990,2587,861,0
87,102,714,2990,2593,412,0
87,103,714,2990,2995,1976,0
87,104,714,2990,2546,755,0
87,105,714,2990,1384,10,0
87,106,714,2990,1458,697,0
87,107,714,2990,52,2157,0
87,108,714,2990,2017,217,0
87,109,714,2990,2750,1252,0
87,110,714,2990,1972,2182,0
87,111,714,2990,736,1220,0
87,112,714,2990,1701,2178,0
87,113,714,2990,27,769,0
87,114,714,2990,148,1215,0
87,115,714,2990,1308,917,0
87,116,714,2990,579,885,0
87,117,714,2990,2737,2060,0
87,118,714,2990,1739,2828,0
87,119,714,2990,1339,2055,0
87,120,714,2990,1479,618,0
87,121,714,2990,1518,2678,0
87,122,714,2990,2663,2085,0
87,123,714,2990,1536,440,0
87,124,714,2990,2347,485,0
87,125,714,2990,2244,1545,0
87,126,714,2990,1821,2562,0
87,127,714,2990,1162,1754,0
87,128,714,2990,476,1205,0
87,129,714,2990,1692,876,0
87,130,714,2990,300,1205,0
87,131,714,2990,2003,1714,0
87,132,714,2990,381,1336,0
87,133,714,2990,2948,2728,0
87,134,714,2990,1258,2583,0
87,135,714,2990,1121,2987,0
87,136,714,2990,2245,575,0
87,137,714,2990,721,430,0
87,138,714,2990,1441,992,0
87,139,714,2990,2326,2998,0
87,140,714,2990,976,329,0
87,141,714,2990,2900,191,0
87,142,714,2990,1962,1771,0
87,143,714,2990,238,1665,0
87,144,714,2990,295,1936,0
87,145,714,2990,1854,141,0
87,146,714,2990,2927,2918,0
87,147,714,2990,652,2117,0
87,148,714,2990,1281,1593,0
87,149,714,2990,1093,2355,0
87,150,714,2990,821,2889,0
87,151,714,2990,2640,293,0
87,152,714,2990,2213,1092,0
87,153,714,2990,2554,526,0
87,154,714,2990,773,2759,0
87,155,714,2990,2398,2598,0
87,156,714,2990,352,1773,0
87,157,714,2990,136,1123,0
87,158,714,2990,2533,1961,0
87,159,714,2990,1274,2648,0
87,160,714,2990,2856,1016,0
87,161,714,2990,723,68,0
87,162,714,2990,1849,735,0
87,163,714,2990,1750,564,0
87,164,714,2990,21,376,0
87,165,714,2990,2035,939,0
87,166,714,2990,1752,1825,0
87,167,714,2990,2384,871,0
87,168,714,2990,1034,788,0
87,169,714,2990,1867,2645,0
87,170,714,2990,940,504,0
87,171,714,2990,1519,1618,0
87,172,714,2990,1392,2416,0
87,173,714,2990,1843,947,0
87,174,714,2990,1387,1345,0
87,175,714,2990,2479,1210,0
87,176,714,2990,1555,1680,0
87,177,714,2990,160,2470,0
87,178,714,2990,2692,2143,0
87,179,714,2990,158,2357,0
87,180,714,2990,2335,890,0
87,181,714,2990,1761,1075,0
87,182,714,2990,2099,406,0
88,0,2800,641,1639,2892,0
88,1,2800,641,1329,745,0
88,2,2800,641,443,1218,0
88,3,2800,641,2514,1181,0
88,4,2800,641,2286,223,0
88,5,2800,641,595,2408,0
88,6,2800,641,1383,2289,0
88,7,2800,641,1795,201,0
88,8,2800,641,2598,838,0
88,9,2800,641,813,1715,0
88,10,2800,641,1135,391,0
88,11,2800,641,1132,1878,0
88,12,2800,641,2041,661,0
88,13,2800,641,1434,670,0
88,14,2800,641,300,623,0
88,15,2800,641,1559,2032,0
88,16,2800,641,1224,2119,0
88,17,2800,641,838,460,0
88,18,2800,641,352,2688,0
88,19,2800,641,2179,352,0
88,20,2800,641,525,672,0
88,21,2800,641,1652,2883,0
88,22,2800,641,1373,2660,0
88,23,2800,641,2814,1659,0
88,24,2800,641,1449,1659,0
88,25,2800,641,2305,1303,0
88,26,2800,641,769,677,0
88,27,2800,641,2295,2940,0
88,28,2800,641,577,2880,0
88,29,2800,641,1614,2810,0
88,30,2800,641,47,1395,0
88,31,2800,641,2664,803,1
88,32,2800,641,2309,2153,0
88,33,2800,641,2074,2182,0
88,34,2800,641,1554,11,0
88,35,2800,641,1400,2146,0
88,36,2800,641,1795,740,0
88,37,2800,641,931,567,0
88,38,2800,641,1254,1779,0
88,39,2800,641,45,883,0
88,40,2800,641,1359,119,0
88,41,2800,641,2127,1277,0
88,42,2800,641,2925,1375,0
88,43,2800,641,2505,1463,0
88,44,2800,641,1791,2744,0
88,45,2800,641,1916,1718,0
88,46,2800,641,167,2831,0
88,47,2800,641,2315,236,0
88,48,2800,641,1902,1139,0
88,49,2800,641,1443,2554,0
88,50,2800,641,194,2519,0
88,51,2800,641,301,248,0
88,52,2800,641,934,2502,0
88,53,2800,641,343,1045,0
88,54,2800,641,1542,1250,0
88,55,2800,641,2149,1171,0
88,56,2800,641,2055,1783,0
88,57,2800,641,941,1993,0
88,58,2800,641,123,1452,0
88,59,2800,641,2845,2865,0
88,60,2800,641,1089,2442,0
88,61,2800,641,859,1946,0
88,62,2800,641,1024,191,0
88,63,2800,641,640,1179,0
88,64,2800,641,2225,946,0
88,65,2800,641,349,822,0
88,66,2800,641,826,2377,0
88,67,2800,641,1638,96,0
88,68,2800,641,2727,990,0
88,69,2800,641,2915,1910,0
88,70,2800,641,1406,1407,0
88,71,2800,641,2216,2614,0
88,72,2800,641,1497,453,0
88,73,2800,641,1462,1798,0
88,74,2800,641,1212,215,0
88,75,2800,641,2881,2014,0
88,76,2800,641,32,1929,0
88,77,2800,641,2695,266,0
88,78,2800,641,2042,2855,0
88,79,2800,641,193,1354,0
88,80,2800,641,123,892,0
88,81,2800,641,2391,199,0
88,82,2800,641,738,1556,0
88,83,2800,641,656,1512,0
88,84,2800,641,2081,2886,0
88,85,2800,641,2720,2097,0
88,86,2800,641,2245,1289,0
88,87,2800,641,714,2990,0
88,89,2800,641,2389,2741,0
88,90,2800,641,538,2170,0
88,91,2800,641,2767,2393,0
88,92,2800,641,1270,693,0
88,93,2800,641,2649,133,0
88,94,2800,641,782,2023,0
88,95,2800,641,551,1308,0
88,96,2800,641,2784,254,0
88,97,2800,641,2443,1306,0
88,98,2800,641,1619,1722,0
88,99,2800,641,508,1060,0
88,100,2800,641,2201,1345,0
88,101,2800,641,2587,861,0
88,102,2800,641,2593,412,0
88,103,2800,641,2995,1976,0
88,104,2800,641,2546,755,0
88,105,2800,641,1384,10,0
88,106,2800,641,1458,697,0
88,107,2800,641,52,2157,0
88,108,2800,641,2017,217,0
88,109,2800,641,2750,1252,0
88,110,2800,641,1972,2182,0
88,111,2800,641,736,1220,0
88,112,2800,641,1701,2178,0
88,113,2800,641,27,769,0
88,114,2800,641,148,1215,0
88,115,2800,641,1308,917,0
88,116,2800,641,579,885,0
88,117,2800,641,2737,2060,0
88,118,2800,641,1739,2828,0
88,119,2800,641,1339,2055,0
88,120,2800,641,1479,618,0
88,121,2800,641,1518,2678,0
88,122,2800,641,2663,2085,0
88,123,2800,641,1536,440,0
88,124,2800,641,2347,485,0
88,125,2800,641,2244,1545,0
88,126,2800,641,1821,2562,0
88,127,2800,641,1162,1754,0
88,128,2800,641,476,1205,0
88,129,2800,641,1692,876,0
88,130,2800,641,300,1205,0
88,131,2800,641,2003,1714,0
88,132,2800,641,381,1336,0
88,133,2800,641,2948,2728,0
88,134,2800,641,1258,2583,0
88,135,2800,641,1121,2987,0
88,136,2800,641,2245,575,0
88,137,2800,641,721,430,0
88,138,2800,641,1441,992,0
88,139,2800,641,2326,2998,0
88,140,2800,641,976,329,0
88,141,2800,641,2900,191,0
88,142,2800,641,1962,1771,0
88,143,2800,641,238,1665,0
88,144,2800,641,295,1936,0
88,145,2800,641,1854,141,0
88,146,2800,641,2927,2918,0
88,147,2800,641,652,2117,0
88,148,2800,641,1281,1593,0
88,149,2800,641,1093,2355,0
88,150,2800,641,821,2889,0
88,151,2800,641,2640,293,0
88,152,2800,641,2213,1092,0
88,153,2800,641,2554,526,0
88,154,2800,641,773,2759,0
88,155,2800,641,2398,2598,0
88,156,2800,641,352,1773,0
88,157,2800,641,136,1123,0
88,158,2800,641,2533,1961,0
88,159,2800,641,1274,2648,0
88,160,2800,641,2856,1016,0
88,161,2800,641,723,68,0
88,162,2800,641,1849,735,0
88,163,2800,641,1750,564,0
88,164,2800,641,21,376,0
88,165,2800,641,2035,939,0
88,166,2800,641,1752,1825,0
88,167,2800,641,2384,871,0
88,168,2800,641,1034,788,0
88,169,2800,641,1867,2645,0
88,170,2800,641,940,504,0
88,171,2800,641,1519,1618,0
88,172,2800,641,1392,2416,0
88,173,2800,641,1843,947,0
88,174,2800,641,1387,1345,0
88,175,2800,641,2479,1210,0
88,176,2800,641,1555,1680,0
88,177,2800,641,160,2470,0
88,178,2800,641,2692,2143,0
88,179,2800,641,158,2357,0
88,180,2800,641,2335,890,0
88,181,2800,641,1761,1075,0
88,182,2800,641,2099,406,0
89,0,2389,2741,1639,2892,0
89,1,2389,2741,1329,745,0
89,2,2389,2741,443,1218,0
89,3,2389,2741,2514,1181,0
89,4,2389,2741,2286,223,0
89,5,2389,2741,595,2408,0
89,6,2389,2741,1383,2289,0
89,7,2389,2741,1795,201,0
89,8,2389,2741,2598,838,0
89,9,2389,2741,813,1715,0
89,10,2389,2741,1135,391,0
89,11,2389,2741,1132,1878,0
89,12,2389,2741,2041,661,0
89,13,2389,2741,1434,670,0
89,14,2389,2741,300,623,0
89,15,2389,2741,1559,2032,0
89,16,2389,2741,1224,2119,0
89,17,2389,2741,838,460,0
89,18,2389,2741,352,2688,0
89,19,2389,2741,2179,352,0
89,20,2389,2741,525,672,0
89,21,2389,2741,1652,2883,0
89,22,2389,2741,1373,2660,0
89,23,2389,2741,2814,1659,0
89,24,2389,2741,1449,1659,0
89,25,2389,2741,2305,1303,0
89,26,2389,2741,769,677,0
89,27,2389,2741,2295,2940,0
89,28,2389,2741,577,2880,0
89,29,2389,2741,1614,2810,0
89,30,2389,2741,47,1395,0
89,31,2389,2741,2664,803,0
89,32,2389,2741,2309,2153,0
89,33,2389,2741,2074,2182,0
89,34,2389,2741,1554,11,0
89,35,2389,2741,1400,2146,0
89,36,2389,2741,1795,740,0
89,37,2389,2741,931,567,0
89,38,2389,2741,1254,1779,0
89,39,2389,2741,45,883,0
89,40,2389,2741,1359,119,0
89,41,2389,2741,2127,1277,0
89,42,2389,2741,2925,1375,0
89,43,2389,2741,2505,1463,0
89,44,2389,2741,1791,2744,0
89,45,2389,2741,1916,1718,0
89,46,2389,2741,167,2831,0
89,47,2389,2741,2315,236,0
89,48,2389,2741,1902,1139,0
89,49,2389,2741,1443,2554,0
89,50,2389,2741,194,2519,0
89,51,2389,2741,301,248,0
89,52,2389,2741,934,2502,0
89,53,2389,2741,343,1045,0
89,54,2389,2741,1542,1250,0
89,55,2389,2741,2149,1171,0
89,56,2389,2741,2055,1783,0
89,57,2389,2741,941,1993,0
89,58,2389,2741,123,1452,0
89,59,2389,2741,2845,2865,0
89,60,2389,2741,1089,2442,0
89,61,2389,2741,859,1946,0
89,62,2389,2741,1024,191,0
89,63,2389,2741,640,1179,0
89,64,2389,2741,2225,946,0
89,65,2389,2741,349,822,0
89,66,2389,2741,826,2377,0
89,67,2389,2741,1638,96,0
89,68,2389,2741,2727,990,0
89,69,2389,2741,2915,1910,0
89,70,2389,2741,1406,1407,0
89,71,2389,2741,2216,2614,0
89,72,2389,2741,1497,453,0
89,73,2389,2741,1462,1798,0
89,74,2389,2741,1212,215,0
89,75,2389,2741,2881,2014,0
89,76,2389,2741,32,1929,0
89,77,2389,2741,2695,266,0
89,78,2389,2741,2042,2855,0
89,79,2389,2741,193,1354,0
89,80,2389,2741,123,892,0
89,81,2389,2741,2391,199,0
89,82,2389,2741,738,1556,0
89,83,2389,2741,656,1512,0
89,84,2389,2741,2081,2886,0
89,85,2389,2741,2720,2097,0
89,86,2389,2741,2245,1289,0
89,87,2389,2741,714,2990,0
89,88,2389,2741,2800,641,0
89,90,2389,2741,538,2170,0
89,91,2389,2741,2767,2393,0
89,92,2389,2741,1270,693,0
89,93,2389,2741,2649,133,0
89,94,2389,2741,782,2023,0
89,95,2389,2741,551,1308,0
89,96,2389,2741,2784,254,0
89,97,2389,2741,2443,1306,0
89,98,2389,2741,1619,1722,0
89,99,2389,2741,508,1060,0
89,100,2389,2741,2201,1345,0
89,101,2389,2741,2587,861,0
89,102,2389,2741,2593,412,0
89,103,2389,2741,2995,1976,0
89,104,2389,2741,2546,755,0
89,105,2389,2741,1384,10,0
89,106,2389,2741,1458,697,0
89,107,2389,2741,52,2157,0
89,108,2389,2741,2017,217,0
89,109,2389,2741,2750,1252,0
89,110,2389,2741,1972,2182,0
89,111,2389,2741,736,1220,0
89,112,2389,2741,1701,2178,0
89,113,2389,2741,27,769,0
89,114,2389,2741,148,1215,0
89,115,2389,2741,1308,917,0
89,116,2389,2741,579,885,0
89,117,2389,2741,2737,2060,0
89,118,2389,2741,1739,2828,0
89,119,2389,2741,1339,2055,0
89,120,2389,2741,1479,618,0
89,121,2389,2741,1518,2678,0
89,122,2389,2741,2663,2085,0
89,123,2389,2741,1536,440,0
89,124,2389,2741,2347,485,0
89,125,2389,2741,2244,1545,0
89,126,2389,2741,1821,2562,0
89,127,2389,2741,1162,1754,0
89,128,2389,2741,476,1205,0
89,129,2389,2741,1692,876,0
89,130,2389,2741,300,1205,0
89,131,2389,2741,2003,1714,0
89,132,2389,2741,381,1336,0
89,133,2389,2741,2948,2728,0
89,134,2389,2741,1258,2583,0
89,135,2389,2741,1121,2987,0
89,136,2389,2741,2245,575,0
89,137,2389,2741,721,430,0
89,138,2389,2741,1441,992,0
89,139,2389,2741,2326,2998,0
89,140,2389,2741,976,329,0
89,141,2389,2741,2900,191,0
89,142,2389,2741,1962,1771,0
89,143,2389,2741,238,1665,0
89,144,2389,2741,295,1936,0
89,145,2389,2741,1854,141,0
89,146,2389,2741,2927,2918,0
89,147,2389,2741,652,2117,0
89,148,2389,2741,1281,1593,0
89,149,2389,2741,1093,2355,0
89,150,2389,2741,821,2889,0
89,151,2389,2741,2640,293,0
89,152,2389,2741,2213,1092,0
89,153,2389,2741,2554,526,0
89,154,2389,2741,773,2759,0
89,155,2389,2741,2398,2598,1
89,156,2389,2741,352,1773,0
89,157,2389,2741,136,1123,0
89,158,2389,2741,2533,1961,0
89,159,2389,2741,1274,2648,0
89,160,2389,2741,2856,1016,0
89,161,2389,2741,723,68,0
89,162,2389,2741,1849,735,0
89,163,2389,2741,1750,564,0
89,164,2389,2741,21,376,0
89,165,2389,2741,2035,939,0
89,166,2389,2741,1752,1825,0
89,167,2389,2741,2384,871,0
89,168,2389,2741,1034,788,0
89,169,2389,2741,1867,2645,0
89,170,2389,2741,940,504,0
89,171,2389,2741,1519,1618,0
89,172,2389,2741,1392,2416,0
89,173,2389,2741,1843,947,0
89,174,2389,2741,1387,1345,0
89,175,2389,2741,2479,1210,0
89,176,2389,2741,1555,1680,0
89,177,2389,2741,160,2470,0
89,178,2389,2741,2692,2143,0
89,179,2389,2741,158,2357,0
89,180,2389,2741,2335,890,0
89,181,2389,2741,1761,1075,0
89,182,2389,2741,2099,406,0
90,0,538,2170,1639,2892,0
90,1,538,2170,1329,745,0
90,2,538,2170,443,1218,0
90,3,538,2170,2514,1181,0
90,4,538,2170,2286,223,0
90,5,538,2170,595,2408,1
90,6,538,2170,1383,2289,0
90,7,538,2170,1795,201,0
90,8,538,2170,2598,838,0
90,9,538,2170,813,1715,0
90,10,538,2170,1135,391,0
90,11,538,2170,1132,1878,0
90,12,538,2170,2041,661,0
90,13,538,2170,1434,670,0
90,14,538,2170,300,623,0
90,15,538,2170,1559,2032,0
90,16,538,2170,1224,2119,0
90,17,538,2170,838,460,0
90,18,538,2170,352,2688,0
90,19,538,2170,2179,352,0
90,20,538,2170,525,672,0
90,21,538,2170,1652,2883,0
90,22,538,2170,1373,2660,0
90,23,538,2170,2814,1659,0
90,24,538,2170,1449,1659,0
90,25,538,2170,2305,1303,0
90,26,538,2170,769,677,0
90,27,538,2170,2295,2940,0
90,28,538,2170,577,2880,0
90,29,538,2170,1614,2810,0
90,30,538,2170,47,1395,0
90,31,538,2170,2664,803,0
90,32,538,2170,2309,2153,0
90,33,538,2170,2074,2182,0
90,34,538,2170,1554,11,0
90,35,538,2170,1400,2146,0
90,36,538,2170,1795,740,0
90,37,538,2170,931,567,0
90,38,538,2170,1254,1779,0
90,39,538,2170,45,883,0
90,40,538,2170,1359,119,0
90,41,538,2170,2127,1277,0
90,42,538,2170,2925,1375,0
90,43,538,2170,2505,1463,0
90,44,538,2170,1791,2744,0
90,45,538,2170,1916,1718,0
90,46,538,2170,167,2831,0
90,47,538,2170,2315,236,0
90,48,538,2170,1902,1139,0
90,49,538,2170,1443,2554,0
90,50,538,2170,194,2519,0
90,51,538,2170,301,248,0
90,52,538,2170,934,2502,0
90,53,538,2170,343,1045,0
90,54,538,2170,1542,1250,0
90,55,538,2170,2149,1171,0
90,56,538,2170,2055,1783,0
90,57,538,2170,941,1993,0
90,58,538,2170,123,1452,0
90,59,538,2170,2845,2865,0
90,60,538,2170,1089,2442,0
90,61,538,2170,859,1946,0
90,62,538,2170,1024,191,0
90,63,538,2170,640,1179,0
90,64,538,2170,2225,946,0
90,65,538,2170,349,822,0
90,66,538,2170,826,2377,0
90,67,538,2170,1638,96,0
90,68,538,2170,2727,990,0
90,69,538,2170,2915,1910,0
90,70,538,2170,1406,1407,0
90,71,538,2170,2216,2614,0
90,72,538,2170,1497,453,0
90,73,538,2170,1462,1798,0
90,74,538,2170,1212,215,0
90,75,538,2170,2881,2014,0
90,76,538,2170,32,1929,0
90,77,538,2170,2695,266,0
90,78,538,2170,2042,2855,0
90,79,538,2170,193,1354,0
90,80,538,2170,123,892,0
90,81,538,2170,2391,199,0
90,82,538,2170,738,1556,0
90,83,538,2170,656,1512,0
90,84,538,2170,2081,2886,0
90,85,538,2170,2720,2097,0
90,86,538,2170,2245,1289,0
90,87,538,2170,714,2990,0
90,88,538,2170,2800,641,0
90,89,538,2170,2389,2741,0
90,91,538,2170,2767,2393,0
90,92,538,2170,1270,693,0
90,93,538,2170,2649,133,0
90,94,538,2170,782,2023,0
90,95,538,2170,551,1308,0
90,96,538,2170,2784,254,0
90,97,538,2170,2443,1306,0
90,98,538,2170,1619,1722,0
90,99,538,2170,508,1060,0
90,100,538,2170,2201,1345,0
90,101,538,2170,2587,861,0
90,102,538,2170,2593,412,0
90,103,538,2170,2995,1976,0
90,104,538,2170,2546,755,0
90,105,538,2170,1384,10,0
90,106,538,2170,1458,697,0
90,107,538,2170,52,2157,0
90,108,538,2170,2017,217,0
90,109,538,2170,2750,1252,0
90,110,538,2170,1972,2182,0
90,111,538,2170,736,1220,0
90,112,538,2170,1701,2178,0
90,113,538,2170,27,769,0
90,114,538,2170,148,1215,0
90,115,538,2170,1308,917,0
90,116,538,2170,579,885,0
90,117,538,2170,2737,2060,0
90,118,538,2170,1739,2828,0
90,119,538,2170,1339,2055,0
90,120,538,2170,1479,618,0
90,121,538,2170,1518,2678,0
90,122,538,2170,2663,2085,0
90,123,538,2170,1536,440,0
90,124,538,2170,2347,485,0
90,125,538,2170,2244,1545,0
90,126,538,2170,1821,2562,0
90,127,538,2170,1162,1754,0
90,128,538,2170,476,1205,0
90,129,538,2170,1692,876,0
90,130,538,2170,300,1205,0
90,131,538,2170,2003,1714,0
90,132,538,2170,381,1336,0
90,133,538,2170,2948,2728,0
90,134,538,2170,1258,2583,0
90,135,538,2170,1121,2987,0
90,136,538,2170,2245,575,0
90,137,538,2170,721,430,0
90,138,538,2170,1441,992,0
90,139,538,2170,2326,2998,0
90,140,538,2170,976,329,0
90,141,538,2170,2900,191,0
90,142,538,2170,1962,1771,0
90,143,538,2170,238,1665,0
90,144,538,2170,295,1936,0
90,145,538,2170,1854,141,0
90,146,538,2170,2927,2918,0
90,147,538,2170,652,2117,0
90,148,538,2170,1281,1593,0
90,149,538,2170,1093,2355,0
90,150,538,2170,821,2889,0
90,151,538,2170,2640,293,0
90,152,538,2170,2213,1092,0
90,153,538,2170,2554,526,0
90,154,538,2170,773,2759,0
90,155,538,2170,2398,2598,0
90,156,538,2170,352,1773,0
90,157,538,2170,136,1123,0
90,158,538,2170,2533,1961,0
90,159,538,2170,1274,2648,0
90,160,538,2170,2856,1016,0
90,161,538,2170,723,68,0
90,162,538,2170,1849,735,0
90,163,538,2170,1750,564,0
90,164,538,2170,21,376,0
90,165,538,2170,2035,939,0
90,166,538,2170,1752,1825,0
90,167,538,2170,2384,871,0
90,168,538,2170,1034,788,0
90,169,538,2170,1867,2645,0
90,170,538,2170,940,504,0
90,171,538,2170,1519,1618,0
90,172,538,2170,1392,2416,0
90,173,538,2170,1843,947,0
90,174,538,2170,1387,1345,0
90,175,538,2170,2479,1210,0
90,176,538,2170,1555,1680,0
90,177,538,2170,160,2470,0
90,178,538,2170,2692,2143,0
90,179,538,2170,158,2357,0
90,180,538,2170,2335,890,0
90,181,538,2170,1761,1075,0
90,182,538,2170,2099,406,0
91,0,2767,2393,1639,2892,0
91,1,2767,2393,1329,745,0
91,2,2767,2393,443,1218,0
91,3,2767,2393,2514,1181,0
91,4,2767,2393,2286,223,0
91,5,2767,2393,595,2408,0
91,6,2767,2393,1383,2289,0
91,7,2767,2393,1795,201,0
91,8,2767,2393,2598,838,0
91,9,2767,2393,813,1715,0
91,10,2767,2393,1135,391,0
91,11,2767,2393,1132,1878,0
91,12,2767,2393,2041,661,0
91,13,2767,2393,1434,670,0
91,14,2767,2393,300,623,0
91,15,2767,2393,1559,2032,0
91,16,2767,2393,1224,2119,0
91,17,2767,2393,838,460,0
91,18,2767,2393,352,2688,0
91,19,2767,2393,2179,352,0
91,20,2767,2393,525,672,0
91,21,2767,2393,1652,2883,0
91,22,2767,2393,1373,2660,0
91,23,2767,2393,2814,1659,0
91,24,2767,2393,1449,1659,0
91,25,2767,2393,2305,1303,0
91,26,2767,2393,769,677,0
91,27,2767,2393,2295,2940,0
91,28,2767,2393,577,2880,0
91,29,2767,2393,1614,2810,0
91,30,2767,2393,47,1395,0
91,31,2767,2393,2664,803,0
91,32,2767,2393,2309,2153,0
91,33,2767,2393,2074,2182,0
91,34,2767,2393,1554,11,0
91,35,2767,2393,1400,2146,0
91,36,2767,2393,1795,740,0
91,37,2767,2393,931,567,0
91,38,2767,2393,1254,1779,0
91,39,2767,2393,45,883,0
91,40,2767,2393,1359,119,0
91,41,2767,2393,2127,1277,0
91,42,2767,2393,2925,1375,0
91,43,2767,2393,2505,1463,0
91,44,2767,2393,1791,2744,0
91,45,2767,2393,1916,1718,0
91,46,2767,2393,167,2831,0
91,47,2767,2393,2315,236,0
91,48,2767,2393,1902,1139,0
91,49,2767,2393,1443,2554,0
91,50,2767,2393,194,2519,0
91,51,2767,2393,301,248,0
91,52,2767,2393,934,2502,0
91,53,2767,2393,343,1045,0
91,54,2767,2393,1542,1250,0
91,55,2767,2393,2149,1171,0
91,56,2767,2393,2055,1783,0
91,57,2767,2393,941,1993,0
91,58,2767,2393,123,1452,0
91,59,2767,2393,2845,2865,0
91,60,2767,2393,1089,2442,0
91,61,2767,2393,859,1946,0
91,62,2767,2393,1024,191,0
91,63,2767,2393,640,1179,0
91,64,2767,2393,2225,946,0
91,65,2767,2393,349,822,0
91,66,2767,2393,826,2377,0
91,67,2767,2393,1638,96,0
91,68,2767,2393,2727,990,0
91,69,2767,2393,2915,1910,0
91,70,2767,2393,1406,1407,0
91,71,2767,2393,2216,2614,0
91,72,2767,2393,1497,453,0
91,73,2767,2393,1462,1798,0
91,74,2767,2393,1212,215,0
91,75,2767,2393,2881,2014,0
91,76,2767,2393,32,1929,0
91,77,2767,2393,2695,266,0
91,78,2767,2393,2042,2855,0
91,79,2767,2393,193,1354,0
91,80,2767,2393,123,892,0
91,81,2767,2393,2391,199,0
91,82,2767,2393,738,1556,0
91,83,2767,2393,656,1512,0
91,84,2767,2393,2081,2886,0
91,85,2767,2393,2720,2097,0
91,86,2767,2393,2245,1289,0
91,87,2767,2393,714,2990,0
91,88,2767,2393,2800,641,0
91,89,2767,2393,2389,2741,0
91,90,2767,2393,538,2170,0
91,92,2767,2393,1270,693,0
91,93,2767,2393,2649,133,0
91,94,2767,2393,782,2023,0
91,95,2767,2393,551,1308,0
91,96,2767,2393,2784,254,0
91,97,2767,2393,2443,1306,0
91,98,2767,2393,1619,1722,0
91,99,2767,2393,508,1060,0
91,100,2767,2393,2201,1345,0
91,101,2767,2393,2587,861,0
91,102,2767,2393,2593,412,0
91,103,2767,2393,2995,1976,0
91,104,2767,2393,2546,755,0
91,105,2767,2393,1384,10,0
91,106,2767,2393,1458,697,0
91,107,2767,2393,52,2157,0
91,108,2767,2393,2017,217,0
91,109,2767,2393,2750,1252,0
91,110,2767,2393,1972,2182,0
91,111,2767,2393,736,1220,0
91,112,2767,2393,1701,2178,0
91,113,2767,2393,27,769,0
91,114,2767,2393,148,1215,0
91,115,2767,2393,1308,917,0
91,116,2767,2393,579,885,0
91,117,2767,2393,2737,2060,0
91,118,2767,2393,1739,2828,0
91,119,2767,2393,1339,2055,0
91,120,2767,2393,1479,618,0
91,121,2767,2393,1518,2678,0
91,122,2767,2393,2663,2085,0
91,123,2767,2393,1536,440,0
91,124,2767,2393,2347,485,0
91,125,2767,2393,2244,1545,0
91,126,2767,2393,1821,2562,0
91,127,2767,2393,1162,1754,0
91,128,2767,2393,476,1205,0
91,129,2767,2393,1692,876,0
91,130,2767,2393,300,1205,0
91,131,2767,2393,2003,1714,0
91,132,2767,2393,381,1336,0
91,133,2767,2393,2948,2728,1
91,134,2767,2393,1258,2583,0
91,135,2767,2393,1121,2987,0
91,136,2767,2393,2245,575,0
91,137,2767,2393,721,430,0
91,138,2767,2393,1441,992,0
91,139,2767,2393,2326,2998,0
91,140,2767,2393,976,329,0
91,141,2767,2393,2900,191,0
91,142,2767,2393,1962,1771,0
91,143,2767,2393,238,1665,0
91,144,2767,2393,295,1936,0
91,145,2767,2393,1854,141,0
91,146,2767,2393,2927,2918,0
91,147,2767,2393,652,2117,0
91,148,2767,2393,1281,1593,0
91,149,2767,2393,1093,2355,0
91,150,2767,2393,821,2889,0
91,151,2767,2393,2640,293,0
91,152,2767,2393,2213,1092,0
91,153,2767,2393,2554,526,0
91,154,2767,2393,773,2759,0
91,155,2767,2393,2398,2598,0
91,156,2767,2393,352,1773,0
91,157,2767,2393,136,1123,0
91,158,2767,2393,2533,1961,0
91,159,2767,2393,1274,2648,0
91,160,2767,2393,2856,1016,0
91,161,2767,2393,723,68,0
91,162,2767,2393,1849,735,0
91,163,2767,2393,1750,564,0
91,164,2767,2393,21,376,0
91,165,2767,2393,2035,939,0
91,166,2767,2393,1752,1825,0
91,167,2767,2393,2384,871,0
91,168,2767,2393,1034,788,0
91,169,2767,2393,1867,2645,0
91,170,2767,2393,940,504,0
91,171,2767,2393,1519,1618,0
91,172,2767,2393,1392,2416,0
91,173,2767,2393,1843,947,0
91,174,2767,2393,1387,1345,0
91,175,2767,2393,2479,1210,0
91,176,2767,2393,1555,1680,0
91,177,2767,2393,160,2470,0
91,178,2767,2393,2692,2143,0
91,179,2767,2393,158,2357,0
91,180,2767,2393,2335,890,0
91,181,2767,2393,1761,1075,0
91,182,2767,2393,2099,406,0
92,0,1270,693,1639,2892,0
92,1,1270,693,1329,745,0
92,2,1270,693,443,1218,0
92,3,1270,693,2514,1181,0
92,4,1270,693,2286,223,0
92,5,1270,693,595,2408,0
92,6,1270,693,1383,2289,0
92,7,1270,693,1795,201,0
92,8,1270,693,2598,838,0
92,9,1270,693,813,1715,0
92,10,1270,693,1135,391,0
92,11,1270,693,1132,1878,0
92,12,1270,693,2041,661,0
92,13,1270,693,1434,670,0
92,14,1270,693,300,623,0
92,15,1270,693,1559,2032,0
92,16,1270,693,1224,2119,0
92,17,1270,693,838,460,0
92,18,1270,693,352,2688,0
92,19,1270,693,2179,352,0
92,20,1270,693,525,672,0
92,21,1270,693,1652,2883,0
92,22,1270,693,1373,2660,0
92,23,1270,693,2814,1659,0
92,24,1270,693,1449,1659,0
92,25,1270,693,2305,1303,0
92,26,1270,693,769,677,0
92,27,1270,693,2295,2940,0
92,28,1270,693,577,2880,0
92,29,1270,693,1614,2810,0
92,30,1270,693,47,1395,0
92,31,1270,693,2664,803,0
92,32,1270,693,2309,2153,0
92,33,1270,693,2074,2182,0
92,34,1270,693,1554,11,0
92,35,1270,693,1400,2146,0
92,36,1270,693,1795,740,0
92,37,1270,693,931,567,0
92,38,1270,693,1254,1779,0
92,39,1270,693,45,883,0
92,40,1270,693,1359,119,0
92,41,1270,693,2127,1277,0
92,42,1270,693,2925,1375,0
92,43,1270,693,2505,1463,0
92,44,1270,693,1791,2744,0
92,45,1270,693,1916,1718,0
92,46,1270,693,167,2831,0
92,47,1270,693,2315,236,0
92,48,1270,693,1902,1139,0
92,49,1270,693,1443,2554,0
92,50,1270,693,194,2519,0
92,51,1270,693,301,248,0
92,52,1270,693,934,2502,0
92,53,1270,693,343,1045,0
92,54,1270,693,1542,1250,0
92,55,1270,693,2149,1171,0
92,56,1270,693,2055,1783,0
92,57,1270,693,941,1993,0
92,58,1270,693,123,1452,0
92,59,1270,693,2845,2865,0
92,60,1270,693,1089,2442,0
92,61,1270,693,859,1946,0
92,62,1270,693,1024,191,0
92,63,1270,693,640,1179,0
92,64,1270,693,2225,946,0
92,65,1270,693,349,822,0
92,66,1270,693,826,2377,0
92,67,1270,693,1638,96,0
92,68,1270,693,2727,990,0
92,69,1270,693,2915,1910,0
92,70,1270,693,1406,1407,0
92,71,1270,693,2216,2614,0
92,72,1270,693,1497,453,0
92,73,1270,693,1462,1798,0
92,74,1270,693,1212,215,0
92,75,1270,693,2881,2014,0
92,76,1270,693,32,1929,0
92,77,1270,693,2695,266,0
92,78,1270,693,2042,2855,0
92,79,1270,693,193,1354,0
92,80,1270,693,123,892,0
92,81,1270,693,2391,199,0
92,82,1270,693,738,1556,0
92,83,1270,693,656,1512,0
92,84,1270,693,2081,2886,0
92,85,1270,693,2720,2097,0
92,86,1270,693,2245,1289,0
92,87,1270,693,714,2990,0
92,88,1270,693,2800,641,0
92,89,1270,693,2389,2741,0
92,90,1270,693,538,2170,0
92,91,1270,693,2767,2393,0
92,93,1270,693,2649,133,0
92,94,1270,693,782,2023,0
92,95,1270,693,551,1308,0
92,96,1270,693,2784,254,0
92,97,1270,693,2443,1306,0
92,98,1270,693,1619,1722,0
92,99,1270,693,508,1060,0
92,100,1270,693,2201,1345,0
92,101,1270,693,2587,861,0
92,102,1270,693,2593,412,0
92,103,1270,693,2995,1976,0
92,104,1270,693,2546,755,0
92,105,1270,693,1384,10,0
92,106,1270,693,1458,697,0
92,107,1270,693,52,2157,0
92,108,1270,693,2017,217,0
92,109,1270,693,2750,1252,0
92,110,1270,693,1972,2182,0
92,111,1270,693,736,1220,0
92,112,1270,693,1701,2178,0
92,113,1270,693,27,769,0
92,114,1270,693,148,1215,0
92,115,1270,693,1308,917,0
92,116,1270,693,579,885,0
92,117,1270,693,2737,2060,0
92,118,1270,693,1739,2828,0
92,119,1270,693,1339,2055,0
92,120,1270,693,1479,618,0
92,121,1270,693,1518,2678,0
92,122,1270,693,2663,2085,0
92,123,1270,693,1536,440,0
92,124,1270,693,2347,485,0
92,125,1270,693,2244,1545,0
92,126,1270,693,1821,2562,0
92,127,1270,693,1162,1754,0
92,128,1270,693,476,1205,0
92,129,1270,693,1692,876,0
92,130,1270,693,300,1205,0
92,131,1270,693,2003,1714,0
92,132,1270,693,381,1336,0
92,133,1270,693,2948,2728,0
92,134,1270,693,1258,2583,0
92,135,1270,693,1121,2987,0
92,136,1270,693,2245,575,0
92,137,1270,693,721,430,0
92,138,1270,693,1441,992,0
92,139,1270,693,2326,2998,0
92,140,1270,693,976,329,0
92,141,1270,693,2900,191,0
92,142,1270,693,1962,1771,0
92,143,1270,693,238,1665,0
92,144,1270,693,295,1936,0
92,145,1270,693,1854,141,0
92,146,1270,693,2927,2918,0
92,147,1270,693,652,2117,0
92,148,1270,693,1281,1593,0
92,149,1270,693,1093,2355,0
92,150,1270,693,821,2889,0
92,151,1270,693,2640,293,0
92,152,1270,693,2213,1092,0
92,153,1270,693,2554,526,0
92,154,1270,693,773,2759,0
92,155,1270,693,2398,2598,0
92,156,1270,693,352,1773,0
92,157,1270,693,136,1123,0
92,158,1270,693,2533,1961,0
92,159,1270,693,1274,2648,0
92,160,1270,693,2856,1016,0
92,161,1270,693,723,68,0
92,162,1270,693,1849,735,0
92,163,1270,693,1750,564,0
92,164,1270,693,21,376,0
92,165,1270,693,2035,939,0
92,166,1270,693,1752,1825,0
92,167,1270,693,2384,871,0
92,168,1270,693,1034,788,1
92,169,1270,693,1867,2645,0
92,170,1270,693,940,504,0
92,171,1270,693,1519,1618,0
92,172,1270,693,1392,2416,0
92,173,1270,693,1843,947,0
92,174,1270,693,1387,1345,0
92,175,1270,693,2479,1210,0
92,176,1270,693,1555,1680,0
92,177,1270,693,160,2470,0
92,178,1270,693,2692,2143,0
92,179,1270,693,158,2357,0
92,180,1270,693,2335,890,0
92,181,1270,693,1761,1075,0
92,182,1270,693,2099,406,0
93,0,2649,133,1639,2892,0
93,1,2649,133,1329,745,0
93,2,2649,133,443,1218,0
93,3,2649,133,2514,1181,0
93,4,2649,133,2286,223,0
93,5,2649,133,595,2408,0
93,6,2649,133,1383,2289,0
93,7,2649,133,1795,201,0
93,8,2649,133,2598,838,0
93,9,2649,133,813,1715,0
93,10,2649,133,1135,391,0
93,11,2649,133,1132,1878,0
93,12,2649,133,2041,661,0
93,13,2649,133,1434,670,0
93,14,2649,133,300,623,0
93,15,2649,133,1559,2032,0
93,16,2649,133,1224,2119,0
93,17,2649,133,838,460,0
93,18,2649,133,352,2688,0
93,19,2649,133,2179,352,0
93,20,2649,133,525,672,0
93,21,2649,133,1652,2883,0
93,22,2649,133,1373,2660,0
93,23,2649,133,2814,1659,0
93,24,2649,133,1449,1659,0
93,25,2649,133,2305,1303,0
93,26,2649,133,769,677,0
93,27,2649,133,2295,2940,0
93,28,2649,133,577,2880,0
93,29,2649,133,1614,2810,0
93,30,2649,133,47,1395,0
93,31,2649,133,2664,803,0
93,32,2649,133,2309,2153,0
93,33,2649,133,2074,2182,0
93,34,2649,133,1554,11,0
93,35,2649,133,1400,2146,0
93,36,2649,133,1795,740,0
93,37,2649,133,931,567,0
93,38,2649,133,1254,1779,0
93,39,2649,133,45,883,0
93,40,2649,133,1359,119,0
93,41,2649,133,2127,1277,0
93,42,2649,133,2925,1375,0
93,43,2649,133,2505,1463,0
93,44,2649,133,1791,2744,0
93,45,2649,133,1916,1718,0
93,46,2649,133,167,2831,0
93,47,2649,133,2315,236,0
93,48,2649,133,1902,1139,0
93,49,2649,133,1443,2554,0
93,50,2649,133,194,2519,0
93,51,2649,133,301,248,0
93,52,2649,133,934,2502,0
93,53,2649,133,343,1045,0
93,54,2649,133,1542,1250,0
93,55,2649,133,2149,1171,0
93,56,2649,133,2055,1783,0
93,57,2649,133,941,1993,0
93,58,2649,133,123,1452,0
93,59,2649,133,2845,2865,0
93,60,2649,133,1089,2442,0
93,61,2649,133,859,1946,0
93,62,2649,133,1024,191,0
93,63,2649,133,640,1179,0
93,64,2649,133,2225,946,0
93,65,2649,133,349,822,0
93,66,2649,133,826,2377,0
93,67,2649,133,1638,96,0
93,68,2649,133,2727,990,0
93,69,2649,133,2915,1910,0
93,70,2649,133,1406,1407,0
93,71,2649,133,2216,2614,0
93,72,2649,133,1497,453,0
93,73,2649,133,1462,1798,0
93,74,2649,133,1212,215,0
93,75,2649,133,2881,2014,0
93,76,2649,133,32,1929,0
93,77,2649,133,2695,266,0
93,78,2649,133,2042,2855,0
93,79,2649,133,193,1354,0
93,80,2649,133,123,892,0
93,81,2649,133,2391,199,0
93,82,2649,133,738,1556,0
93,83,2649,133,656,1512,0
93,84,2649,133,2081,2886,0
93,85,2649,133,2720,2097,0
93,86,2649,133,2245,1289,0
93,87,2649,133,714,2990,0
93,88,2649,133,2800,641,0
93,89,2649,133,2389,2741,0
93,90,2649,133,538,2170,0
93,91,2649,133,2767,2393,0
93,92,2649,133,1270,693,0
93,94,2649,133,782,2023,0
93,95,2649,133,551,1308,0
93,96,2649,133,2784,254,0
93,97,2649,133,2443,1306,0
93,98,2649,133,1619,1722,0
93,99,2649,133,508,1060,0
93,100,2649,133,2201,1345,0
93,101,2649,133,2587,861,0
93,102,2649,133,2593,412,0
93,103,2649,133,2995,1976,0
93,104,2649,133,2546,755,0
93,105,2649,133,1384,10,0
93,106,2649,133,1458,697,0
93,107,2649,133,52,2157,0
93,108,2649,133,2017,217,0
93,109,2649,133,2750,1252,0
93,110,2649,133,1972,2182,0
93,111,2649,133,736,1220,0
93,112,2649,133,1701,2178,0
93,113,2649,133,27,769,0
93,114,2649,133,148,1215,0
93,115,2649,133,1308,917,0
93,116,2649,133,579,885,0
93,117,2649,133,2737,2060,0
93,118,2649,133,1739,2828,0
93,119,2649,133,1339,2055,0
93,120,2649,133,1479,618,0
93,121,2649,133,1518,2678,0
93,122,2649,133,2663,2085,0
93,123,2649,133,1536,440,0
93,124,2649,133,2347,485,0
93,125,2649,133,2244,1545,0
93,126,2649,133,1821,2562,0
93,127,2649,133,1162,1754,0
93,128,2649,133,476,1205,0
93,129,2649,133,1692,876,0
93,130,2649,133,300,1205,0
93,131,2649,133,2003,1714,0
93,132,2649,133,381,1336,0
93,133,2649,133,2948,2728,0
93,134,2649,133,1258,2583,0
93,135,2649,133,1121,2987,0
93,136,2649,133,2245,575,0
93,137,2649,133,721,430,0
93,138,2649,133,1441,992,0
93,139,2649,133,2326,2998,0
93,140,2649,133,976,329,0
93,141,2649,133,2900,191,1
93,142,2649,133,1962,1771,0
93,143,2649,133,238,1665,0
93,144,2649,133,295,1936,0
93,145,2649,133,1854,141,0
93,146,2649,133,2927,2918,0
93,147,2649,133,652,2117,0
93,148,2649,133,1281,1593,0
93,149,2649,133,1093,2355,0
93,150,2649,133,821,2889,0
93,151,2649,133,2640,293,0
93,152,2649,133,2213,1092,0
93,153,2649,133,2554,526,0
93,154,2649,133,773,2759,0
93,155,2649,133,2398,2598,0
93,156,2649,133,352,1773,0
93,157,2649,133,136,1123,0
93,158,2649,133,2533,1961,0
93,159,2649,133,1274,2648,0
93,160,2649,133,2856,1016,0
93,161,2649,133,723,68,0
93,162,2649,133,1849,735,0
93,163,2649,133,1750,564,0
93,164,2649,133,21,376,0
93,165,2649,133,2035,939,0
93,166,2649,133,1752,1825,0
93,167,2649,133,2384,871,0
93,168,2649,133,1034,788,0
93,169,2649,133,1867,2645,0
93,170,2649,133,940,504,0
93,171,2649,133,1519,1618,0
93,172,2649,133,1392,2416,0
93,173,2649,133,1843,947,0
93,174,2649,133,1387,1345,0
93,175,2649,133,2479,1210,0
93,176,2649,133,1555,1680,0
93,177,2649,133,160,2470,0
93,178,2649,133,2692,2143,0
93,179,2649,133,158,2357,0
93,180,2649,133,2335,890,0
93,181,2649,133,1761,1075,0
93,182,2649,133,2099,406,0
94,0,782,2023,1639,2892,0
94,1,782,2023,1329,745,0
94,2,782,2023,443,1218,0
94,3,782,2023,2514,1181,0
94,4,782,2023,2286,223,0
94,5,782,2023,595,2408,0
94,6,782,2023,1383,2289,0
94,7,782,2023,1795,201,0
94,8,782,2023,2598,838,0
94,9,782,2023,813,1715,0
94,10,782,2023,1135,391,0
94,11,782,2023,1132,1878,0
94,12,782,2023,2041,661,0
94,13,782,2023,1434,670,0
94,14,782,2023,300,623,0
94,15,782,2023,1559,2032,0
94,16,782,2023,1224,2119,0
94,17,782,2023,838,460,0
94,18,782,2023,352,2688,0
94,19,782,2023,2179,352,0
94,20,782,2023,525,672,0
94,21,782,2023,1652,2883,0
94,22,782,2023,1373,2660,0
94,23,782,2023,2814,1659,0
94,24,782,2023,1449,1659,0
94,25,782,2023,2305,1303,0
94,26,782,2023,769,677,0
94,27,782,2023,2295,2940,0
94,28,782,2023,577,2880,0
94,29,782,2023,1614,2810,0
94,30,782,2023,47,1395,0
94,31,782,2023,2664,803,0
94,32,782,2023,2309,2153,0
94,33,782,2023,2074,2182,0
94,34,782,2023,1554,11,0
94,35,782,2023,1400,2146,0
94,36,782,2023,1795,740,0
94,37,782,2023,931,567,0
94,38,782,2023,1254,1779,0
94,39,782,2023,45,883,0
94,40,782,2023,1359,119,0
94,41,782,2023,2127,1277,0
94,42,782,2023,2925,1375,0
94,43,782,2023,2505,1463,0
94,44,782,2023,1791,2744,0
94,45,782,2023,1916,1718,0
94,46,782,2023,167,2831,0
94,47,782,2023,2315,236,0
94,48,782,2023,1902,1139,0
94,49,782,2023,1443,2554,0
94,50,782,2023,194,2519,0
94,51,782,2023,301,248,0
94,52,782,2023,934,2502,0
94,53,782,2023,343,1045,0
94,54,782,2023,1542,1250,0
94,55,782,2023,2149,1171,0
94,56,782,2023,2055,1783,0
94,57,782,2023,941,1993,0
94,58,782,2023,123,1452,0
94,59,782,2023,2845,2865,0
94,60,782,2023,1089,2442,0
94,61,782,2023,859,1946,0
94,62,782,2023,1024,191,0
94,63,782,2023,640,1179,0
94,64,782,2023,2225,946,0
94,65,782,2023,349,822,0
94,66,782,2023,826,2377,0
94,67,782,2023,1638,96,0
94,68,782,2023,2727,990,0
94,69,782,2023,2915,1910,0
94,70,782,2023,1406,1407,0
94,71,782,2023,2216,2614,0
94,72,782,2023,1497,453,0
94,73,782,2023,1462,1798,0
94,74,782,2023,1212,215,0
94,75,782,2023,2881,2014,0
94,76,782,2023,32,1929,0
94,77,782,2023,2695,266,0
94,78,782,2023,2042,2855,0
94,79,782,2023,193,1354,0
94,80,782,2023,123,892,0
94,81,782,2023,2391,199,0
94,82,782,2023,738,1556,0
94,83,782,2023,656,1512,0
94,84,782,2023,2081,2886,0
94,85,782,2023,2720,2097,0
94,86,782,2023,2245,1289,0
94,87,782,2023,714,2990,0
94,88,782,2023,2800,641,0
94,89,782,2023,2389,2741,0
94,90,782,2023,538,2170,0
94,91,782,2023,2767,2393,0
94,92,782,2023,1270,693,0
94,93,782,2023,2649,133,0
94,95,782,2023,551,1308,0
94,96,782,2023,2784,254,0
94,97,782,2023,2443,1306,0
94,98,782,2023,1619,1722,0
94,99,782,2023,508,1060,0
94,100,782,2023,2201,1345,0
94,101,782,2023,2587,861,0
94,102,782,2023,2593,412,0
94,103,782,2023,2995,1976,0
94,104,782,2023,2546,755,0
94,105,782,2023,1384,10,0
94,106,782,2023,1458,697,0
94,107,782,2023,52,2157,0
94,108,782,2023,2017,217,0
94,109,782,2023,2750,1252,0
94,110,782,2023,1972,2182,0
94,111,782,2023,736,1220,0
94,112,782,2023,1701,2178,0
94,113,782,2023,27,769,0
94,114,782,2023,148,1215,0
94,115,782,2023,1308,917,0
94,116,782,2023,579,885,0
94,117,782,2023,2737,2060,0
94,118,782,2023,1739,2828,0
94,119,782,2023,1339,2055,0
94,120,782,2023,1479,618,0
94,121,782,2023,1518,2678,0
94,122,782,2023,2663,2085,0
94,123,782,2023,1536,440,0
94,124,782,2023,2347,485,0
94,125,782,2023,2244,1545,0
94,126,782,2023,1821,2562,0
94,127,782,2023,1162,1754,0
94,128,782,2023,476,1205,0
94,129,782,2023,1692,876,0
94,130,782,2023,300,1205,0
94,131,782,2023,2003,1714,0
94,132,782,2023,381,1336,0
94,133,782,2023,2948,2728,0
94,134,782,2023,1258,2583,0
94,135,782,2023,1121,2987,0
94,136,782,2023,2245,575,0
94,137,782,2023,721,430,0
94,138,782,2023,1441,992,0
94,139,782,2023,2326,2998,0
94,140,782,2023,976,329,0
94,141,782,2023,2900,191,0
94,142,782,2023,1962,1771,0
94,143,782,2023,238,1665,0
94,144,782,2023,295,1936,0
94,145,782,2023,1854,141,0
94,146,782,2023,2927,2918,0
94,147,782,2023,652,2117,1
94,148,782,2023,1281,1593,0
94,149,782,2023,1093,2355,0
94,150,782,2023,821,2889,0
94,151,782,2023,2640,293,0
94,152,782,2023,2213,1092,0
94,153,782,2023,2554,526,0
94,154,782,2023,773,2759,0
94,155,782,2023,2398,2598,0
94,156,782,2023,352,1773,0
94,157,782,2023,136,1123,0
94,158,782,2023,2533,1961,0
94,159,782,2023,1274,2648,0
94,160,782,2023,2856,1016,0
94,161,782,2023,723,68,0
94,162,782,2023,1849,735,0
94,163,782,2023,1750,564,0
94,164,782,2023,21,376,0
94,165,782,2023,2035,939,0
94,166,782,2023,1752,1825,0
94,167,782,2023,2384,871,0
94,168,782,2023,1034,788,0
94,169,782,2023,1867,2645,0
94,170,782,2023,940,504,0
94,171,782,2023,1519,1618,0
94,172,782,2023,1392,2416,0
94,173,782,2023,1843,947,0
94,174,782,2023,1387,1345,0
94,175,782,2023,2479,1210,0
94,176,782,2023,1555,1680,0
94,177,782,2023,160,2470,0
94,178,782,2023,2692,2143,0
94,179,782,2023,158,2357,0
94,180,782,2023,2335,890,0
94,181,782,2023,1761,1075,0
94,182,782,2023,2099,406,0
95,0,551,1308,1639,2892,0
95,1,551,1308,1329,745,0
95,2,551,1308,443,1218,0
95,3,551,1308,2514,1181,0
95,4,551,1308,2286,223,0
95,5,551,1308,595,2408,0
95,6,551,1308,1383,2289,0
95,7,551,1308,1795,201,0
95,8,551,1308,2598,838,0
95,9,551,1308,813,1715,0
95,10,551,1308,1135,391,0
95,11,551,1308,1132,1878,0
95,12,551,1308,2041,661,0
95,13,551,1308,1434,670,0
95,14,551,1308,300,623,0
95,15,551,1308,1559,2032,0
95,16,551,1308,1224,2119,0
95,17,551,1308,838,460,0
95,18,551,1308,352,2688,0
95,19,551,1308,2179,352,0
95,20,551,1308,525,672,0
95,21,551,1308,1652,2883,0
95,22,551,1308,1373,2660,0
95,23,551,1308,2814,1659,0
95,24,551,1308,1449,1659,0
95,25,551,1308,2305,1303,0
95,26,551,1308,769,677,0
95,27,551,1308,2295,2940,0
95,28,551,1308,577,2880,0
95,29,551,1308,1614,2810,0
95,30,551,1308,47,1395,0
95,31,551,1308,2664,803,0
95,32,551,1308,2309,2153,0
95,33,551,1308,2074,2182,0
95,34,551,1308,1554,11,0
95,35,551,1308,1400,2146,0
95,36,551,1308,1795,740,0
95,37,551,1308,931,567,0
95,38,551,1308,1254,1779,0
95,39,551,1308,45,883,0
95,40,551,1308,1359,119,0
95,41,551,1308,2127,1277,0
95,42,551,1308,2925,1375,0
95,43,551,1308,2505,1463,0
95,44,551,1308,1791,2744,0
95,45,551,1308,1916,1718,0
95,46,551,1308,167,2831,0
95,47,551,1308,2315,236,0
95,48,551,1308,1902,1139,0
95,49,551,1308,1443,2554,0
95,50,551,1308,194,2519,0
95,51,551,1308,301,248,0
95,52,551,1308,934,2502,0
95,53,551,1308,343,1045,0
95,54,551,1308,1542,1250,0
95,55,551,1308,2149,1171,0
95,56,551,1308,2055,1783,0
95,57,551,1308,941,1993,0
95,58,551,1308,123,1452,0
95,59,551,1308,2845,2865,0
95,60,551,1308,1089,2442,0
95,61,551,1308,859,1946,0
95,62,551,1308,1024,191,0
95,63,551,1308,640,1179,1
95,64,551,1308,2225,946,0
95,65,551,1308,349,822,0
95,66,551,1308,826,2377,0
95,67,551,1308,1638,96,0
95,68,551,1308,2727,990,0
95,69,551,1308,2915,1910,0
95,70,551,1308,1406,1407,0
95,71,551,1308,2216,2614,0
95,72,551,1308,1497,453,0
95,73,551,1308,1462,1798,0
95,74,551,1308,1212,215,0
95,75,551,1308,2881,2014,0
95,76,551,1308,32,1929,0
95,77,551,1308,2695,266,0
95,78,551,1308,2042,2855,0
95,79,551,1308,193,1354,0
95,80,551,1308,123,892,0
95,81,551,1308,2391,199,0
95,82,551,1308,738,1556,0
95,83,551,1308,656,1512,0
95,84,551,1308,2081,2886,0
95,85,551,1308,2720,2097,0
95,86,551,1308,2245,1289,0
95,87,551,1308,714,2990,0
95,88,551,1308,2800,641,0
95,89,551,1308,2389,2741,0
95,90,551,1308,538,2170,0
95,91,551,1308,2767,2393,0
95,92,551,1308,1270,693,0
95,93,551,1308,2649,133,0
95,94,551,1308,782,2023,0
95,96,551,1308,2784,254,0
95,97,551,1308,2443,1306,0
95,98,551,1308,1619,1722,0
95,99,551,1308,508,1060,0
95,100,551,1308,2201,1345,0
95,101,551,1308,2587,861,0
95,102,551,1308,2593,412,0
95,103,551,1308,2995,1976,0
95,104,551,1308,2546,755,0
95,105,551,1308,1384,10,0
95,106,551,1308,1458,697,0
95,107,551,1308,52,2157,0
95,108,551,1308,2017,217,0
95,109,551,1308,2750,1252,0
95,110,551,1308,1972,2182,0
95,111,551,1308,736,1220,0
95,112,551,1308,1701,2178,0
95,113,551,1308,27,769,0
95,114,551,1308,148,1215,0
95,115,551,1308,1308,917,0
95,116,551,1308,579,885,0
95,117,551,1308,2737,2060,0
95,118,551,1308,1739,2828,0
95,119,551,1308,1339,2055,0
95,120,551,1308,1479,618,0
95,121,551,1308,1518,2678,0
95,122,551,1308,2663,2085,0
95,123,551,1308,1536,440,0
95,124,551,1308,2347,485,0
95,125,551,1308,2244,1545,0
95,126,551,1308,1821,2562,0
95,127,551,1308,1162,1754,0
95,128,551,1308,476,1205,0
95,129,551,1308,1692,876,0
95,130,551,1308,300,1205,0
95,131,551,1308,2003,1714,0
95,132,551,1308,381,1336,0
95,133,551,1308,2948,2728,0
95,134,551,1308,1258,2583,0
95,135,551,1308,1121,2987,0
95,136,551,1308,2245,575,0
95,137,551,1308,721,430,0
95,138,551,1308,1441,992,0
95,139,551,1308,2326,2998,0
95,140,551,1308,976,329,0
95,141,551,1308,2900,191,0
95,142,551,1308,1962,1771,0
95,143,551,1308,238,1665,0
95,144,551,1308,295,1936,0
95,145,551,1308,1854,141,0
95,146,551,1308,2927,2918,0
95,147,551,1308,652,2117,0
95,148,551,1308,1281,1593,0
95,149,551,1308,1093,2355,0
95,150,551,1308,821,2889,0
95,151,551,1308,2640,293,0
95,152,551,1308,2213,1092,0
95,153,551,1308,2554,526,0
95,154,551,1308,773,2759,0
95,155,551,1308,2398,2598,0
95,156,551,1308,352,1773,0
95,157,551,1308,136,1123,0
95,158,551,1308,2533,1961,0
95,159,551,1308,1274,2648,0
95,160,551,1308,2856,1016,0
95,161,551,1308,723,68,0
95,162,551,1308,1849,735,0
95,163,551,1308,1750,564,0
95,164,551,1308,21,376,0
95,165,551,1308,2035,939,0
95,166,551,1308,1752,1825,0
95,167,551,1308,2384,871,0
95,168,551,1308,1034,788,0
95,169,551,1308,1867,2645,0
95,170,551,1308,940,504,0
95,171,551,1308,1519,1618,0
95,172,551,1308,1392,2416,0
95,173,551,1308,1843,947,0
95,174,551,1308,1387,1345,0
95,175,551,1308,2479,1210,0
95,176,551,1308,1555,1680,0
95,177,551,1308,160,2470,0
95,178,551,1308,2692,2143,0
95,179,551,1308,158,2357,0
95,180,551,1308,2335,890,0
95,181,551,1308,1761,1075,0
95,182,551,1308,2099,406,0
96,0,2784,254,1639,2892,0
96,1,2784,254,1329,745,0
96,2,2784,254,443,1218,0
96,3,2784,254,2514,1181,0
96,4,2784,254,2286,223,0
96,5,2784,254,595,2408,0
96,6,2784,254,1383,2289,0
96,7,2784,254,1795,201,0
96,8,2784,254,2598,838,0
96,9,2784,254,813,1715,0
96,10,2784,254,1135,391,0
96,11,2784,254,1132,1878,0
96,12,2784,254,2041,661,0
96,13,2784,254,1434,670,0
96,14,2784,254,300,623,0
96,15,2784,254,1559,2032,0
96,16,2784,254,1224,2119,0
96,17,2784,254,838,460,0
96,18,2784,254,352,2688,0
96,19,2784,254,2179,352,0
96,20,2784,254,525,672,0
96,21,2784,254,1652,2883,0
96,22,2784,254,1373,2660,0
96,23,2784,254,2814,1659,0
96,24,2784,254,1449,1659,0
96,25,2784,254,2305,1303,0
96,26,2784,254,769,677,0
96,27,2784,254,2295,2940,0
96,28,2784,254,577,2880,0
96,29,2784,254,1614,2810,0
96,30,2784,254,47,1395,0
96,31,2784,254,2664,803,0
96,32,2784,254,2309,2153,0
96,33,2784,254,2074,2182,0
96,34,2784,254,1554,11,0
96,35,2784,254,1400,2146,0
96,36,2784,254,1795,740,0
96,37,2784,254,931,567,0
96,38,2784,254,1254,1779,0
96,39,2784,254,45,883,0
96,40,2784,254,1359,119,0
96,41,2784,254,2127,1277,0
96,42,2784,254,2925,1375,0
96,43,2784,254,2505,1463,0
96,44,2784,254,1791,2744,0
96,45,2784,254,1916,1718,0
96,46,2784,254,167,2831,0
96,47,2784,254,2315,236,0
96,48,2784,254,1902,1139,0
96,49,2784,254,1443,2554,0
96,50,2784,254,194,2519,0
96,51,2784,254,301,248,0
96,52,2784,254,934,2502,0
96,53,2784,254,343,1045,0
96,54,2784,254,1542,1250,0
96,55,2784,254,2149,1171,0
96,56,2784,254,2055,1783,0
96,57,2784,254,941,1993,0
96,58,2784,254,123,1452,0
96,59,2784,254,2845,2865,0
96,60,2784,254,1089,2442,0
96,61,2784,254,859,1946,0
96,62,2784,254,1024,191,0
96,63,2784,254,640,1179,0
96,64,2784,254,2225,946,0
96,65,2784,254,349,822,0
96,66,2784,254,826,2377,0
96,67,2784,254,1638,96,0
96,68,2784,254,2727,990,0
96,69,2784,254,2915,1910,0
96,70,2784,254,1406,1407,0
96,71,2784,254,2216,2614,0
96,72,2784,254,1497,453,0
96,73,2784,254,1462,1798,0
96,74,2784,254,1212,215,0
96,75,2784,254,2881,2014,0
96,76,2784,254,32,1929,0
96,77,2784,254,2695,266,1
96,78,2784,254,2042,2855,0
96,79,2784,254,193,1354,0
96,80,2784,254,123,892,0
96,81,2784,254,2391,199,0
96,82,2784,254,738,1556,0
96,83,2784,254,656,1512,0
96,84,2784,254,2081,2886,0
96,85,2784,254,2720,2097,0
96,86,2784,254,2245,1289,0
96,87,2784,254,714,2990,0
96,88,2784,254,2800,641,0
96,89,2784,254,2389,2741,0
96,90,2784,254,538,2170,0
96,91,2784,254,2767,2393,0
96,92,2784,254,1270,693,0
96,93,2784,254,2649,133,0
96,94,2784,254,782,2023,0
96,95,2784,254,551,1308,0
96,97,2784,254,2443,1306,0
96,98,2784,254,1619,1722,0
96,99,2784,254,508,1060,0
96,100,2784,254,2201,1345,0
96,101,2784,254,2587,861,0
96,102,2784,254,2593,412,0
96,103,2784,254,2995,1976,0
96,104,2784,254,2546,755,0
96,105,2784,254,1384,10,0
96,106,2784,254,1458,697,0
96,107,2784,254,52,2157,0
96,108,2784,254,2017,217,0
96,109,2784,254,2750,1252,0
96,110,2784,254,1972,2182,0
96,111,2784,254,736,1220,0
96,112,2784,254,1701,2178,0
96,113,2784,254,27,769,0
96,114,2784,254,148,1215,0
96,115,2784,254,1308,917,0
96,116,2784,254,579,885,0
96,117,2784,254,2737,2060,0
96,118,2784,254,1739,2828,0
96,119,2784,254,1339,2055,0
96,120,2784,254,1479,618,0
96,121,2784,254,1518,2678,0
96,122,2784,254,2663,2085,0
96,123,2784,254,1536,440,0
96,124,2784,254,2347,485,0
96,125,2784,254,2244,1545,0
96,126,2784,254,1821,2562,0
96,127,2784,254,1162,1754,0
96,128,2784,254,476,1205,0
96,129,2784,254,1692,876,0
96,130,2784,254,300,1205,0
96,131,2784,254,2003,1714,0
96,132,2784,254,381,1336,0
96,133,2784,254,2948,2728,0
96,134,2784,254,1258,2583,0
96,135,2784,254,1121,2987,0
96,136,2784,254,2245,575,0
96,137,2784,254,721,430,0
96,138,2784,254,1441,992,0
96,139,2784,254,2326,2998,0
96,140,2784,254,976,329,0
96,141,2784,254,2900,191,0
96,142,2784,254,1962,1771,0
96,143,2784,254,238,1665,0
96,144,2784,254,295,1936,0
96,145,2784,254,1854,141,0
96,146,2784,254,2927,2918,0
96,147,2784,254,652,2117,0
96,148,2784,254,1281,1593,0
96,149,2784,254,1093,2355,0
96,150,2784,254,821,2889,0
96,151,2784,254,2640,293,0
96,152,2784,254,2213,1092,0
96,153,2784,254,2554,526,0
96,154,2784,254,773,2759,0
96,155,2784,254,2398,2598,0
96,156,2784,254,352,1773,0
96,157,2784,254,136,1123,0
96,158,2784,254,2533,1961,0
96,159,2784,254,1274,2648,0
96,160,2784,254,2856,1016,0
96,161,2784,254,723,68,0
96,162,2784,254,1849,735,0
96,163,2784,254,1750,564,0
96,164,2784,254,21,376,0
96,165,2784,254,2035,939,0
96,166,2784,254,1752,1825,0
96,167,2784,254,2384,871,0
96,168,2784,254,1034,788,0
96,169,2784,254,1867,2645,0
96,170,2784,254,940,504,0
96,171,2784,254,1519,1618,0
96,172,2784,254,1392,2416,0
96,173,2784,254,1843,947,0
96,174,2784,254,1387,1345,0
96,175,2784,254,2479,1210,0
96,176,2784,254,1555,1680,0
96,177,2784,254,160,2470,0
96,178,2784,254,2692,2143,0
96,179,2784,254,158,2357,0
96,180,2784,254,2335,890,0
96,181,2784,254,1761,1075,0
96,182,2784,254,2099,406,0
97,0,2443,1306,1639,2892,0
97,1,2443,1306,1329,745,0
97,2,2443,1306,443,1218,0
97,3,2443,1306,2514,1181,0
97,4,2443,1306,2286,223,0
97,5,2443,1306,595,2408,0
97,6,2443,1306,1383,2289,0
97,7,2443,1306,1795,201,0
97,8,2443,1306,2598,838,0
97,9,2443,1306,813,1715,0
97,10,2443,1306,1135,391,0
97,11,2443,1306,1132,1878,0
97,12,2443,1306,2041,661,0
97,13,2443,1306,1434,670,0
97,14,2443,1306,300,623,0
97,15,2443,1306,1559,2032,0
97,16,2443,1306,1224,2119,0
97,17,2443,1306,838,460,0
97,18,2443,1306,352,2688,0
97,19,2443,1306,2179,352,0
97,20,2443,1306,525,672,0
97,21,2443,1306,1652,2883,0
97,22,2443,1306,1373,2660,0
97,23,2443,1306,2814,1659,0
97,24,2443,1306,1449,1659,0
97,25,2443,1306,2305,1303,0
97,26,2443,1306,769,677,0
97,27,2443,1306,2295,2940,0
97,28,2443,1306,577,2880,0
97,29,2443,1306,1614,2810,0
97,30,2443,1306,47,1395,0
97,31,2443,1306,2664,803,0
97,32,2443,1306,2309,2153,0
97,33,2443,1306,2074,2182,0
97,34,2443,1306,1554,11,0
97,35,2443,1306,1400,2146,0
97,36,2443,1306,1795,740,0
97,37,2443,1306,931,567,0
97,38,2443,1306,1254,1779,0
97,39,2443,1306,45,883,0
97,40,2443,1306,1359,119,0
97,41,2443,1306,2127,1277,0
97,42,2443,1306,2925,1375,0
97,43,2443,1306,2505,1463,0
97,44,2443,1306,1791,2744,0
97,45,2443,1306,1916,1718,0
97,46,2443,1306,167,2831,0
97,47,2443,1306,2315,236,0
97,48,2443,1306,1902,1139,0
97,49,2443,1306,1443,2554,0
97,50,2443,1306,194,2519,0
97,51,2443,1306,301,248,0
97,52,2443,1306,934,2502,0
97,53,2443,1306,343,1045,0
97,54,2443,1306,1542,1250,0
97,55,2443,1306,2149,1171,0
97,56,2443,1306,2055,1783,0
97,57,2443,1306,941,1993,0
97,58,2443,1306,123,1452,0
97,59,2443,1306,2845,2865,0
97,60,2443,1306,1089,2442,0
97,61,2443,1306,859,1946,0
97,62,2443,1306,1024,191,0
97,63,2443,1306,640,1179,0
97,64,2443,1306,2225,946,0
97,65,2443,1306,349,822,0
97,66,2443,1306,826,2377,0
97,67,2443,1306,1638,96,0
97,68,2443,1306,2727,990,0
97,69,2443,1306,2915,1910,0
97,70,2443,1306,1406,1407,0
97,71,2443,1306,2216,2614,0
97,72,2443,1306,1497,453,0
97,73,2443,1306,1462,1798,0
97,74,2443,1306,1212,215,0
97,75,2443,1306,2881,2014,0
97,76,2443,1306,32,1929,0
97,77,2443,1306,2695,266,0
97,78,2443,1306,2042,2855,0
97,79,2443,1306,193,1354,0
97,80,2443,1306,123,892,0
97,81,2443,1306,2391,199,0
97,82,2443,1306,738,1556,0
97,83,2443,1306,656,1512,0
97,84,2443,1306,2081,2886,0
97,85,2443,1306,2720,2097,0
97,86,2443,1306,2245,1289,0
97,87,2443,1306,714,2990,0
97,88,2443,1306,2800,641,0
97,89,2443,1306,2389,2741,0
97,90,2443,1306,538,2170,0
97,91,2443,1306,2767,2393,0
97,92,2443,1306,1270,693,0
97,93,2443,1306,2649,133,0
97,94,2443,1306,782,2023,0
97,95,2443,1306,551,1308,0
97,96,2443,1306,2784,254,0
97,98,2443,1306,1619,1722,0
97,99,2443,1306,508,1060,0
97,100,2443,1306,2201,1345,0
97,101,2443,1306,2587,861,0
97,102,2443,1306,2593,412,0
97,103,2443,1306,2995,1976,0
97,104,2443,1306,2546,755,0
97,105,2443,1306,1384,10,0
97,106,2443,1306,1458,697,0
97,107,2443,1306,52,2157,0
97,108,2443,1306,2017,217,0
97,109,2443,1306,2750,1252,0
97,110,2443,1306,1972,2182,0
97,111,2443,1306,736,1220,0
97,112,2443,1306,1701,2178,0
97,113,2443,1306,27,769,0
97,114,2443,1306,148,1215,0
97,115,2443,1306,1308,917,0
97,116,2443,1306,579,885,0
97,117,2443,1306,2737,2060,0
97,118,2443,1306,1739,2828,0
97,119,2443,1306,1339,2055,0
97,120,2443,1306,1479,618,0
97,121,2443,1306,1518,2678,0
97,122,2443,1306,2663,2085,0
97,123,2443,1306,1536,440,0
97,124,2443,1306,2347,485,0
97,125,2443,1306,2244,1545,0
97,126,2443,1306,1821,2562,0
97,127,2443,1306,1162,1754,0
97,128,2443,1306,476,1205,0
97,129,2443,1306,1692,876,0
97,130,2443,1306,300,1205,0
97,131,2443,1306,2003,1714,0
97,132,2443,1306,381,1336,0
97,133,2443,1306,2948,2728,0
97,134,2443,1306,1258,2583,0
97,135,2443,1306,1121,2987,0
97,136,2443,1306,2245,575,0
97,137,2443,1306,721,430,0
97,138,2443,1306,1441,992,0
97,139,2443,1306,2326,2998,0
97,140,2443,1306,976,329,0
97,141,2443,1306,2900,191,0
97,142,2443,1306,1962,1771,0
97,143,2443,1306,238,1665,0
97,144,2443,1306,295,1936,0
97,145,2443,1306,1854,141,0
97,146,2443,1306,2927,2918,0
97,147,2443,1306,652,2117,0
97,148,2443,1306,1281,1593,0
97,149,2443,1306,1093,2355,0
97,150,2443,1306,821,2889,0
97,151,2443,1306,2640,293,0
97,152,2443,1306,2213,1092,0
97,153,2443,1306,2554,526,0
97,154,2443,1306,773,2759,0
97,155,2443,1306,2398,2598,0
97,156,2443,1306,352,1773,0
97,157,2443,1306,136,1123,0
97,158,2443,1306,2533,1961,0
97,159,2443,1306,1274,2648,0
97,160,2443,1306,2856,1016,0
97,161,2443,1306,723,68,0
97,162,2443,1306,1849,735,0
97,163,2443,1306,1750,564,0
97,164,2443,1306,21,376,0
97,165,2443,1306,2035,939,0
97,166,2443,1306,1752,1825,0
97,167,2443,1306,2384,871,0
97,168,2443,1306,1034,788,0
97,169,2443,1306,1867,2645,0
97,170,2443,1306,940,504,0
97,171,2443,1306,1519,1618,0
97,172,2443,1306,1392,2416,0
97,173,2443,1306,1843,947,0
97,174,2443,1306,1387,1345,0
97,175,2443,1306,2479,1210,1
97,176,2443,1306,1555,1680,0
97,177,2443,1306,160,2470,0
97,178,2443,1306,2692,2143,0
97,179,2443,1306,158,2357,0
97,180,2443,1306,2335,890,0
97,181,2443,1306,1761,1075,0
97,182,2443,1306,2099,406,0
98,0,1619,1722,1639,2892,0
98,1,1619,1722,1329,745,0
98,2,1619,1722,443,1218,0
98,3,1619,1722,2514,1181,0
98,4,1619,1722,2286,223,0
98,5,1619,1722,595,2408,0
98,6,1619,1722,1383,2289,0
98,7,1619,1722,1795,201,0
98,8,1619,1722,2598,838,0
98,9,1619,1722,813,1715,0
98,10,1619,1722,1135,391,0
98,11,1619,1722,1132,1878,0
98,12,1619,1722,2041,661,0
98,13,1619,1722,1434,670,0
98,14,1619,1722,300,623,0
98,15,1619,1722,1559,2032,0
98,16,1619,1722,1224,2119,0
98,17,1619,1722,838,460,0
98,18,1619,1722,352,2688,0
98,19,1619,1722,2179,352,0
98,20,1619,1722,525,672,0
98,21,1619,1722,1652,2883,0
98,22,1619,1722,1373,2660,0
98,23,1619,1722,2814,1659,0
98,24,1619,1722,1449,1659,0
98,25,1619,1722,2305,1303,0
98,26,1619,1722,769,677,0
98,27,1619,1722,2295,2940,0
98,28,1619,1722,577,2880,0
98,29,1619,1722,1614,2810,0
98,30,1619,1722,47,1395,0
98,31,1619,1722,2664,803,0
98,32,1619,1722,2309,2153,0
98,33,1619,1722,2074,2182,0
98,34,1619,1722,1554,11,0
98,35,1619,1722,1400,2146,0
98,36,1619,1722,1795,740,0
98,37,1619,1722,931,567,0
98,38,1619,1722,1254,1779,0
98,39,1619,1722,45,883,0
98,40,1619,1722,1359,119,0
98,41,1619,1722,2127,1277,0
98,42,1619,1722,2925,1375,0
98,43,1619,1722,2505,1463,0
98,44,1619,1722,1791,2744,0
98,45,1619,1722,1916,1718,0
98,46,1619,1722,167,2831,0
98,47,1619,1722,2315,236,0
98,48,1619,1722,1902,1139,0
98,49,1619,1722,1443,2554,0
98,50,1619,1722,194,2519,0
98,51,1619,1722,301,248,0
98,52,1619,1722,934,2502,0
98,53,1619,1722,343,1045,0
98,54,1619,1722,1542,1250,0
98,55,1619,1722,2149,1171,0
98,56,1619,1722,2055,1783,0
98,57,1619,1722,941,1993,0
98,58,1619,1722,123,1452,0
98,59,1619,1722,2845,2865,0
98,60,1619,1722,1089,2442,0
98,61,1619,1722,859,1946,0
98,62,1619,1722,1024,191,0
98,63,1619,1722,640,1179,0
98,64,1619,1722,2225,946,0
98,65,1619,1722,349,822,0
98,66,1619,1722,826,2377,0
98,67,1619,1722,1638,96,0
98,68,1619,1722,2727,990,0
98,69,1619,1722,2915,1910,0
98,70,1619,1722,1406,1407,0
98,71,1619,1722,2216,2614,0
98,72,1619,1722,1497,453,0
98,73,1619,1722,1462,1798,0
98,74,1619,1722,1212,215,0
98,75,1619,1722,2881,2014,0
98,76,1619,1722,32,1929,0
98,77,1619,1722,2695,266,0
98,78,1619,1722,2042,2855,0
98,79,1619,1722,193,1354,0
98,80,1619,1722,123,892,0
98,81,1619,1722,2391,199,0
98,82,1619,1722,738,1556,0
98,83,1619,1722,656,1512,0
98,84,1619,1722,2081,2886,0
98,85,1619,1722,2720,2097,0
98,86,1619,1722,2245,1289,0
98,87,1619,1722,714,2990,0
98,88,1619,1722,2800,641,0
98,89,1619,1722,2389,2741,0
98,90,1619,1722,538,2170,0
98,91,1619,1722,2767,2393,0
98,92,1619,1722,1270,693,0
98,93,1619,1722,2649,133,0
98,94,1619,1722,782,2023,0
98,95,1619,1722,551,1308,0
98,96,1619,1722,2784,254,0
98,97,1619,1722,2443,1306,0
98,99,1619,1722,508,1060,0
98,100,1619,1722,2201,1345,0
98,101,1619,1722,2587,861,0
98,102,1619,1722,2593,412,0
98,103,1619,1722,2995,1976,0
98,104,1619,1722,2546,755,0
98,105,1619,1722,1384,10,0
98,106,1619,1722,1458,697,0
98,107,1619,1722,52,2157,0
98,108,1619,1722,2017,217,0
98,109,1619,1722,2750,1252,0
98,110,1619,1722,1972,2182,0
98,111,1619,1722,736,1220,0
98,112,1619,1722,1701,2178,0
98,113,1619,1722,27,769,0
98,114,1619,1722,148,1215,0
98,115,1619,1722,1308,917,0
98,116,1619,1722,579,885,0
98,117,1619,1722,2737,2060,0
98,118,1619,1722,1739,2828,0
98,119,1619,1722,1339,2055,0
98,120,1619,1722,1479,618,0
98,121,1619,1722,1518,2678,0
98,122,1619,1722,2663,2085,0
98,123,1619,1722,1536,440,0
98,124,1619,1722,2347,485,0
98,125,1619,1722,2244,1545,0
98,126,1619,1722,1821,2562,0
98,127,1619,1722,1162,1754,0
98,128,1619,1722,476,1205,0
98,129,1619,1722,1692,876,0
98,130,1619,1722,300,1205,0
98,131,1619,1722,2003,1714,0
98,132,1619,1722,381,1336,0
98,133,1619,1722,2948,2728,0
98,134,1619,1722,1258,2583,0
98,135,1619,1722,1121,2987,0
98,136,1619,1722,2245,575,0
98,137,1619,1722,721,430,0
98,138,1619,1722,1441,992,0
98,139,1619,1722,2326,2998,0
98,140,1619,1722,976,329,0
98,141,1619,1722,2900,191,0
98,142,1619,1722,1962,1771,0
98,143,1619,1722,238,1665,0
98,144,1619,1722,295,1936,0
98,145,1619,1722,1854,141,0
98,146,1619,1722,2927,2918,0
98,147,1619,1722,652,2117,0
98,148,1619,1722,1281,1593,0
98,149,1619,1722,1093,2355,0
98,150,1619,1722,821,2889,0
98,151,1619,1722,2640,293,0
98,152,1619,1722,2213,1092,0
98,153,1619,1722,2554,526,0
98,154,1619,1722,773,2759,0
98,155,1619,1722,2398,2598,0
98,156,1619,1722,352,1773,0
98,157,1619,1722,136,1123,0
98,158,1619,1722,2533,1961,0
98,159,1619,1722,1274,2648,0
98,160,1619,1722,2856,1016,0
98,161,1619,1722,723,68,0
98,162,1619,1722,1849,735,0
98,163,1619,1722,1750,564,0
98,164,1619,1722,21,376,0
98,165,1619,1722,2035,939,0
98,166,1619,1722,1752,1825,0
98,167,1619,1722,2384,871,0
98,168,1619,1722,1034,788,0
98,169,1619,1722,1867,2645,0
98,170,1619,1722,940,504,0
98,171,1619,1722,1519,1618,0
98,172,1619,1722,1392,2416,0
98,173,1619,1722,1843,947,0
98,174,1619,1722,1387,1345,0
98,175,1619,1722,2479,1210,0
98,176,1619,1722,1555,1680,1
98,177,1619,1722,160,2470,0
98,178,1619,1722,2692,2143,0
98,179,1619,1722,158,2357,0
98,180,1619,1722,2335,890,0
98,181,1619,1722,1761,1075,0
98,182,1619,1722,2099,406,0
99,0,508,1060,1639,2892,0
99,1,508,1060,1329,745,0
99,2,508,1060,443,1218,0
99,3,508,1060,2514,1181,0
99,4,508,1060,2286,223,0
99,5,508,1060,595,2408,0
99,6,508,1060,1383,2289,0
99,7,508,1060,1795,201,0
99,8,508,1060,2598,838,0
99,9,508,1060,813,1715,0
99,10,508,1060,1135,391,0
99,11,508,1060,1132,1878,0
99,12,508,1060,2041,661,0
99,13,508,1060,1434,670,0
99,14,508,1060,300,623,0
99,15,508,1060,1559,2032,0
99,16,508,1060,1224,2119,0
99,17,508,1060,838,460,0
99,18,508,1060,352,2688,0
99,19,508,1060,2179,352,0
99,20,508,1060,525,672,0
99,21,508,1060,1652,2883,0
99,22,508,1060,1373,2660,0
99,23,508,1060,2814,1659,0
99,24,508,1060,1449,1659,0
99,25,508,1060,2305,1303,0
99,26,508,1060,769,677,0
99,27,508,1060,2295,2940,0
99,28,508,1060,577,2880,0
99,29,508,1060,1614,2810,0
99,30,508,1060,47,1395,0
99,31,508,1060,2664,803,0
99,32,508,1060,2309,2153,0
99,33,508,1060,2074,2182,0
99,34,508,1060,1554,11,0
99,35,508,1060,1400,2146,0
99,36,508,1060,1795,740,0
99,37,508,1060,931,567,0
99,38,508,1060,1254,1779,0
99,39,508,1060,45,883,0
99,40,508,1060,1359,119,0
99,41,508,1060,2127,1277,0
99,42,508,1060,2925,1375,0
99,43,508,1060,2505,1463,0
99,44,508,1060,1791,2744,0
99,45,508,1060,1916,1718,0
99,46,508,1060,167,2831,0
99,47,508,1060,2315,236,0
99,48,508,1060,1902,1139,0
99,49,508,1060,1443,2554,0
99,50,508,1060,194,2519,0
99,51,508,1060,301,248,0
99,52,508,1060,934,2502,0
99,53,508,1060,343,1045,1
99,54,508,1060,1542,1250,0
99,55,508,1060,2149,1171,0
99,56,508,1060,2055,1783,0
99,57,508,1060,941,1993,0
99,58,508,1060,123,1452,0
99,59,508,1060,2845,2865,0
99,60,508,1060,1089,2442,0
99,61,508,1060,859,1946,0
99,62,508,1060,1024,191,0
99,63,508,1060,640,1179,0
99,64,508,1060,2225,946,0
99,65,508,1060,349,822,0
99,66,508,1060,826,2377,0
99,67,508,1060,1638,96,0
99,68,508,1060,2727,990,0
99,69,508,1060,2915,1910,0
99,70,508,1060,1406,1407,0
99,71,508,1060,2216,2614,0
99,72,508,1060,1497,453,0
99,73,508,1060,1462,1798,0
99,74,508,1060,1212,215,0
99,75,508,1060,2881,2014,0
99,76,508,1060,32,1929,0
99,77,508,1060,2695,266,0
99,78,508,1060,2042,2855,0
99,79,508,1060,193,1354,0
99,80,508,1060,123,892,0
99,81,508,1060,2391,199,0
99,82,508,1060,738,1556,0
99,83,508,1060,656,1512,0
99,84,508,1060,2081,2886,0
99,85,508,1060,2720,2097,0
99,86,508,1060,2245,1289,0
99,87,508,1060,714,2990,0
99,88,508,1060,2800,641,0
99,89,508,1060,2389,2741,0
99,90,508,1060,538,2170,0
99,91,508,1060,2767,2393,0
99,92,508,1060,1270,693,0
99,93,508,1060,2649,133,0
99,94,508,1060,782,2023,0
99,95,508,1060,551,1308,0
99,96,508,1060,2784,254,0
99,97,508,1060,2443,1306,0
99,98,508,1060,1619,1722,0
99,100,508,1060,2201,1345,0
99,101,508,1060,2587,861,0
99,102,508,1060,2593,412,0
99,103,508,1060,2995,1976,0
99,104,508,1060,2546,755,0
99,105,508,1060,1384,10,0
99,106,508,1060,1458,697,0
99,107,508,1060,52,2157,0
99,108,508,1060,2017,217,0
99,109,508,1060,2750,1252,0
99,110,508,1060,1972,2182,0
99,111,508,1060,736,1220,0
99,112,508,1060,1701,2178,0
99,113,508,1060,27,769,0
99,114,508,1060,148,1215,0
99,115,508,1060,1308,917,0
99,116,508,1060,579,885,0
99,117,508,1060,2737,2060,0
99,118,508,1060,1739,2828,0
99,119,508,1060,1339,2055,0
99,120,508,1060,1479,618,0
99,121,508,1060,1518,2678,0
99,122,508,1060,2663,2085,0
99,123,508,1060,1536,440,0
99,124,508,1060,2347,485,0
99,125,508,1060,2244,1545,0
99,126,508,1060,1821,2562,0
99,127,508,1060,1162,1754,0
99,128,508,1060,476,1205,0
99,129,508,1060,1692,876,0
99,130,508,1060,300,1205,0
99,131,508,1060,2003,1714,0
99,132,508,1060,381,1336,0
99,133,508,1060,2948,2728,0
99,134,508,1060,1258,2583,0
99,135,508,1060,1121,2987,0
99,136,508,1060,2245,575,0
99,137,508,1060,721,430,0
99,138,508,1060,1441,992,0
99,139,508,1060,2326,2998,0
99,140,508,1060,976,329,0
99,141,508,1060,2900,191,0
99,142,508,1060,1962,1771,0
99,143,508,1060,238,1665,0
99,144,508,1060,295,1936,0
99,145,508,1060,1854,141,0
99,146,508,1060,2927,2918,0
99,147,508,1060,652,2117,0
99,148,508,1060,1281,1593,0
99,149,508,1060,1093,2355,0
99,150,508,1060,821,2889,0
99,151,508,1060,2640,293,0
99,152,508,1060,2213,1092,0
99,153,508,1060,2554,526,0
99,154,508,1060,773,2759,0
99,155,508,1060,2398,2598,0
99,156,508,1060,352,1773,0
99,157,508,1060,136,1123,0
99,158,508,1060,2533,1961,0
99,159,508,1060,1274,2648,0
99,160,508,1060,2856,1016,0
99,161,508,1060,723,68,0
99,162,508,1060,1849,735,0
99,163,508,1060,1750,564,0
99,164,508,1060,21,376,0
99,165,508,1060,2035,939,0
99,166,508,1060,1752,1825,0
99,167,508,1060,2384,871,0
99,168,508,1060,1034,788,0
99,169,508,1060,1867,2645,0
99,170,508,1060,940,504,0
99,171,508,1060,1519,1618,0
99,172,508,1060,1392,2416,0
99,173,508,1060,1843,947,0
99,174,508,1060,1387,1345,0
99,175,508,1060,2479,1210,0
99,176,508,1060,1555,1680,0
99,177,508,1060,160,2470,0
99,178,508,1060,2692,2143,0
99,179,508,1060,158,2357,0
99,180,508,1060,2335,890,0
99,181,508,1060,1761,1075,0
99,182,508,1060,2099,406,0
100,0,2201,1345,1639,2892,0
100,1,2201,1345,1329,745,0
100,2,2201,1345,443,1218,0
100,3,2201,1345,2514,1181,0
100,4,2201,1345,2286,223,0
100,5,2201,1345,595,2408,0
100,6,2201,1345,1383,2289,0
100,7,2201,1345,1795,201,0
100,8,2201,1345,2598,838,0
100,9,2201,1345,813,1715,0
100,10,2201,1345,1135,391,0
100,11,2201,1345,1132,1878,0
100,12,2201,1345,2041,661,0
100,13,2201,1345,1434,670,0
100,14,2201,1345,300,623,0
100,15,2201,1345,1559,2032,0
100,16,2201,1345,1224,2119,0
100,17,2201,1345,838,460,0
100,18,2201,1345,352,2688,0
100,19,2201,1345,2179,352,0
100,20,2201,1345,525,672,0
100,21,2201,1345,1652,2883,0
100,22,2201,1345,1373,2660,0
100,23,2201,1345,2814,1659,0
100,24,2201,1345,1449,1659,0
100,25,2201,1345,2305,1303,0
100,26,2201,1345,769,677,0
100,27,2201,1345,2295,2940,0
100,28,2201,1345,577,2880,0
100,29,2201,1345,1614,2810,0
100,30,2201,1345,47,1395,0
100,31,2201,1345,2664,803,0
100,32,2201,1345,2309,2153,0
100,33,2201,1345,2074,2182,0
100,34,2201,1345,1554,11,0
100,35,2201,1345,1400,2146,0
100,36,2201,1345,1795,740,0
100,37,2201,1345,931,567,0
100,38,2201,1345,1254,1779,0
100,39,2201,1345,45,883,0
100,40,2201,1345,1359,119,0
100,41,2201,1345,2127,1277,0
100,42,2201,1345,2925,1375,0
100,43,2201,1345,2505,1463,0
100,44,2201,1345,1791,2744,0
100,45,2201,1345,1916,1718,0
100,46,2201,1345,167,2831,0
100,47,2201,1345,2315,236,0
100,48,2201,1345,1902,1139,0
100,49,2201,1345,1443,2554,0
100,50,2201,1345,194,2519,0
100,51,2201,1345,301,248,0
100,52,2201,1345,934,2502,0
100,53,2201,1345,343,1045,0
100,54,2201,1345,1542,1250,0
100,55,2201,1345,2149,1171,0
100,56,2201,1345,2055,1783,0
100,57,2201,1345,941,1993,0
100,58,2201,1345,123,1452,0
100,59,2201,1345,2845,2865,0
100,60,2201,1345,1089,2442,0
100,61,2201,1345,859,1946,0
100,62,2201,1345,1024,191,0
100,63,2201,1345,640,1179,0
100,64,2201,1345,2225,946,0
100,65,2201,1345,349,822,0
100,66,2201,1345,826,2377,0
100,67,2201,1345,1638,96,0
100,68,2201,1345,2727,990,0
100,69,2201,1345,2915,1910,0
100,70,2201,1345,1406,1407,0
100,71,2201,1345,2216,2614,0
100,72,2201,1345,1497,453,0
100,73,2201,1345,1462,1798,0
100,74,2201,1345,1212,215,0
100,75,2201,1345,2881,2014,0
100,76,2201,1345,32,1929,0
100,77,2201,1345,2695,266,0
100,78,2201,1345,2042,2855,0
100,79,2201,1345,193,1354,0
100,80,2201,1345,123,892,0
100,81,2201,1345,2391,199,0
100,82,2201,1345,738,1556,0
100,83,2201,1345,656,1512,0
100,84,2201,1345,2081,2886,0
100,85,2201,1345,2720,2097,0
100,86,2201,1345,2245,1289,1
100,87,2201,1345,714,2990,0
100,88,2201,1345,2800,641,0
100,89,2201,1345,2389,2741,0
100,90,2201,1345,538,2170,0
100,91,2201,1345,2767,2393,0
100,92,2201,1345,1270,693,0
100,93,2201,1345,2649,133,0
100,94,2201,1345,782,2023,0
100,95,2201,1345,551,1308,0
100,96,2201,1345,2784,254,0
100,97,2201,1345,2443,1306,0
100,98,2201,1345,1619,1722,0
100,99,2201,1345,508,1060,0
100,101,2201,1345,2587,861,0
100,102,2201,1345,2593,412,0
100,103,2201,1345,2995,1976,0
100,104,2201,1345,2546,755,0
100,105,2201,1345,1384,10,0
100,106,2201,1345,1458,697,0
100,107,2201,1345,52,2157,0
100,108,2201,1345,2017,217,0
100,109,2201,1345,2750,1252,0
100,110,2201,1345,1972,2182,0
100,111,2201,1345,736,1220,0
100,112,2201,1345,1701,2178,0
100,113,2201,1345,27,769,0
100,114,2201,1345,148,1215,0
100,115,2201,1345,1308,917,0
100,116,2201,1345,579,885,0
100,117,2201,1345,2737,2060,0
100,118,2201,1345,1739,2828,0
100,119,2201,1345,1339,2055,0
100,120,2201,1345,1479,618,0
100,121,2201,1345,1518,2678,0
100,122,2201,1345,2663,2085,0
100,123,2201,1345,1536,440,0
100,124,2201,1345,2347,485,0
100,125,2201,1345,2244,1545,0
100,126,2201,1345,1821,2562,0
100,127,2201,1345,1162,1754,0
100,128,2201,1345,476,1205,0
100,129,2201,1345,1692,876,0
100,130,2201,1345,300,1205,0
100,131,2201,1345,2003,1714,0
100,132,2201,1345,381,1336,0
100,133,2201,1345,2948,2728,0
100,134,2201,1345,1258,2583,0
100,135,2201,1345,1121,2987,0
100,136,2201,1345,2245,575,0
100,137,2201,1345,721,430,0
100,138,2201,1345,1441,992,0
100,139,2201,1345,2326,2998,0
100,140,2201,1345,976,329,0
100,141,2201,1345,2900,191,0
100,142,2201,1345,1962,1771,0
100,143,2201,1345,238,1665,0
100,144,2201,1345,295,1936,0
100,145,2201,1345,1854,141,0
100,146,2201,1345,2927,2918,0
100,147,2201,1345,652,2117,0
100,148,2201,1345,1281,1593,0
100,149,2201,1345,1093,2355,0
100,150,2201,1345,821,2889,0
100,151,2201,1345,2640,293,0
100,152,2201,1345,2213,1092,0
100,153,2201,1345,2554,526,0
100,154,2201,1345,773,2759,0
100,155,2201,1345,2398,2598,0
100,156,2201,1345,352,1773,0
100,157,2201,1345,136,1123,0
100,158,2201,1345,2533,1961,0
100,159,2201,1345,1274,2648,0
100,160,2201,1345,2856,1016,0
100,161,2201,1345,723,68,0
100,162,2201,1345,1849,735,0
100,163,2201,1345,1750,564,0
100,164,2201,1345,21,376,0
100,165,2201,1345,2035,939,0
100,166,2201,1345,1752,1825,0
100,167,2201,1345,2384,871,0
100,168,2201,1345,1034,788,0
100,169,2201,1345,1867,2645,0
100,170,2201,1345,940,504,0
100,171,2201,1345,1519,1618,0
100,172,2201,1345,1392,2416,0
100,173,2201,1345,1843,947,0
100,174,2201,1345,1387,1345,0
100,175,2201,1345,2479,1210,0
100,176,2201,1345,1555,1680,0
100,177,2201,1345,160,2470,0
100,178,2201,1345,2692,2143,0
100,179,2201,1345,158,2357,0
100,180,2201,1345,2335,890,0
100,181,2201,1345,1761,1075,0
100,182,2201,1345,2099,406,0
101,0,2587,861,1639,2892,0
101,1,2587,861,1329,745,0
101,2,2587,861,443,1218,0
101,3,2587,861,2514,1181,0
101,4,2587,861,2286,223,0
101,5,2587,861,595,2408,0
101,6,2587,861,1383,2289,0
101,7,2587,861,1795,201,0
101,8,2587,861,2598,838,0
101,9,2587,861,813,1715,0
101,10,2587,861,1135,391,0
101,11,2587,861,1132,1878,0
101,12,2587,861,2041,661,0
101,13,2587,861,1434,670,0
101,14,2587,861,300,623,0
101,15,2587,861,1559,2032,0
101,16,2587,861,1224,2119,0
101,17,2587,861,838,460,0
101,18,2587,861,352,2688,0
101,19,2587,861,2179,352,0
101,20,2587,861,525,672,0
101,21,2587,861,1652,2883,0
101,22,2587,861,1373,2660,0
101,23,2587,861,2814,1659,0
101,24,2587,861,1449,1659,0
101,25,2587,861,2305,1303,0
101,26,2587,861,769,677,0
101,27,2587,861,2295,2940,0
101,28,2587,861,577,2880,0
101,29,2587,861,1614,2810,0
101,30,2587,861,47,1395,0
101,31,2587,861,2664,803,0
101,32,2587,861,2309,2153,0
101,33,2587,861,2074,2182,0
101,34,2587,861,1554,11,0
101,35,2587,861,1400,2146,0
101,36,2587,861,1795,740,0
101,37,2587,861,931,567,0
101,38,2587,861,1254,1779,0
101,39,2587,861,45,883,0
101,40,2587,861,1359,119,0
101,41,2587,861,2127,1277,0
101,42,2587,861,2925,1375,0
101,43,2587,861,2505,1463,0
101,44,2587,861,1791,2744,0
101,45,2587,861,1916,1718,0
101,46,2587,861,167,2831,0
101,47,2587,861,2315,236,0
101,48,2587,861,1902,1139,0
101,49,2587,861,1443,2554,0
101,50,2587,861,194,2519,0
101,51,2587,861,301,248,0
101,52,2587,861,934,2502,0
101,53,2587,861,343,1045,0
101,54,2587,861,1542,1250,0
101,55,2587,861,2149,1171,0
101,56,2587,861,2055,1783,0
101,57,2587,861,941,1993,0
101,58,2587,861,123,1452,0
101,59,2587,861,2845,2865,0
101,60,2587,861,1089,2442,0
101,61,2587,861,859,1946,0
101,62,2587,861,1024,191,0
101,63,2587,861,640,1179,0
101,64,2587,861,2225,946,0
101,65,2587,861,349,822,0
101,66,2587,861,826,2377,0
101,67,2587,861,1638,96,0
101,68,2587,861,2727,990,1
101,69,2587,861,2915,1910,0
101,70,2587,861,1406,1407,0
101,71,2587,861,2216,2614,0
101,72,2587,861,1497,453,0
101,73,2587,861,1462,1798,0
101,74,2587,861,1212,215,0
101,75,2587,861,2881,2014,0
101,76,2587,861,32,1929,0
101,77,2587,861,2695,266,0
101,78,2587,861,2042,2855,0
101,79,2587,861,193,1354,0
101,80,2587,861,123,892,0
101,81,2587,861,2391,199,0
101,82,2587,861,738,1556,0
101,83,2587,861,656,1512,0
101,84,2587,861,2081,2886,0
101,85,2587,861,2720,2097,0
101,86,2587,861,2245,1289,0
101,87,2587,861,714,2990,0
101,88,2587,861,2800,641,0
101,89,2587,861,2389,2741,0
101,90,2587,861,538,2170,0
101,91,2587,861,2767,2393,0
101,92,2587,861,1270,693,0
101,93,2587,861,2649,133,0
101,94,2587,861,782,2023,0
101,95,2587,861,551,1308,0
101,96,2587,861,2784,254,0
101,97,2587,861,2443,1306,0
101,98,2587,861,1619,1722,0
101,99,2587,861,508,1060,0
101,100,2587,861,2201,1345,0
101,102,2587,861,2593,412,0
101,103,2587,861,2995,1976,0
101,104,2587,861,2546,755,0
101,105,2587,861,1384,10,0
101,106,2587,861,1458,697,0
101,107,2587,861,52,2157,0
101,108,2587,861,2017,217,0
101,109,2587,861,2750,1252,0
101,110,2587,861,1972,2182,0
101,111,2587,861,736,1220,0
101,112,2587,861,1701,2178,0
101,113,2587,861,27,769,0
101,114,2587,861,148,1215,0
101,115,2587,861,1308,917,0
101,116,2587,861,579,885,0
101,117,2587,861,2737,2060,0
101,118,2587,861,1739,2828,0
101,119,2587,861,1339,2055,0
101,120,2587,861,1479,618,0
101,121,2587,861,1518,2678,0
101,122,2587,861,2663,2085,0
101,123,2587,861,1536,440,0
101,124,2587,861,2347,485,0
101,125,2587,861,2244,1545,0
101,126,2587,861,1821,2562,0
101,127,2587,861,1162,1754,0
101,128,2587,861,476,1205,0
101,129,2587,861,1692,876,0
101,130,2587,861,300,1205,0
101,131,2587,861,2003,1714,0
101,132,2587,861,381,1336,0
101,133,2587,861,2948,2728,0
101,134,2587,861,1258,2583,0
101,135,2587,861,1121,2987,0
101,136,2587,861,2245,575,0
101,137,2587,861,721,430,0
101,138,2587,861,1441,992,0
101,139,2587,861,2326,2998,0
101,140,2587,861,976,329,0
101,141,2587,861,2900,191,0
101,142,2587,861,1962,1771,0
101,143,2587,861,238,1665,0
101,144,2587,861,295,1936,0
101,145,2587,861,1854,141,0
101,146,2587,861,2927,2918,0
101,147,2587,861,652,2117,0
101,148,2587,861,1281,1593,0
101,149,2587,861,1093,2355,0
101,150,2587,861,821,2889,0
101,151,2587,861,2640,293,0
101,152,2587,861,2213,1092,0
101,153,2587,861,2554,526,0
101,154,2587,861,773,2759,0
101,155,2587,861,2398,2598,0
101,156,2587,861,352,1773,0
101,157,2587,861,136,1123,0
101,158,2587,861,2533,1961,0
101,159,2587,861,1274,2648,0
101,160,2587,861,2856,1016,0
101,161,2587,861,723,68,0
101,162,2587,861,1849,735,0
101,163,2587,861,1750,564,0
101,164,2587,861,21,376,0
101,165,2587,861,2035,939,0
101,166,2587,861,1752,1825,0
101,167,2587,861,2384,871,0
101,168,2587,861,1034,788,0
101,169,2587,861,1867,2645,0
101,170,2587,861,940,504,0
101,171,2587,861,1519,1618,0
101,172,2587,861,1392,2416,0
101,173,2587,861,1843,947,0
101,174,2587,861,1387,1345,0
101,175,2587,861,2479,1210,0
101,176,2587,861,1555,1680,0
101,177,2587,861,160,2470,0
101,178,2587,861,2692,2143,0
101,179,2587,861,158,2357,0
101,180,2587,861,2335,890,0
101,181,2587,861,1761,1075,0
101,182,2587,861,2099,406,0
102,0,2593,412,1639,2892,0
102,1,2593,412,1329,745,0
102,2,2593,412,443,1218,0
102,3,2593,412,2514,1181,0
102,4,2593,412,2286,223,0
102,5,2593,412,595,2408,0
102,6,2593,412,1383,2289,0
102,7,2593,412,1795,201,0
102,8,2593,412,2598,838,0
102,9,2593,412,813,1715,0
102,10,2593,412,1135,391,0
102,11,2593,412,1132,1878,0
102,12,2593,412,2041,661,0
102,13,2593,412,1434,670,0
102,14,2593,412,300,623,0
102,15,2593,412,1559,2032,0
102,16,2593,412,1224,2119,0
102,17,2593,412,838,460,0
102,18,2593,412,352,2688,0
102,19,2593,412,2179,352,0
102,20,2593,412,525,672,0
102,21,2593,412,1652,2883,0
102,22,2593,412,1373,2660,0
102,23,2593,412,2814,1659,0
102,24,2593,412,1449,1659,0
102,25,2593,412,2305,1303,0
102,26,2593,412,769,677,0
102,27,2593,412,2295,2940,0
102,28,2593,412,577,2880,0
102,29,2593,412,1614,2810,0
102,30,2593,412,47,1395,0
102,31,2593,412,2664,803,0
102,32,2593,412,2309,2153,0
102,33,2593,412,2074,2182,0
102,34,2593,412,1554,11,0
102,35,2593,412,1400,2146,0
102,36,2593,412,1795,740,0
102,37,2593,412,931,567,0
102,38,2593,412,1254,1779,0
102,39,2593,412,45,883,0
102,40,2593,412,1359,119,0
102,41,2593,412,2127,1277,0
102,42,2593,412,2925,1375,0
102,43,2593,412,2505,1463,0
102,44,2593,412,1791,2744,0
102,45,2593,412,1916,1718,0
102,46,2593,412,167,2831,0
102,47,2593,412,2315,236,0
102,48,2593,412,1902,1139,0
102,49,2593,412,1443,2554,0
102,50,2593,412,194,2519,0
102,51,2593,412,301,248,0
102,52,2593,412,934,2502,0
102,53,2593,412,343,1045,0
102,54,2593,412,1542,1250,0
102,55,2593,412,2149,1171,0
102,56,2593,412,2055,1783,0
102,57,2593,412,941,1993,0
102,58,2593,412,123,1452,0
102,59,2593,412,2845,2865,0
102,60,2593,412,1089,2442,0
102,61,2593,412,859,1946,0
102,62,2593,412,1024,191,0
102,63,2593,412,640,1179,0
102,64,2593,412,2225,946,0
102,65,2593,412,349,822,0
102,66,2593,412,826,2377,0
102,67,2593,412,1638,96,0
102,68,2593,412,2727,990,0
102,69,2593,412,2915,1910,0
102,70,2593,412,1406,1407,0
102,71,2593,412,2216,2614,0
102,72,2593,412,1497,453,0
102,73,2593,412,1462,1798,0
102,74,2593,412,1212,215,0
102,75,2593,412,2881,2014,0
102,76,2593,412,32,1929,0
102,77,2593,412,2695,266,0
102,78,2593,412,2042,2855,0
102,79,2593,412,193,1354,0
102,80,2593,412,123,892,0
102,81,2593,412,2391,199,0
102,82,2593,412,738,1556,0
102,83,2593,412,656,1512,0
102,84,2593,412,2081,2886,0
102,85,2593,412,2720,2097,0
102,86,2593,412,2245,1289,0
102,87,2593,412,714,2990,0
102,88,2593,412,2800,641,0
102,89,2593,412,2389,2741,0
102,90,2593,412,538,2170,0
102,91,2593,412,2767,2393,0
102,92,2593,412,1270,693,0
102,93,2593,412,2649,133,0
102,94,2593,412,782,2023,0
102,95,2593,412,551,1308,0
102,96,2593,412,2784,254,0
102,97,2593,412,2443,1306,0
102,98,2593,412,1619,1722,0
102,99,2593,412,508,1060,0
102,100,2593,412,2201,1345,0
102,101,2593,412,2587,861,0
102,103,2593,412,2995,1976,0
102,104,2593,412,2546,755,0
102,105,2593,412,1384,10,0
102,106,2593,412,1458,697,0
102,107,2593,412,52,2157,0
102,108,2593,412,2017,217,0
102,109,2593,412,2750,1252,0
102,110,2593,412,1972,2182,0
102,111,2593,412,736,1220,0
102,112,2593,412,1701,2178,0
102,113,2593,412,27,769,0
102,114,2593,412,148,1215,0
102,115,2593,412,1308,917,0
102,116,2593,412,579,885,0
102,117,2593,412,2737,2060,0
102,118,2593,412,1739,2828,0
102,119,2593,412,1339,2055,0
102,120,2593,412,1479,618,0
102,121,2593,412,1518,2678,0
102,122,2593,412,2663,2085,0
102,123,2593,412,1536,440,0
102,124,2593,412,2347,485,0
102,125,2593,412,2244,1545,0
102,126,2593,412,1821,2562,0
102,127,2593,412,1162,1754,0
102,128,2593,412,476,1205,0
102,129,2593,412,1692,876,0
102,130,2593,412,300,1205,0
102,131,2593,412,2003,1714,0
102,132,2593,412,381,1336,0
102,133,2593,412,2948,2728,0
102,134,2593,412,1258,2583,0
102,135,2593,412,1121,2987,0
102,136,2593,412,2245,575,0
102,137,2593,412,721,430,0
102,138,2593,412,1441,992,0
102,139,2593,412,2326,2998,0
102,140,2593,412,976,329,0
102,141,2593,412,2900,191,0
102,142,2593,412,1962,1771,0
102,143,2593,412,238,1665,0
102,144,2593,412,295,1936,0
102,145,2593,412,1854,141,0
102,146,2593,412,2927,2918,0
102,147,2593,412,652,2117,0
102,148,2593,412,1281,1593,0
102,149,2593,412,1093,2355,0
102,150,2593,412,821,2889,0
102,151,2593,412,2640,293,0
102,152,2593,412,2213,1092,0
102,153,2593,412,2554,526,1
102,154,2593,412,773,2759,0
102,155,2593,412,2398,2598,0
102,156,2593,412,352,1773,0
102,157,2593,412,136,1123,0
102,158,2593,412,2533,1961,0
102,159,2593,412,1274,2648,0
102,160,2593,412,2856,1016,0
102,161,2593,412,723,68,0
102,162,2593,412,1849,735,0
102,163,2593,412,1750,564,0
102,164,2593,412,21,376,0
102,165,2593,412,2035,939,0
102,166,2593,412,1752,1825,0
102,167,2593,412,2384,871,0
102,168,2593,412,1034,788,0
102,169,2593,412,1867,2645,0
102,170,2593,412,940,504,0
102,171,2593,412,1519,1618,0
102,172,2593,412,1392,2416,0
102,173,2593,412,1843,947,0
102,174,2593,412,1387,1345,0
102,175,2593,412,2479,1210,0
102,176,2593,412,1555,1680,0
102,177,2593,412,160,2470,0
102,178,2593,412,2692,2143,0
102,179,2593,412,158,2357,0
102,180,2593,412,2335,890,0
102,181,2593,412,1761,1075,0
102,182,2593,412,2099,406,0
103,0,2995,1976,1639,2892,0
103,1,2995,1976,1329,745,0
103,2,2995,1976,443,1218,0
103,3,2995,1976,2514,1181,0
103,4,2995,1976,2286,223,0
103,5,2995,1976,595,2408,0
103,6,2995,1976,1383,2289,0
103,7,2995,1976,1795,201,0
103,8,2995,1976,2598,838,0
103,9,2995,1976,813,1715,0
103,10,2995,1976,1135,391,0
103,11,2995,1976,1132,1878,0
103,12,2995,1976,2041,661,0
103,13,2995,1976,1434,670,0
103,14,2995,1976,300,623,0
103,15,2995,1976,1559,2032,0
103,16,2995,1976,1224,2119,0
103,17,2995,1976,838,460,0
103,18,2995,1976,352,2688,0
103,19,2995,1976,2179,352,0
103,20,2995,1976,525,672,0
103,21,2995,1976,1652,2883,0
103,22,2995,1976,1373,2660,0
103,23,2995,1976,2814,1659,0
103,24,2995,1976,1449,1659,0
103,25,2995,1976,2305,1303,0
103,26,2995,1976,769,677,0
103,27,2995,1976,2295,2940,0
103,28,2995,1976,577,2880,0
103,29,2995,1976,1614,2810,0
103,30,2995,1976,47,1395,0
103,31,2995,1976,2664,803,0
103,32,2995,1976,2309,2153,0
103,33,2995,1976,2074,2182,0
103,34,2995,1976,1554,11,0
103,35,2995,1976,1400,2146,0
103,36,2995,1976,1795,740,0
103,37,2995,1976,931,567,0
103,38,2995,1976,1254,1779,0
103,39,2995,1976,45,883,0
103,40,2995,1976,1359,119,0
103,41,2995,1976,2127,1277,0
103,42,2995,1976,2925,1375,0
103,43,2995,1976,2505,1463,0
103,44,2995,1976,1791,2744,0
103,45,2995,1976,1916,1718,0
103,46,2995,1976,167,2831,0
103,47,2995,1976,2315,236,0
103,48,2995,1976,1902,1139,0
103,49,2995,1976,1443,2554,0
103,50,2995,1976,194,2519,0
103,51,2995,1976,301,248,0
103,52,2995,1976,934,2502,0
103,53,2995,1976,343,1045,0
103,54,2995,1976,1542,1250,0
103,55,2995,1976,2149,1171,0
103,56,2995,1976,2055,1783,0
103,57,2995,1976,941,1993,0
103,58,2995,1976,123,1452,0
103,59,2995,1976,2845,2865,0
103,60,2995,1976,1089,2442,0
103,61,2995,1976,859,1946,0
103,62,2995,1976,1024,191,0
103,63,2995,1976,640,1179,0
103,64,2995,1976,2225,946,0
103,65,2995,1976,349,822,0
103,66,2995,1976,826,2377,0
103,67,2995,1976,1638,96,0
103,68,2995,1976,2727,990,0
103,69,2995,1976,2915,1910,0
103,70,2995,1976,1406,1407,0
103,71,2995,1976,2216,2614,0
103,72,2995,1976,1497,453,0
103,73,2995,1976,1462,1798,0
103,74,2995,1976,1212,215,0
103,75,2995,1976,2881,2014,0
103,76,2995,1976,32,1929,0
103,77,2995,1976,2695,266,0
103,78,2995,1976,2042,2855,0
103,79,2995,1976,193,1354,0
103,80,2995,1976,123,892,0
103,81,2995,1976,2391,199,0
103,82,2995,1976,738,1556,0
103,83,2995,1976,656,1512,0
103,84,2995,1976,2081,2886,0
103,85,2995,1976,2720,2097,0
103,86,2995,1976,2245,1289,0
103,87,2995,1976,714,2990,0
103,88,2995,1976,2800,641,0
103,89,2995,1976,2389,2741,0
103,90,2995,1976,538,2170,0
103,91,2995,1976,2767,2393,1
103,92,2995,1976,1270,693,0
103,93,2995,1976,2649,133,0
103,94,2995,1976,782,2023,0
103,95,2995,1976,551,1308,0
103,96,2995,1976,2784,254,0
103,97,2995,1976,2443,1306,0
103,98,2995,1976,1619,1722,0
103,99,2995,1976,508,1060,0
103,100,2995,1976,2201,1345,0
103,101,2995,1976,2587,861,0
103,102,2995,1976,2593,412,0
103,104,2995,1976,2546,755,0
103,105,2995,1976,1384,10,0
103,106,2995,1976,1458,697,0
103,107,2995,1976,52,2157,0
103,108,2995,1976,2017,217,0
103,109,2995,1976,2750,1252,0
103,110,2995,1976,1972,2182,0
103,111,2995,1976,736,1220,0
103,112,2995,1976,1701,2178,0
103,113,2995,1976,27,769,0
103,114,2995,1976,148,1215,0
103,115,2995,1976,1308,917,0
103,116,2995,1976,579,885,0
103,117,2995,1976,2737,2060,0
103,118,2995,1976,1739,2828,0
103,119,2995,1976,1339,2055,0
103,120,2995,1976,1479,618,0
103,121,2995,1976,1518,2678,0
103,122,2995,1976,2663,2085,0
103,123,2995,1976,1536,440,0
103,124,2995,1976,2347,485,0
103,125,2995,1976,2244,1545,0
103,126,2995,1976,1821,2562,0
103,127,2995,1976,1162,1754,0
103,128,2995,1976,476,1205,0
103,129,2995,1976,1692,876,0
103,130,2995,1976,300,1205,0
103,131,2995,1976,2003,1714,0
103,132,2995,1976,381,1336,0
103,133,2995,1976,2948,2728,0
103,134,2995,1976,1258,2583,0
103,135,2995,1976,1121,2987,0
103,136,2995,1976,2245,575,0
103,137,2995,1976,721,430,0
103,138,2995,1976,1441,992,0
103,139,2995,1976,2326,2998,0
103,140,2995,1976,976,329,0
103,141,2995,1976,2900,191,0
103,142,2995,1976,1962,1771,0
103,143,2995,1976,238,1665,0
103,144,2995,1976,295,1936,0
103,145,2995,1976,1854,141,0
103,146,2995,1976,2927,2918,0
103,147,2995,1976,652,2117,0
103,148,2995,1976,1281,1593,0
103,149,2995,1976,1093,2355,0
103,150,2995,1976,821,2889,0
103,151,2995,1976,2640,293,0
103,152,2995,1976,2213,1092,0
103,153,2995,1976,2554,526,0
103,154,2995,1976,773,2759,0
103,155,2995,1976,2398,2598,0
103,156,2995,1976,352,1773,0
103,157,2995,1976,136,1123,0
103,158,2995,1976,2533,1961,0
103,159,2995,1976,1274,2648,0
103,160,2995,1976,2856,1016,0
103,161,2995,1976,723,68,0
103,162,2995,1976,1849,735,0
103,163,2995,1976,1750,564,0
103,164,2995,1976,21,376,0
103,165,2995,1976,2035,939,0
103,166,2995,1976,1752,1825,0
103,167,2995,1976,2384,871,0
103,168,2995,1976,1034,788,0
103,169,2995,1976,1867,2645,0
103,170,2995,1976,940,504,0
103,171,2995,1976,1519,1618,0
103,172,2995,1976,1392,2416,0
103,173,2995,1976,1843,947,0
103,174,2995,1976,1387,1345,0
103,175,2995,1976,2479,1210,0
103,176,2995,1976,1555,1680,0
103,177,2995,1976,160,2470,0
103,178,2995,1976,2692,2143,0
103,179,2995,1976,158,2357,0
103,180,2995,1976,2335,890,0
103,181,2995,1976,1761,1075,0
103,182,2995,1976,2099,406,0
104,0,2546,755,1639,2892,0
104,1,2546,755,1329,745,0
104,2,2546,755,443,1218,0
104,3,2546,755,2514,1181,0
104,4,2546,755,2286,223,0
104,5,2546,755,595,2408,0
104,6,2546,755,1383,2289,0
104,7,2546,755,1795,201,0
104,8,2546,755,2598,838,0
104,9,2546,755,813,1715,0
104,10,2546,755,1135,391,0
104,11,2546,755,1132,1878,0
104,12,2546,755,2041,661,0
104,13,2546,755,1434,670,0
104,14,2546,755,300,623,0
104,15,2546,755,1559,2032,0
104,16,2546,755,1224,2119,0
104,17,2546,755,838,460,0
104,18,2546,755,352,2688,0
104,19,2546,755,2179,352,0
104,20,2546,755,525,672,0
104,21,2546,755,1652,2883,0
104,22,2546,755,1373,2660,0
104,23,2546,755,2814,1659,0
104,24,2546,755,1449,1659,0
104,25,2546,755,2305,1303,0
104,26,2546,755,769,677,0
104,27,2546,755,2295,2940,0
104,28,2546,755,577,2880,0
104,29,2546,755,1614,2810,0
104,30,2546,755,47,1395,0
104,31,2546,755,2664,803,0
104,32,2546,755,2309,2153,0
104,33,2546,755,2074,2182,0
104,34,2546,755,1554,11,0
104,35,2546,755,1400,2146,0
104,36,2546,755,1795,740,0
104,37,2546,755,931,567,0
104,38,2546,755,1254,1779,0
104,39,2546,755,45,883,0
104,40,2546,755,1359,119,0
104,41,2546,755,2127,1277,0
104,42,2546,755,2925,1375,0
104,43,2546,755,2505,1463,0
104,44,2546,755,1791,2744,0
104,45,2546,755,1916,1718,0
104,46,2546,755,167,2831,0
104,47,2546,755,2315,236,0
104,48,2546,755,1902,1139,0
104,49,2546,755,1443,2554,0
104,50,2546,755,194,2519,0
104,51,2546,755,301,248,0
104,52,2546,755,934,2502,0
104,53,2546,755,343,1045,0
104,54,2546,755,1542,1250,0
104,55,2546,755,2149,1171,0
104,56,2546,755,2055,1783,0
104,57,2546,755,941,1993,0
104,58,2546,755,123,1452,0
104,59,2546,755,2845,2865,0
104,60,2546,755,1089,2442,0
104,61,2546,755,859,1946,0
104,62,2546,755,1024,191,0
104,63,2546,755,640,1179,0
104,64,2546,755,2225,946,0
104,65,2546,755,349,822,0
104,66,2546,755,826,2377,0
104,67,2546,755,1638,96,0
104,68,2546,755,2727,990,0
104,69,2546,755,2915,1910,0
104,70,2546,755,1406,1407,0
104,71,2546,755,2216,2614,0
104,72,2546,755,1497,453,0
104,73,2546,755,1462,1798,0
104,74,2546,755,1212,215,0
104,75,2546,755,2881,2014,0
104,76,2546,755,32,1929,0
104,77,2546,755,2695,266,0
104,78,2546,755,2042,2855,0
104,79,2546,755,193,1354,0
104,80,2546,755,123,892,0
104,81,2546,755,2391,199,0
104,82,2546,755,738,1556,0
104,83,2546,755,656,1512,0
104,84,2546,755,2081,2886,0
104,85,2546,755,2720,2097,0
104,86,2546,755,2245,1289,0
104,87,2546,755,714,2990,0
104,88,2546,755,2800,641,1
104,89,2546,755,2389,2741,0
104,90,2546,755,538,2170,0
104,91,2546,755,2767,2393,0
104,92,2546,755,1270,693,0
104,93,2546,755,2649,133,0
104,94,2546,755,782,2023,0
104,95,2546,755,551,1308,0
104,96,2546,755,2784,254,0
104,97,2546,755,2443,1306,0
104,98,2546,755,1619,1722,0
104,99,2546,755,508,1060,0
104,100,2546,755,2201,1345,0
104,101,2546,755,2587,861,0
104,102,2546,755,2593,412,0
104,103,2546,755,2995,1976,0
104,105,2546,755,1384,10,0
104,106,2546,755,1458,697,0
104,107,2546,755,52,2157,0
104,108,2546,755,2017,217,0
104,109,2546,755,2750,1252,0
104,110,2546,755,1972,2182,0
104,111,2546,755,736,1220,0
104,112,2546,755,1701,2178,0
104,113,2546,755,27,769,0
104,114,2546,755,148,1215,0
104,115,2546,755,1308,917,0
104,116,2546,755,579,885,0
104,117,2546,755,2737,2060,0
104,118,2546,755,1739,2828,0
104,119,2546,755,1339,2055,0
104,120,2546,755,1479,618,0
104,121,2546,755,1518,2678,0
104,122,2546,755,2663,2085,0
104,123,2546,755,1536,440,0
104,124,2546,755,2347,485,0
104,125,2546,755,2244,1545,0
104,126,2546,755,1821,2562,0
104,127,2546,755,1162,1754,0
104,128,2546,755,476,1205,0
104,129,2546,755,1692,876,0
104,130,2546,755,300,1205,0
104,131,2546,755,2003,1714,0
104,132,2546,755,381,1336,0
104,133,2546,755,2948,2728,0
104,134,2546,755,1258,2583,0
104,135,2546,755,1121,2987,0
104,136,2546,755,2245,575,0
104,137,2546,755,721,430,0
104,138,2546,755,1441,992,0
104,139,2546,755,2326,2998,0
104,140,2546,755,976,329,0
104,141,2546,755,2900,191,0
104,142,2546,755,1962,1771,0
104,143,2546,755,238,1665,0
104,144,2546,755,295,1936,0
104,145,2546,755,1854,141,0
104,146,2546,755,2927,2918,0
104,147,2546,755,652,2117,0
104,148,2546,755,1281,1593,0
104,149,2546,755,1093,2355,0
104,150,2546,755,821,2889,0
104,151,2546,755,2640,293,0
104,152,2546,755,2213,1092,0
104,153,2546,755,2554,526,0
104,154,2546,755,773,2759,0
104,155,2546,755,2398,2598,0
104,156,2546,755,352,1773,0
104,157,2546,755,136,1123,0
104,158,2546,755,2533,1961,0
104,159,2546,755,1274,2648,0
104,160,2546,755,2856,1016,0
104,161,2546,755,723,68,0
104,162,2546,755,1849,735,0
104,163,2546,755,1750,564,0
104,164,2546,755,21,376,0
104,165,2546,755,2035,939,0
104,166,2546,755,1752,1825,0
104,167,2546,755,2384,871,0
104,168,2546,755,1034,788,0
104,169,2546,755,1867,2645,0
104,170,2546,755,940,504,0
104,171,2546,755,1519,1618,0
104,172,2546,755,1392,2416,0
104,173,2546,755,1843,947,0
104,174,2546,755,1387,1345,0
104,175,2546,755,2479,1210,0
104,176,2546,755,1555,1680,0
104,177,2546,755,160,2470,0
104,178,2546,755,2692,2143,0
104,179,2546,755,158,2357,0
104,180,2546,755,2335,890,0
104,181,2546,755,1761,1075,0
104,182,2546,755,2099,406,0
105,0,1384,10,1639,2892,0
105,1,1384,10,1329,745,0
105,2,1384,10,443,1218,0
105,3,1384,10,2514,1181,0
105,4,1384,10,2286,223,0
105,5,1384,10,595,2408,0
105,6,1384,10,1383,2289,0
105,7,1384,10,1795,201,0
105,8,1384,10,2598,838,0
105,9,1384,10,813,1715,0
105,10,1384,10,1135,391,0
105,11,1384,10,1132,1878,0
105,12,1384,10,2041,661,0
105,13,1384,10,1434,670,0
105,14,1384,10,300,623,0
105,15,1384,10,1559,2032,0
105,16,1384,10,1224,2119,0
105,17,1384,10,838,460,0
105,18,1384,10,352,2688,0
105,19,1384,10,2179,352,0
105,20,1384,10,525,672,0
105,21,1384,10,1652,2883,0
105,22,1384,10,1373,2660,0
105,23,1384,10,2814,1659,0
105,24,1384,10,1449,1659,0
105,25,1384,10,2305,1303,0
105,26,1384,10,769,677,0
105,27,1384,10,2295,2940,0
105,28,1384,10,577,2880,0
105,29,1384,10,1614,2810,0
105,30,1384,10,47,1395,0
105,31,1384,10,2664,803,0
105,32,1384,10,2309,2153,0
105,33,1384,10,2074,2182,0
105,34,1384,10,1554,11,1
105,35,1384,10,1400,2146,0
105,36,1384,10,1795,740,0
105,37,1384,10,931,567,0
105,38,1384,10,1254,1779,0
105,39,1384,10,45,883,0
105,40,1384,10,1359,119,0
105,41,1384,10,2127,1277,0
105,42,1384,10,2925,1375,0
105,43,1384,10,2505,1463,0
105,44,1384,10,1791,2744,0
105,45,1384,10,1916,1718,0
105,46,1384,10,167,2831,0
105,47,1384,10,2315,236,0
105,48,1384,10,1902,1139,0
105,49,1384,10,1443,2554,0
105,50,1384,10,194,2519,0
105,51,1384,10,301,248,0
105,52,1384,10,934,2502,0
105,53,1384,10,343,1045,0
105,54,1384,10,1542,1250,0
105,55,1384,10,2149,1171,0
105,56,1384,10,2055,1783,0
105,57,1384,10,941,1993,0
105,58,1384,10,123,1452,0
105,59,1384,10,2845,2865,0
105,60,1384,10,1089,2442,0
105,61,1384,10,859,1946,0
105,62,1384,10,1024,191,0
105,63,1384,10,640,1179,0
105,64,1384,10,2225,946,0
105,65,1384,10,349,822,0
105,66,1384,10,826,2377,0
105,67,1384,10,1638,96,0
105,68,1384,10,2727,990,0
105,69,1384,10,2915,1910,0
105,70,1384,10,1406,1407,0
105,71,1384,10,2216,2614,0
105,72,1384,10,1497,453,0
105,73,1384,10,1462,1798,0
105,74,1384,10,1212,215,0
105,75,1384,10,2881,2014,0
105,76,1384,10,32,1929,0
105,77,1384,10,2695,266,0
105,78,1384,10,2042,2855,0
105,79,1384,10,193,1354,0
105,80,1384,10,123,892,0
105,81,1384,10,2391,199,0
105,82,1384,10,738,1556,0
105,83,1384,10,656,1512,0
105,84,1384,10,2081,2886,0
105,85,1384,10,2720,2097,0
105,86,1384,10,2245,1289,0
105,87,1384,10,714,2990,0
105,88,1384,10,2800,641,0
105,89,1384,10,2389,2741,0
105,90,1384,10,538,2170,0
105,91,1384,10,2767,2393,0
105,92,1384,10,1270,693,0
105,93,1384,10,2649,133,0
105,94,1384,10,782,2023,0
105,95,1384,10,551,1308,0
105,96,1384,10,2784,254,0
105,97,1384,10,2443,1306,0
105,98,1384,10,1619,1722,0
105,99,1384,10,508,1060,0
105,100,1384,10,2201,1345,0
105,101,1384,10,2587,861,0
105,102,1384,10,2593,412,0
105,103,1384,10,2995,1976,0
105,104,1384,10,2546,755,0
105,106,1384,10,1458,697,0
105,107,1384,10,52,2157,0
105,108,1384,10,2017,217,0
105,109,1384,10,2750,1252,0
105,110,1384,10,1972,2182,0
105,111,1384,10,736,1220,0
105,112,1384,10,1701,2178,0
105,113,1384,10,27,769,0
105,114,1384,10,148,1215,0
105,115,1384,10,1308,917,0
105,116,1384,10,579,885,0
105,117,1384,10,2737,2060,0
105,118,1384,10,1739,2828,0
105,119,1384,10,1339,2055,0
105,120,1384,10,1479,618,0
105,121,1384,10,1518,2678,0
105,122,1384,10,2663,2085,0
105,123,1384,10,1536,440,0
105,124,1384,10,2347,485,0
105,125,1384,10,2244,1545,0
105,126,1384,10,1821,2562,0
105,127,1384,10,1162,1754,0
105,128,1384,10,476,1205,0
105,129,1384,10,1692,876,0
105,130,1384,10,300,1205,0
105,131,1384,10,2003,1714,0
105,132,1384,10,381,1336,0
105,133,1384,10,2948,2728,0
105,134,1384,10,1258,2583,0
105,135,1384,10,1121,2987,0
105,136,1384,10,2245,575,0
105,137,1384,10,721,430,0
105,138,1384,10,1441,992,0
105,139,1384,10,2326,2998,0
105,140,1384,10,976,329,0
105,141,1384,10,2900,191,0
105,142,1384,10,1962,1771,0
105,143,1384,10,238,1665,0
105,144,1384,10,295,1936,0
105,145,1384,10,1854,141,0
105,146,1384,10,2927,2918,0
105,147,1384,10,652,2117,0
105,148,1384,10,1281,1593,0
105,149,1384,10,1093,2355,0
105,150,1384,10,821,2889,0
105,151,1384,10,2640,293,0
105,152,1384,10,2213,1092,0
105,153,1384,10,2554,526,0
105,154,1384,10,773,2759,0
105,155,1384,10,2398,2598,0
105,156,1384,10,352,1773,0
105,157,1384,10,136,1123,0
105,158,1384,10,2533,1961,0
105,159,1384,10,1274,2648,0
105,160,1384,10,2856,1016,0
105,161,1384,10,723,68,0
105,162,1384,10,1849,735,0
105,163,1384,10,1750,564,0
105,164,1384,10,21,376,0
105,165,1384,10,2035,939,0
105,166,1384,10,1752,1825,0
105,167,1384,10,2384,871,0
105,168,1384,10,1034,788,0
105,169,1384,10,1867,2645,0
105,170,1384,10,940,504,0
105,171,1384,10,1519,1618,0
105,172,1384,10,1392,2416,0
105,173,1384,10,1843,947,0
105,174,1384,10,1387,1345,0
105,175,1384,10,2479,1210,0
105,176,1384,10,1555,1680,0
105,177,1384,10,160,2470,0
105,178,1384,10,2692,2143,0
105,179,1384,10,158,2357,0
105,180,1384,10,2335,890,0
105,181,1384,10,1761,1075,0
105,182,1384,10,2099,406,0
106,0,1458,697,1639,2892,0
106,1,1458,697,1329,745,0
106,2,1458,697,443,1218,0
106,3,1458,697,2514,1181,0
106,4,1458,697,2286,223,0
106,5,1458,697,595,2408,0
106,6,1458,697,1383,2289,0
106,7,1458,697,1795,201,0
106,8,1458,697,2598,838,0
106,9,1458,697,813,1715,0
106,10,1458,697,1135,391,0
106,11,1458,697,1132,1878,0
106,12,1458,697,2041,661,0
106,13,1458,697,1434,670,0
106,14,1458,697,300,623,0
106,15,1458,697,1559,2032,0
106,16,1458,697,1224,2119,0
106,17,1458,697,838,460,0
106,18,1458,697,352,2688,0
106,19,1458,697,2179,352,0
106,20,1458,697,525,672,0
106,21,1458,697,1652,2883,0
106,22,1458,697,1373,2660,0
106,23,1458,697,2814,1659,0
106,24,1458,697,1449,1659,0
106,25,1458,697,2305,1303,0
106,26,1458,697,769,677,0
106,27,1458,697,2295,2940,0
106,28,1458,697,577,2880,0
106,29,1458,697,1614,2810,0
106,30,1458,697,47,1395,0
106,31,1458,697,2664,803,0
106,32,1458,697,2309,2153,0
106,33,1458,697,2074,2182,0
106,34,1458,697,1554,11,0
106,35,1458,697,1400,2146,0
106,36,1458,697,1795,740,0
106,37,1458,697,931,567,0
106,38,1458,697,1254,1779,0
106,39,1458,697,45,883,0
106,40,1458,697,1359,119,0
106,41,1458,697,2127,1277,0
106,42,1458,697,2925,1375,0
106,43,1458,697,2505,1463,0
106,44,1458,697,1791,2744,0
106,45,1458,697,1916,1718,0
106,46,1458,697,167,2831,0
106,47,1458,697,2315,236,0
106,48,1458,697,1902,1139,0
106,49,1458,697,1443,2554,0
106,50,1458,697,194,2519,0
106,51,1458,697,301,248,0
106,52,1458,697,934,2502,0
106,53,1458,697,343,1045,0
106,54,1458,697,1542,1250,0
106,55,1458,697,2149,1171,0
106,56,1458,697,2055,1783,0
106,57,1458,697,941,1993,0
106,58,1458,697,123,1452,0
106,59,1458,697,2845,2865,0
106,60,1458,697,1089,2442,0
106,61,1458,697,859,1946,0
106,62,1458,697,1024,191,0
106,63,1458,697,640,1179,0
106,64,1458,697,2225,946,0
106,65,1458,697,349,822,0
106,66,1458,697,826,2377,0
106,67,1458,697,1638,96,0
106,68,1458,697,2727,990,0
106,69,1458,697,2915,1910,0
106,70,1458,697,1406,1407,0
106,71,1458,697,2216,2614,0
106,72,1458,697,1497,453,0
106,73,1458,697,1462,1798,0
106,74,1458,697,1212,215,0
106,75,1458,697,2881,2014,0
106,76,1458,697,32,1929,0
106,77,1458,697,2695,266,0
106,78,1458,697,2042,2855,0
106,79,1458,697,193,1354,0
106,80,1458,697,123,892,0
106,81,1458,697,2391,199,0
106,82,1458,697,738,1556,0
106,83,1458,697,656,1512,0
106,84,1458,697,2081,2886,0
106,85,1458,697,2720,2097,0
106,86,1458,697,2245,1289,0
106,87,1458,697,714,2990,0
106,88,1458,697,2800,641,0
106,89,1458,697,2389,2741,0
106,90,1458,697,538,2170,0
106,91,1458,697,2767,2393,0
106,92,1458,697,1270,693,0
106,93,1458,697,2649,133,0
106,94,1458,697,782,2023,0
106,95,1458,697,551,1308,0
106,96,1458,697,2784,254,0
106,97,1458,697,2443,1306,0
106,98,1458,697,1619,1722,0
106,99,1458,697,508,1060,0
106,100,1458,697,2201,1345,0
106,101,1458,697,2587,861,0
106,102,1458,697,2593,412,0
106,103,1458,697,2995,1976,0
106,104,1458,697,2546,755,0
106,105,1458,697,1384,10,0
106,107,1458,697,52,2157,0
106,108,1458,697,2017,217,0
106,109,1458,697,2750,1252,0
106,110,1458,697,1972,2182,0
106,111,1458,697,736,1220,0
106,112,1458,697,1701,2178,0
106,113,1458,697,27,769,0
106,114,1458,697,148,1215,0
106,115,1458,697,1308,917,0
106,116,1458,697,579,885,0
106,117,1458,697,2737,2060,0
106,118,1458,697,1739,2828,0
106,119,1458,697,1339,2055,0
106,120,1458,697,1479,618,0
106,121,1458,697,1518,2678,0
106,122,1458,697,2663,2085,0
106,123,1458,697,1536,440,0
106,124,1458,697,2347,485,0
106,125,1458,697,2244,1545,0
106,126,1458,697,1821,2562,0
106,127,1458,697,1162,1754,0
106,128,1458,697,476,1205,0
106,129,1458,697,1692,876,1
106,130,1458,697,300,1205,0
106,131,1458,697,2003,1714,0
106,132,1458,697,381,1336,0
106,133,1458,697,2948,2728,0
106,134,1458,697,1258,2583,0
106,135,1458,697,1121,2987,0
106,136,1458,697,2245,575,0
106,137,1458,697,721,430,0
106,138,1458,697,1441,992,0
106,139,1458,697,2326,2998,0
106,140,1458,697,976,329,0
106,141,1458,697,2900,191,0
106,142,1458,697,1962,1771,0
106,143,1458,697,238,1665,0
106,144,1458,697,295,1936,0
106,145,1458,697,1854,141,0
106,146,1458,697,2927,2918,0
106,147,1458,697,652,2117,0
106,148,1458,697,1281,1593,0
106,149,1458,697,1093,2355,0
106,150,1458,697,821,2889,0
106,151,1458,697,2640,293,0
106,152,1458,697,2213,1092,0
106,153,1458,697,2554,526,0
106,154,1458,697,773,2759,0
106,155,1458,697,2398,2598,0
106,156,1458,697,352,1773,0
106,157,1458,697,136,1123,0
106,158,1458,697,2533,1961,0
106,159,1458,697,1274,2648,0
106,160,1458,697,2856,1016,0
106,161,1458,697,723,68,0
106,162,1458,697,1849,735,0
106,163,1458,697,1750,564,0
106,164,1458,697,21,376,0
106,165,1458,697,2035,939,0
106,166,1458,697,1752,1825,0
106,167,1458,697,2384,871,0
106,168,1458,697,1034,788,0
106,169,1458,697,1867,2645,0
106,170,1458,697,940,504,0
106,171,1458,697,1519,1618,0
106,172,1458,697,1392,2416,0
106,173,1458,697,1843,947,0
106,174,1458,697,1387,1345,0
106,175,1458,697,2479,1210,0
106,176,1458,697,1555,1680,0
106,177,1458,697,160,2470,0
106,178,1458,697,2692,2143,0
106,179,1458,697,158,2357,0
106,180,1458,697,2335,890,0
106,181,1458,697,1761,1075,0
106,182,1458,697,2099,406,0
107,0,52,2157,1639,2892,0
107,1,52,2157,1329,745,0
107,2,52,2157,443,1218,0
107,3,52,2157,2514,1181,0
107,4,52,2157,2286,223,0
107,5,52,2157,595,2408,0
107,6,52,2157,1383,2289,0
107,7,52,2157,1795,201,0
107,8,52,2157,2598,838,0
107,9,52,2157,813,1715,0
107,10,52,2157,1135,391,0
107,11,52,2157,1132,1878,0
107,12,52,2157,2041,661,0
107,13,52,2157,1434,670,0
107,14,52,2157,300,623,0
107,15,52,2157,1559,2032,0
107,16,52,2157,1224,2119,0
107,17,52,2157,838,460,0
107,18,52,2157,352,2688,0
107,19,52,2157,2179,352,0
107,20,52,2157,525,672,0
107,21,52,2157,1652,2883,0
107,22,52,2157,1373,2660,0
107,23,52,2157,2814,1659,0
107,24,52,2157,1449,1659,0
107,25,52,2157,2305,1303,0
107,26,52,2157,769,677,0
107,27,52,2157,2295,2940,0
107,28,52,2157,577,2880,0
107,29,52,2157,1614,2810,0
107,30,52,2157,47,1395,0
107,31,52,2157,2664,803,0
107,32,52,2157,2309,2153,0
107,33,52,2157,2074,2182,0
107,34,52,2157,1554,11,0
107,35,52,2157,1400,2146,0
107,36,52,2157,1795,740,0
107,37,52,2157,931,567,0
107,38,52,2157,1254,1779,0
107,39,52,2157,45,883,0
107,40,52,2157,1359,119,0
107,41,52,2157,2127,1277,0
107,42,52,2157,2925,1375,0
107,43,52,2157,2505,1463,0
107,44,52,2157,1791,2744,0
107,45,52,2157,1916,1718,0
107,46,52,2157,167,2831,0
107,47,52,2157,2315,236,0
107,48,52,2157,1902,1139,0
107,49,52,2157,1443,2554,0
107,50,52,2157,194,2519,0
107,51,52,2157,301,248,0
107,52,52,2157,934,2502,0
107,53,52,2157,343,1045,0
107,54,52,2157,1542,1250,0
107,55,52,2157,2149,1171,0
107,56,52,2157,2055,1783,0
107,57,52,2157,941,1993,0
107,58,52,2157,123,1452,0
107,59,52,2157,2845,2865,0
107,60,52,2157,1089,2442,0
107,61,52,2157,859,1946,0
107,62,52,2157,1024,191,0
107,63,52,2157,640,1179,0
107,64,52,2157,2225,946,0
107,65,52,2157,349,822,0
107,66,52,2157,826,2377,0
107,67,52,2157,1638,96,0
107,68,52,2157,2727,990,0
107,69,52,2157,2915,1910,0
107,70,52,2157,1406,1407,0
107,71,52,2157,2216,2614,0
107,72,52,2157,1497,453,0
107,73,52,2157,1462,1798,0
107,74,52,2157,1212,215,0
107,75,52,2157,2881,2014,0
107,76,52,2157,32,1929,1
107,77,52,2157,2695,266,0
107,78,52,2157,2042,2855,0
107,79,52,2157,193,1354,0
107,80,52,2157,123,892,0
107,81,52,2157,2391,199,0
107,82,52,2157,738,1556,0
107,83,52,2157,656,1512,0
107,84,52,2157,2081,2886,0
107,85,52,2157,2720,2097,0
107,86,52,2157,2245,1289,0
107,87,52,2157,714,2990,0
107,88,52,2157,2800,641,0
107,89,52,2157,2389,2741,0
107,90,52,2157,538,2170,0
107,91,52,2157,2767,2393,0
107,92,52,2157,1270,693,0
107,93,52,2157,2649,133,0
107,94,52,2157,782,2023,0
107,95,52,2157,551,1308,0
107,96,52,2157,2784,254,0
107,97,52,2157,2443,1306,0
107,98,52,2157,1619,1722,0
107,99,52,2157,508,1060,0
107,100,52,2157,2201,1345,0
107,101,52,2157,2587,861,0
107,102,52,2157,2593,412,0
107,103,52,2157,2995,1976,0
107,104,52,2157,2546,755,0
107,105,52,2157,1384,10,0
107,106,52,2157,1458,697,0
107,108,52,2157,2017,217,0
107,109,52,2157,2750,1252,0
107,110,52,2157,1972,2182,0
107,111,52,2157,736,1220,0
107,112,52,2157,1701,2178,0
107,113,52,2157,27,769,0
107,114,52,2157,148,1215,0
107,115,52,2157,1308,917,0
107,116,52,2157,579,885,0
107,117,52,2157,2737,2060,0
107,118,52,2157,1739,2828,0
107,119,52,2157,1339,2055,0
107,120,52,2157,1479,618,0
107,121,52,2157,1518,2678,0
107,122,52,2157,2663,2085,0
107,123,52,2157,1536,440,0
107,124,52,2157,2347,485,0
107,125,52,2157,2244,1545,0
107,126,52,2157,1821,2562,0
107,127,52,2157,1162,1754,0
107,128,52,2157,476,1205,0
107,129,52,2157,1692,876,0
107,130,52,2157,300,1205,0
107,131,52,2157,2003,1714,0
107,132,52,2157,381,1336,0
107,133,52,2157,2948,2728,0
107,134,52,2157,1258,2583,0
107,135,52,2157,1121,2987,0
107,136,52,2157,2245,575,0
107,137,52,2157,721,430,0
107,138,52,2157,1441,992,0
107,139,52,2157,2326,2998,0
107,140,52,2157,976,329,0
107,141,52,2157,2900,191,0
107,142,52,2157,1962,1771,0
107,143,52,2157,238,1665,0
107,144,52,2157,295,1936,0
107,145,52,2157,1854,141,0
107,146,52,2157,2927,2918,0
107,147,52,2157,652,2117,0
107,148,52,2157,1281,1593,0
107,149,52,2157,1093,2355,0
107,150,52,2157,821,2889,0
107,151,52,2157,2640,293,0
107,152,52,2157,2213,1092,0
107,153,52,2157,2554,526,0
107,154,52,2157,773,2759,0
107,155,52,2157,2398,2598,0
107,156,52,2157,352,1773,0
107,157,52,2157,136,1123,0
107,158,52,2157,2533,1961,0
107,159,52,2157,1274,2648,0
107,160,52,2157,2856,1016,0
107,161,52,2157,723,68,0
107,162,52,2157,1849,735,0
107,163,52,2157,1750,564,0
107,164,52,2157,21,376,0
107,165,52,2157,2035,939,0
107,166,52,2157,1752,1825,0
107,167,52,2157,2384,871,0
107,168,52,2157,1034,788,0
107,169,52,2157,1867,2645,0
107,170,52,2157,940,504,0
107,171,52,2157,1519,1618,0
107,172,52,2157,1392,2416,0
107,173,52,2157,1843,947,0
107,174,52,2157,1387,1345,0
107,175,52,2157,2479,1210,0
107,176,52,2157,1555,1680,0
107,177,52,2157,160,2470,0
107,178,52,2157,2692,2143,0
107,179,52,2157,158,2357,0
107,180,52,2157,2335,890,0
107,181,52,2157,1761,1075,0
107,182,52,2157,2099,406,0
108,0,2017,217,1639,2892,0
108,1,2017,217,1329,745,0
108,2,2017,217,443,1218,0
108,3,2017,217,2514,1181,0
108,4,2017,217,2286,223,0
108,5,2017,217,595,2408,0
108,6,2017,217,1383,2289,0
108,7,2017,217,1795,201,0
108,8,2017,217,2598,838,0
108,9,2017,217,813,1715,0
108,10,2017,217,1135,391,0
108,11,2017,217,1132,1878,0
108,12,2017,217,2041,661,0
108,13,2017,217,1434,670,0
108,14,2017,217,300,623,0
108,15,2017,217,1559,2032,0
108,16,2017,217,1224,2119,0
108,17,2017,217,838,460,0
108,18,2017,217,352,2688,0
108,19,2017,217,2179,352,0
108,20,2017,217,525,672,0
108,21,2017,217,1652,2883,0
108,22,2017,217,1373,2660,0
108,23,2017,217,2814,1659,0
108,24,2017,217,1449,1659,0
108,25,2017,217,2305,1303,0
108,26,2017,217,769,677,0
108,27,2017,217,2295,2940,0
108,28,2017,217,577,2880,0
108,29,2017,217,1614,2810,0
108,30,2017,217,47,1395,0
108,31,2017,217,2664,803,0
108,32,2017,217,2309,2153,0
108,33,2017,217,2074,2182,0
108,34,2017,217,1554,11,0
108,35,2017,217,1400,2146,0
108,36,2017,217,1795,740,0
108,37,2017,217,931,567,0
108,38,2017,217,1254,1779,0
108,39,2017,217,45,883,0
108,40,2017,217,1359,119,0
108,41,2017,217,2127,1277,0
108,42,2017,217,2925,1375,0
108,43,2017,217,2505,1463,0
108,44,2017,217,1791,2744,0
108,45,2017,217,1916,1718,0
108,46,2017,217,167,2831,0
108,47,2017,217,2315,236,0
108,48,2017,217,1902,1139,0
108,49,2017,217,1443,2554,0
108,50,2017,217,194,2519,0
108,51,2017,217,301,248,0
108,52,2017,217,934,2502,0
108,53,2017,217,343,1045,0
108,54,2017,217,1542,1250,0
108,55,2017,217,2149,1171,0
108,56,2017,217,2055,1783,0
108,57,2017,217,941,1993,0
108,58,2017,217,123,1452,0
108,59,2017,217,2845,2865,0
108,60,2017,217,1089,2442,0
108,61,2017,217,859,1946,0
108,62,2017,217,1024,191,0
108,63,2017,217,640,1179,0
108,64,2017,217,2225,946,0
108,65,2017,217,349,822,0
108,66,2017,217,826,2377,0
108,67,2017,217,1638,96,0
108,68,2017,217,2727,990,0
108,69,2017,217,2915,1910,0
108,70,2017,217,1406,1407,0
108,71,2017,217,2216,2614,0
108,72,2017,217,1497,453,0
108,73,2017,217,1462,1798,0
108,74,2017,217,1212,215,0
108,75,2017,217,2881,2014,0
108,76,2017,217,32,1929,0
108,77,2017,217,2695,266,0
108,78,2017,217,2042,2855,0
108,79,2017,217,193,1354,0
108,80,2017,217,123,892,0
108,81,2017,217,2391,199,0
108,82,2017,217,738,1556,0
108,83,2017,217,656,1512,0
108,84,2017,217,2081,2886,0
108,85,2017,217,2720,2097,0
108,86,2017,217,2245,1289,0
108,87,2017,217,714,2990,0
108,88,2017,217,2800,641,0
108,89,2017,217,2389,2741,0
108,90,2017,217,538,2170,0
108,91,2017,217,2767,2393,0
108,92,2017,217,1270,693,0
108,93,2017,217,2649,133,0
108,94,2017,217,782,2023,0
108,95,2017,217,551,1308,0
108,96,2017,217,2784,254,0
108,97,2017,217,2443,1306,0
108,98,2017,217,1619,1722,0
108,99,2017,217,508,1060,0
108,100,2017,217,2201,1345,0
108,101,2017,217,2587,861,0
108,102,2017,217,2593,412,0
108,103,2017,217,2995,1976,0
108,104,2017,217,2546,755,0
108,105,2017,217,1384,10,0
108,106,2017,217,1458,697,0
108,107,2017,217,52,2157,0
108,109,2017,217,2750,1252,0
108,110,2017,217,1972,2182,0
108,111,2017,217,736,1220,0
108,112,2017,217,1701,2178,0
108,113,2017,217,27,769,0
108,114,2017,217,148,1215,0
108,115,2017,217,1308,917,0
108,116,2017,217,579,885,0
108,117,2017,217,2737,2060,0
108,118,2017,217,1739,2828,0
108,119,2017,217,1339,2055,0
108,120,2017,217,1479,618,0
108,121,2017,217,1518,2678,0
108,122,2017,217,2663,2085,0
108,123,2017,217,1536,440,0
108,124,2017,217,2347,485,0
108,125,2017,217,2244,1545,0
108,126,2017,217,1821,2562,0
108,127,2017,217,1162,1754,0
108,128,2017,217,476,1205,0
108,129,2017,217,1692,876,0
108,130,2017,217,300,1205,0
108,131,2017,217,2003,1714,0
108,132,2017,217,381,1336,0
108,133,2017,217,2948,2728,0
108,134,2017,217,1258,2583,0
108,135,2017,217,1121,2987,0
108,136,2017,217,2245,575,0
108,137,2017,217,721,430,0
108,138,2017,217,1441,992,0
108,139,2017,217,2326,2998,0
108,140,2017,217,976,329,0
108,141,2017,217,2900,191,0
108,142,2017,217,1962,1771,0
108,143,2017,217,238,1665,0
108,144,2017,217,295,1936,0
108,145,2017,217,1854,141,0
108,146,2017,217,2927,2918,0
108,147,2017,217,652,2117,0
108,148,2017,217,1281,1593,0
108,149,2017,217,1093,2355,0
108,150,2017,217,821,2889,0
108,151,2017,217,2640,293,0
108,152,2017,217,2213,1092,0
108,153,2017,217,2554,526,0
108,154,2017,217,773,2759,0
108,155,2017,217,2398,2598,0
108,156,2017,217,352,1773,0
108,157,2017,217,136,1123,0
108,158,2017,217,2533,1961,0
108,159,2017,217,1274,2648,0
108,160,2017,217,2856,1016,0
108,161,2017,217,723,68,0
108,162,2017,217,1849,735,0
108,163,2017,217,1750,564,0
108,164,2017,217,21,376,0
108,165,2017,217,2035,939,0
108,166,2017,217,1752,1825,0
108,167,2017,217,2384,871,0
108,168,2017,217,1034,788,0
108,169,2017,217,1867,2645,0
108,170,2017,217,940,504,0
108,171,2017,217,1519,1618,0
108,172,2017,217,1392,2416,0
108,173,2017,217,1843,947,0
108,174,2017,217,1387,1345,0
108,175,2017,217,2479,1210,0
108,176,2017,217,1555,1680,0
108,177,2017,217,160,2470,0
108,178,2017,217,2692,2143,0
108,179,2017,217,158,2357,0
108,180,2017,217,2335,890,0
108,181,2017,217,1761,1075,0
108,182,2017,217,2099,406,1
109,0,2750,1252,1639,2892,0
109,1,2750,1252,1329,745,0
109,2,2750,1252,443,1218,0
109,3,2750,1252,2514,1181,0
109,4,2750,1252,2286,223,0
109,5,2750,1252,595,2408,0
109,6,2750,1252,1383,2289,0
109,7,2750,1252,1795,201,0
109,8,2750,1252,2598,838,0
109,9,2750,1252,813,1715,0
109,10,2750,1252,1135,391,0
109,11,2750,1252,1132,1878,0
109,12,2750,1252,2041,661,0
109,13,2750,1252,1434,670,0
109,14,2750,1252,300,623,0
109,15,2750,1252,1559,2032,0
109,16,2750,1252,1224,2119,0
109,17,2750,1252,838,460,0
109,18,2750,1252,352,2688,0
109,19,2750,1252,2179,352,0
109,20,2750,1252,525,672,0
109,21,2750,1252,1652,2883,0
109,22,2750,1252,1373,2660,0
109,23,2750,1252,2814,1659,0
109,24,2750,1252,1449,1659,0
109,25,2750,1252,2305,1303,0
109,26,2750,1252,769,677,0
109,27,2750,1252,2295,2940,0
109,28,2750,1252,577,2880,0
109,29,2750,1252,1614,2810,0
109,30,2750,1252,47,1395,0
109,31,2750,1252,2664,803,0
109,32,2750,1252,2309,2153,0
109,33,2750,1252,2074,2182,0
109,34,2750,1252,1554,11,0
109,35,2750,1252,1400,2146,0
109,36,2750,1252,1795,740,0
109,37,2750,1252,931,567,0
109,38,2750,1252,1254,1779,0
109,39,2750,1252,45,883,0
109,40,2750,1252,1359,119,0
109,41,2750,1252,2127,1277,0
109,42,2750,1252,2925,1375,1
109,43,2750,1252,2505,1463,0
109,44,2750,1252,1791,2744,0
109,45,2750,1252,1916,1718,0
109,46,2750,1252,167,2831,0
109,47,2750,1252,2315,236,0
109,48,2750,1252,1902,1139,0
109,49,2750,1252,1443,2554,0
109,50,2750,1252,194,2519,0
109,51,2750,1252,301,248,0
109,52,2750,1252,934,2502,0
109,53,2750,1252,343,1045,0
109,54,2750,1252,1542,1250,0
109,55,2750,1252,2149,1171,0
109,56,2750,1252,2055,1783,0
109,57,2750,1252,941,1993,0
109,58,2750,1252,123,1452,0
109,59,2750,1252,2845,2865,0
109,60,2750,1252,1089,2442,0
109,61,2750,1252,859,1946,0
109,62,2750,1252,1024,191,0
109,63,2750,1252,640,1179,0
109,64,2750,1252,2225,946,0
109,65,2750,1252,349,822,0
109,66,2750,1252,826,2377,0
109,67,2750,1252,1638,96,0
109,68,2750,1252,2727,990,0
109,69,2750,1252,2915,1910,0
109,70,2750,1252,1406,1407,0
109,71,2750,1252,2216,2614,0
109,72,2750,1252,1497,453,0
109,73,2750,1252,1462,1798,0
109,74,2750,1252,1212,215,0
109,75,2750,1252,2881,2014,0
109,76,2750,1252,32,1929,0
109,77,2750,1252,2695,266,0
109,78,2750,1252,2042,2855,0
109,79,2750,1252,193,1354,0
109,80,2750,1252,123,892,0
109,81,2750,1252,2391,199,0
109,82,2750,1252,738,1556,0
109,83,2750,1252,656,1512,0
109,84,2750,1252,2081,2886,0
109,85,2750,1252,2720,2097,0
109,86,2750,1252,2245,1289,0
109,87,2750,1252,714,2990,0
109,88,2750,1252,2800,641,0
109,89,2750,1252,2389,2741,0
109,90,2750,1252,538,2170,0
109,91,2750,1252,2767,2393,0
109,92,2750,1252,1270,693,0
109,93,2750,1252,2649,133,0
109,94,2750,1252,782,2023,0
109,95,2750,1252,551,1308,0
109,96,2750,1252,2784,254,0
109,97,2750,1252,2443,1306,0
109,98,2750,1252,1619,1722,0
109,99,2750,1252,508,1060,0
109,100,2750,1252,2201,1345,0
109,101,2750,1252,2587,861,0
109,102,2750,1252,2593,412,0
109,103,2750,1252,2995,1976,0
109,104,2750,1252,2546,755,0
109,105,2750,1252,1384,10,0
109,106,2750,1252,1458,697,0
109,107,2750,1252,52,2157,0
109,108,2750,1252,2017,217,0
109,110,2750,1252,1972,2182,0
109,111,2750,1252,736,1220,0
109,112,2750,1252,1701,2178,0
109,113,2750,1252,27,769,0
109,114,2750,1252,148,1215,0
109,115,2750,1252,1308,917,0
109,116,2750,1252,579,885,0
109,117,2750,1252,2737,2060,0
109,118,2750,1252,1739,2828,0
109,119,2750,1252,1339,2055,0
109,120,2750,1252,1479,618,0
109,121,2750,1252,1518,2678,0
109,122,2750,1252,2663,2085,0
109,123,2750,1252,1536,440,0
109,124,2750,1252,2347,485,0
109,125,2750,1252,2244,1545,0
109,126,2750,1252,1821,2562,0
109,127,2750,1252,1162,1754,0
109,128,2750,1252,476,1205,0
109,129,2750,1252,1692,876,0
109,130,2750,1252,300,1205,0
109,131,2750,1252,2003,1714,0
109,132,2750,1252,381,1336,0
109,133,2750,1252,2948,2728,0
109,134,2750,1252,1258,2583,0
109,135,2750,1252,1121,2987,0
109,136,2750,1252,2245,575,0
109,137,2750,1252,721,430,0
109,138,2750,1252,1441,992,0
109,139,2750,1252,2326,2998,0
109,140,2750,1252,976,329,0
109,141,2750,1252,2900,191,0
109,142,2750,1252,1962,1771,0
109,143,2750,1252,238,1665,0
109,144,2750,1252,295,1936,0
109,145,2750,1252,1854,141,0
109,146,2750,1252,2927,2918,0
109,147,2750,1252,652,2117,0
109,148,2750,1252,1281,1593,0
109,149,2750,1252,1093,2355,0
109,150,2750,1252,821,2889,0
109,151,2750,1252,2640,293,0
109,152,2750,1252,2213,1092,0
109,153,2750,1252,2554,526,0
109,154,2750,1252,773,2759,0
109,155,2750,1252,2398,2598,0
109,156,2750,1252,352,1773,0
109,157,2750,1252,136,1123,0
109,158,2750,1252,2533,1961,0
109,159,2750,1252,1274,2648,0
109,160,2750,1252,2856,1016,0
109,161,2750,1252,723,68,0
109,162,2750,1252,1849,735,0
109,163,2750,1252,1750,564,0
109,164,2750,1252,21,376,0
109,165,2750,1252,2035,939,0
109,166,2750,1252,1752,1825,0
109,167,2750,1252,2384,871,0
109,168,2750,1252,1034,788,0
109,169,2750,1252,1867,2645,0
109,170,2750,1252,940,504,0
109,171,2750,1252,1519,1618,0
109,172,2750,1252,1392,2416,0
109,173,2750,1252,1843,947,0
109,174,2750,1252,1387,1345,0
109,175,2750,1252,2479,1210,0
109,176,2750,1252,1555,1680,0
109,177,2750,1252,160,2470,0
109,178,2750,1252,2692,2143,0
109,179,2750,1252,158,2357,0
109,180,2750,1252,2335,890,0
109,181,2750,1252,1761,1075,0
109,182,2750,1252,2099,406,0
110,0,1972,2182,1639,2892,0
110,1,1972,2182,1329,745,0
110,2,1972,2182,443,1218,0
110,3,1972,2182,2514,1181,0
110,4,1972,2182,2286,223,0
110,5,1972,2182,595,2408,0
110,6,1972,2182,1383,2289,0
110,7,1972,2182,1795,201,0
110,8,1972,2182,2598,838,0
110,9,1972,2182,813,1715,0
110,10,1972,2182,1135,391,0
110,11,1972,2182,1132,1878,0
110,12,1972,2182,2041,661,0
110,13,1972,2182,1434,670,0
110,14,1972,2182,300,623,0
110,15,1972,2182,1559,2032,0
110,16,1972,2182,1224,2119,0
110,17,1972,2182,838,460,0
110,18,1972,2182,352,2688,0
110,19,1972,2182,2179,352,0
110,20,1972,2182,525,672,0
110,21,1972,2182,1652,2883,0
110,22,1972,2182,1373,2660,0
110,23,1972,2182,2814,1659,0
110,24,1972,2182,1449,1659,0
110,25,1972,2182,2305,1303,0
110,26,1972,2182,769,677,0
110,27,1972,2182,2295,2940,0
110,28,1972,2182,577,2880,0
110,29,1972,2182,1614,2810,0
110,30,1972,2182,47,1395,0
110,31,1972,2182,2664,803,0
110,32,1972,2182,2309,2153,0
110,33,1972,2182,2074,2182,1
110,34,1972,2182,1554,11,0
110,35,1972,2182,1400,2146,0
110,36,1972,2182,1795,740,0
110,37,1972,2182,931,567,0
110,38,1972,2182,1254,1779,0
110,39,1972,2182,45,883,0
110,40,1972,2182,1359,119,0
110,41,1972,2182,2127,1277,0
110,42,1972,2182,2925,1375,0
110,43,1972,2182,2505,1463,0
110,44,1972,2182,1791,2744,0
110,45,1972,2182,1916,1718,0
110,46,1972,2182,167,2831,0
110,47,1972,2182,2315,236,0
110,48,1972,2182,1902,1139,0
110,49,1972,2182,1443,2554,0
110,50,1972,2182,194,2519,0
110,51,1972,2182,301,248,0
110,52,1972,2182,934,2502,0
110,53,1972,2182,343,1045,0
110,54,1972,2182,1542,1250,0
110,55,1972,2182,2149,1171,0
110,56,1972,2182,2055,1783,0
110,57,1972,2182,941,1993,0
110,58,1972,2182,123,1452,0
110,59,1972,2182,2845,2865,0
110,60,1972,2182,1089,2442,0
110,61,1972,2182,859,1946,0
110,62,1972,2182,1024,191,0
110,63,1972,2182,640,1179,0
110,64,1972,2182,2225,946,0
110,65,1972,2182,349,822,0
110,66,1972,2182,826,2377,0
110,67,1972,2182,1638,96,0
110,68,1972,2182,2727,990,0
110,69,1972,2182,2915,1910,0
110,70,1972,2182,1406,1407,0
110,71,1972,2182,2216,2614,0
110,72,1972,2182,1497,453,0
110,73,1972,2182,1462,1798,0
110,74,1972,2182,1212,215,0
110,75,1972,2182,2881,2014,0
110,76,1972,2182,32,1929,0
110,77,1972,2182,2695,266,0
110,78,1972,2182,2042,2855,0
110,79,1972,2182,193,1354,0
110,80,1972,2182,123,892,0
110,81,1972,2182,2391,199,0
110,82,1972,2182,738,1556,0
110,83,1972,2182,656,1512,0
110,84,1972,2182,2081,2886,0
110,85,1972,2182,2720,2097,0
110,86,1972,2182,2245,1289,0
110,87,1972,2182,714,2990,0
110,88,1972,2182,2800,641,0
110,89,1972,2182,2389,2741,0
110,90,1972,2182,538,2170,0
110,91,1972,2182,2767,2393,0
110,92,1972,2182,1270,693,0
110,93,1972,2182,2649,133,0
110,94,1972,2182,782,2023,0
110,95,1972,2182,551,1308,0
110,96,1972,2182,2784,254,0
110,97,1972,2182,2443,1306,0
110,98,1972,2182,1619,1722,0
110,99,1972,2182,508,1060,0
110,100,1972,2182,2201,1345,0
110,101,1972,2182,2587,861,0
110,102,1972,2182,2593,412,0
110,103,1972,2182,2995,1976,0
110,104,1972,2182,2546,755,0
110,105,1972,2182,1384,10,0
110,106,1972,2182,1458,697,0
110,107,1972,2182,52,2157,0
110,108,1972,2182,2017,217,0
110,109,1972,2182,2750,1252,0
110,111,1972,2182,736,1220,0
110,112,1972,2182,1701,2178,0
110,113,1972,2182,27,769,0
110,114,1972,2182,148,1215,0
110,115,1972,2182,1308,917,0
110,116,1972,2182,579,885,0
110,117,1972,2182,2737,2060,0
110,118,1972,2182,1739,2828,0
110,119,1972,2182,1339,2055,0
110,120,1972,2182,1479,618,0
110,121,1972,2182,1518,2678,0
110,122,1972,2182,2663,2085,0
110,123,1972,2182,1536,440,0
110,124,1972,2182,2347,485,0
110,125,1972,2182,2244,1545,0
110,126,1972,2182,1821,2562,0
110,127,1972,2182,1162,1754,0
110,128,1972,2182,476,1205,0
110,129,1972,2182,1692,876,0
110,130,1972,2182,300,1205,0
110,131,1972,2182,2003,1714,0
110,132,1972,2182,381,1336,0
110,133,1972,2182,2948,2728,0
110,134,1972,2182,1258,2583,0
110,135,1972,2182,1121,2987,0
110,136,1972,2182,2245,575,0
110,137,1972,2182,721,430,0
110,138,1972,2182,1441,992,0
110,139,1972,2182,2326,2998,0
110,140,1972,2182,976,329,0
110,141,1972,2182,2900,191,0
110,142,1972,2182,1962,1771,0
110,143,1972,2182,238,1665,0
110,144,1972,2182,295,1936,0
110,145,1972,2182,1854,141,0
110,146,1972,2182,2927,2918,0
110,147,1972,2182,652,2117,0
110,148,1972,2182,1281,1593,0
110,149,1972,2182,1093,2355,0
110,150,1972,2182,821,2889,0
110,151,1972,2182,2640,293,0
110,152,1972,2182,2213,1092,0
110,153,1972,2182,2554,526,0
110,154,1972,2182,773,2759,0
110,155,1972,2182,2398,2598,0
110,156,1972,2182,352,1773,0
110,157,1972,2182,136,1123,0
110,158,1972,2182,2533,1961,0
110,159,1972,2182,1274,2648,0
110,160,1972,2182,2856,1016,0
110,161,1972,2182,723,68,0
110,162,1972,2182,1849,735,0
110,163,1972,2182,1750,564,0
110,164,1972,2182,21,376,0
110,165,1972,2182,2035,939,0
110,166,1972,2182,1752,1825,0
110,167,1972,2182,2384,871,0
110,168,1972,2182,1034,788,0
110,169,1972,2182,1867,2645,0
110,170,1972,2182,940,504,0
110,171,1972,2182,1519,1618,0
110,172,1972,2182,1392,2416,0
110,173,1972,2182,1843,947,0
110,174,1972,2182,1387,1345,0
110,175,1972,2182,2479,1210,0
110,176,1972,2182,1555,1680,0
110,177,1972,2182,160,2470,0
110,178,1972,2182,2692,2143,0
110,179,1972,2182,158,2357,0
110,180,1972,2182,2335,890,0
110,181,1972,2182,1761,1075,0
110,182,1972,2182,2099,406,0
111,0,736,1220,1639,2892,0
111,1,736,1220,1329,745,0
111,2,736,1220,443,1218,0
111,3,736,1220,2514,1181,0
111,4,736,1220,2286,223,0
111,5,736,1220,595,2408,0
111,6,736,1220,1383,2289,0
111,7,736,1220,1795,201,0
111,8,736,1220,2598,838,0
111,9,736,1220,813,1715,0
111,10,736,1220,1135,391,0
111,11,736,1220,1132,1878,0
111,12,736,1220,2041,661,0
111,13,736,1220,1434,670,0
111,14,736,1220,300,623,0
111,15,736,1220,1559,2032,0
111,16,736,1220,1224,2119,0
111,17,736,1220,838,460,0
111,18,736,1220,352,2688,0
111,19,736,1220,2179,352,0
111,20,736,1220,525,672,0
111,21,736,1220,1652,2883,0
111,22,736,1220,1373,2660,0
111,23,736,1220,2814,1659,0
111,24,736,1220,1449,1659,0
111,25,736,1220,2305,1303,0
111,26,736,1220,769,677,0
111,27,736,1220,2295,2940,0
111,28,736,1220,577,2880,0
111,29,736,1220,1614,2810,0
111,30,736,1220,47,1395,0
111,31,736,1220,2664,803,0
111,32,736,1220,2309,2153,0
111,33,736,1220,2074,2182,0
111,34,736,1220,1554,11,0
111,35,736,1220,1400,2146,0
111,36,736,1220,1795,740,0
111,37,736,1220,931,567,0
111,38,736,1220,1254,1779,0
111,39,736,1220,45,883,0
111,40,736,1220,1359,119,0
111,41,736,1220,2127,1277,0
111,42,736,1220,2925,1375,0
111,43,736,1220,2505,1463,0
111,44,736,1220,1791,2744,0
111,45,736,1220,1916,1718,0
111,46,736,1220,167,2831,0
111,47,736,1220,2315,236,0
111,48,736,1220,1902,1139,0
111,49,736,1220,1443,2554,0
111,50,736,1220,194,2519,0
111,51,736,1220,301,248,0
111,52,736,1220,934,2502,0
111,53,736,1220,343,1045,0
111,54,736,1220,1542,1250,0
111,55,736,1220,2149,1171,0
111,56,736,1220,2055,1783,0
111,57,736,1220,941,1993,0
111,58,736,1220,123,1452,0
111,59,736,1220,2845,2865,0
111,60,736,1220,1089,2442,0
111,61,736,1220,859,1946,0
111,62,736,1220,1024,191,0
111,63,736,1220,640,1179,0
111,64,736,1220,2225,946,0
111,65,736,1220,349,822,0
111,66,736,1220,826,2377,0
111,67,736,1220,1638,96,0
111,68,736,1220,2727,990,0
111,69,736,1220,2915,1910,0
111,70,736,1220,1406,1407,0
111,71,736,1220,2216,2614,0
111,72,736,1220,1497,453,0
111,73,736,1220,1462,1798,0
111,74,736,1220,1212,215,0
111,75,736,1220,2881,2014,0
111,76,736,1220,32,1929,0
111,77,736,1220,2695,266,0
111,78,736,1220,2042,2855,0
111,79,736,1220,193,1354,0
111,80,736,1220,123,892,0
111,81,736,1220,2391,199,0
111,82,736,1220,738,1556,0
111,83,736,1220,656,1512,1
111,84,736,1220,2081,2886,0
111,85,736,1220,2720,2097,0
111,86,736,1220,2245,1289,0
111,87,736,1220,714,2990,0
111,88,736,1220,2800,641,0
111,89,736,1220,2389,2741,0
111,90,736,1220,538,2170,0
111,91,736,1220,2767,2393,0
111,92,736,1220,1270,693,0
111,93,736,1220,2649,133,0
111,94,736,1220,782,2023,0
111,95,736,1220,551,1308,0
111,96,736,1220,2784,254,0
111,97,736,1220,2443,1306,0
111,98,736,1220,1619,1722,0
111,99,736,1220,508,1060,0
111,100,736,1220,2201,1345,0
111,101,736,1220,2587,861,0
111,102,736,1220,2593,412,0
111,103,736,1220,2995,1976,0
111,104,736,1220,2546,755,0
111,105,736,1220,1384,10,0
111,106,736,1220,1458,697,0
111,107,736,1220,52,2157,0
111,108,736,1220,2017,217,0
111,109,736,1220,2750,1252,0
111,110,736,1220,1972,2182,0
111,112,736,1220,1701,2178,0
111,113,736,1220,27,769,0
111,114,736,1220,148,1215,0
111,115,736,1220,1308,917,0
111,116,736,1220,579,885,0
111,117,736,1220,2737,2060,0
111,118,736,1220,1739,2828,0
111,119,736,1220,1339,2055,0
111,120,736,1220,1479,618,0
111,121,736,1220,1518,2678,0
111,122,736,1220,2663,2085,0
111,123,736,1220,1536,440,0
111,124,736,1220,2347,485,0
111,125,736,1220,2244,1545,0
111,126,736,1220,1821,2562,0
111,127,736,1220,1162,1754,0
111,128,736,1220,476,1205,0
111,129,736,1220,1692,876,0
111,130,736,1220,300,1205,0
111,131,736,1220,2003,1714,0
111,132,736,1220,381,1336,0
111,133,736,1220,2948,2728,0
111,134,736,1220,1258,2583,0
111,135,736,1220,1121,2987,0
111,136,736,1220,2245,575,0
111,137,736,1220,721,430,0
111,138,736,1220,1441,992,0
111,139,736,1220,2326,2998,0
111,140,736,1220,976,329,0
111,141,736,1220,2900,191,0
111,142,736,1220,1962,1771,0
111,143,736,1220,238,1665,0
111,144,736,1220,295,1936,0
111,145,736,1220,1854,141,0
111,146,736,1220,2927,2918,0
111,147,736,1220,652,2117,0
111,148,736,1220,1281,1593,0
111,149,736,1220,1093,2355,0
111,150,736,1220,821,2889,0
111,151,736,1220,2640,293,0
111,152,736,1220,2213,1092,0
111,153,736,1220,2554,526,0
111,154,736,1220,773,2759,0
111,155,736,1220,2398,2598,0
111,156,736,1220,352,1773,0
111,157,736,1220,136,1123,0
111,158,736,1220,2533,1961,0
111,159,736,1220,1274,2648,0
111,160,736,1220,2856,1016,0
111,161,736,1220,723,68,0
111,162,736,1220,1849,735,0
111,163,736,1220,1750,564,0
111,164,736,1220,21,376,0
111,165,736,1220,2035,939,0
111,166,736,1220,1752,1825,0
111,167,736,1220,2384,871,0
111,168,736,1220,1034,788,0
111,169,736,1220,1867,2645,0
111,170,736,1220,940,504,0
111,171,736,1220,1519,1618,0
111,172,736,1220,1392,2416,0
111,173,736,1220,1843,947,0
111,174,736,1220,1387,1345,0
111,175,736,1220,2479,1210,0
111,176,736,1220,1555,1680,0
111,177,736,1220,160,2470,0
111,178,736,1220,2692,2143,0
111,179,736,1220,158,2357,0
111,180,736,1220,2335,890,0
111,181,736,1220,1761,1075,0
111,182,736,1220,2099,406,0
112,0,1701,2178,1639,2892,0
112,1,1701,2178,1329,745,0
112,2,1701,2178,443,1218,0
112,3,1701,2178,2514,1181,0
112,4,1701,2178,2286,223,0
112,5,1701,2178,595,2408,0
112,6,1701,2178,1383,2289,0
112,7,1701,2178,1795,201,0
112,8,1701,2178,2598,838,0
112,9,1701,2178,813,1715,0
112,10,1701,2178,1135,391,0
112,11,1701,2178,1132,1878,0
112,12,1701,2178,2041,661,0
112,13,1701,2178,1434,670,0
112,14,1701,2178,300,623,0
112,15,1701,2178,1559,2032,0
112,16,1701,2178,1224,2119,0
112,17,1701,2178,838,460,0
112,18,1701,2178,352,2688,0
112,19,1701,2178,2179,352,0
112,20,1701,2178,525,672,0
112,21,1701,2178,1652,2883,0
112,22,1701,2178,1373,2660,0
112,23,1701,2178,2814,1659,0
112,24,1701,2178,1449,1659,0
112,25,1701,2178,2305,1303,0
112,26,1701,2178,769,677,0
112,27,1701,2178,2295,2940,0
112,28,1701,2178,577,2880,0
112,29,1701,2178,1614,2810,0
112,30,1701,2178,47,1395,0
112,31,1701,2178,2664,803,0
112,32,1701,2178,2309,2153,0
112,33,1701,2178,2074,2182,0
112,34,1701,2178,1554,11,0
112,35,1701,2178,1400,2146,0
112,36,1701,2178,1795,740,0
112,37,1701,2178,931,567,0
112,38,1701,2178,1254,1779,0
112,39,1701,2178,45,883,0
112,40,1701,2178,1359,119,0
112,41,1701,2178,2127,1277,0
112,42,1701,2178,2925,1375,0
112,43,1701,2178,2505,1463,0
112,44,1701,2178,1791,2744,0
112,45,1701,2178,1916,1718,0
112,46,1701,2178,167,2831,0
112,47,1701,2178,2315,236,0
112,48,1701,2178,1902,1139,0
112,49,1701,2178,1443,2554,0
112,50,1701,2178,194,2519,0
112,51,1701,2178,301,248,0
112,52,1701,2178,934,2502,0
112,53,1701,2178,343,1045,0
112,54,1701,2178,1542,1250,0
112,55,1701,2178,2149,1171,0
112,56,1701,2178,2055,1783,0
112,57,1701,2178,941,1993,0
112,58,1701,2178,123,1452,0
112,59,1701,2178,2845,2865,0
112,60,1701,2178,1089,2442,0
112,61,1701,2178,859,1946,0
112,62,1701,2178,1024,191,0
112,63,1701,2178,640,1179,0
112,64,1701,2178,2225,946,0
112,65,1701,2178,349,822,0
112,66,1701,2178,826,2377,0
112,67,1701,2178,1638,96,0
112,68,1701,2178,2727,990,0
112,69,1701,2178,2915,1910,0
112,70,1701,2178,1406,1407,0
112,71,1701,2178,2216,2614,0
112,72,1701,2178,1497,453,0
112,73,1701,2178,1462,1798,0
112,74,1701,2178,1212,215,0
112,75,1701,2178,2881,2014,0
112,76,1701,2178,32,1929,0
112,77,1701,2178,2695,266,0
112,78,1701,2178,2042,2855,0
112,79,1701,2178,193,1354,0
112,80,1701,2178,123,892,0
112,81,1701,2178,2391,199,0
112,82,1701,2178,738,1556,0
112,83,1701,2178,656,1512,0
112,84,1701,2178,2081,2886,0
112,85,1701,2178,2720,2097,0
112,86,1701,2178,2245,1289,0
112,87,1701,2178,714,2990,0
112,88,1701,2178,2800,641,0
112,89,1701,2178,2389,2741,0
112,90,1701,2178,538,2170,0
112,91,1701,2178,2767,2393,0
112,92,1701,2178,1270,693,0
112,93,1701,2178,2649,133,0
112,94,1701,2178,782,2023,0
112,95,1701,2178,551,1308,0
112,96,1701,2178,2784,254,0
112,97,1701,2178,2443,1306,0
112,98,1701,2178,1619,1722,0
112,99,1701,2178,508,1060,0
112,100,1701,2178,2201,1345,0
112,101,1701,2178,2587,861,0
112,102,1701,2178,2593,412,0
112,103,1701,2178,2995,1976,0
112,104,1701,2178,2546,755,0
112,105,1701,2178,1384,10,0
112,106,1701,2178,1458,697,0
112,107,1701,2178,52,2157,0
112,108,1701,2178,2017,217,0
112,109,1701,2178,2750,1252,0
112,110,1701,2178,1972,2182,1
112,111,1701,2178,736,1220,0
112,113,1701,2178,27,769,0
112,114,1701,2178,148,1215,0
112,115,1701,2178,1308,917,0
112,116,1701,2178,579,885,0
112,117,1701,2178,2737,2060,0
112,118,1701,2178,1739,2828,0
112,119,1701,2178,1339,2055,0
112,120,1701,2178,1479,618,0
112,121,1701,2178,1518,2678,0
112,122,1701,2178,2663,2085,0
112,123,1701,2178,1536,440,0
112,124,1701,2178,2347,485,0
112,125,1701,2178,2244,1545,0
112,126,1701,2178,1821,2562,0
112,127,1701,2178,1162,1754,0
112,128,1701,2178,476,1205,0
112,129,1701,2178,1692,876,0
112,130,1701,2178,300,1205,0
112,131,1701,2178,2003,1714,0
112,132,1701,2178,381,1336,0
112,133,1701,2178,2948,2728,0
112,134,1701,2178,1258,2583,0
112,135,1701,2178,1121,2987,0
112,136,1701,2178,2245,575,0
112,137,1701,2178,721,430,0
112,138,1701,2178,1441,992,0
112,139,1701,2178,2326,2998,0
112,140,1701,2178,976,329,0
112,141,1701,2178,2900,191,0
112,142,1701,2178,1962,1771,0
112,143,1701,2178,238,1665,0
112,144,1701,2178,295,1936,0
112,145,1701,2178,1854,141,0
112,146,1701,2178,2927,2918,0
112,147,1701,2178,652,2117,0
112,148,1701,2178,1281,1593,0
112,149,1701,2178,1093,2355,0
112,150,1701,2178,821,2889,0
112,151,1701,2178,2640,293,0
112,152,1701,2178,2213,1092,0
112,153,1701,2178,2554,526,0
112,154,1701,2178,773,2759,0
112,155,1701,2178,2398,2598,0
112,156,1701,2178,352,1773,0
112,157,1701,2178,136,1123,0
112,158,1701,2178,2533,1961,0
112,159,1701,2178,1274,2648,0
112,160,1701,2178,2856,1016,0
112,161,1701,2178,723,68,0
112,162,1701,2178,1849,735,0
112,163,1701,2178,1750,564,0
112,164,1701,2178,21,376,0
112,165,1701,2178,2035,939,0
112,166,1701,2178,1752,1825,0
112,167,1701,2178,2384,871,0
112,168,1701,2178,1034,788,0
112,169,1701,2178,1867,2645,0
112,170,1701,2178,940,504,0
112,171,1701,2178,1519,1618,0
112,172,1701,2178,1392,2416,0
112,173,1701,2178,1843,947,0
112,174,1701,2178,1387,1345,0
112,175,1701,2178,2479,1210,0
112,176,1701,2178,1555,1680,0
112,177,1701,2178,160,2470,0
112,178,1701,2178,2692,2143,0
112,179,1701,2178,158,2357,0
112,180,1701,2178,2335,890,0
112,181,1701,2178,1761,1075,0
112,182,1701,2178,2099,406,0
113,0,27,769,1639,2892,0
113,1,27,769,1329,745,0
113,2,27,769,443,1218,0
113,3,27,769,2514,1181,0
113,4,27,769,2286,223,0
113,5,27,769,595,2408,0
113,6,27,769,1383,2289,0
113,7,27,769,1795,201,0
113,8,27,769,2598,838,0
113,9,27,769,813,1715,0
113,10,27,769,1135,391,0
113,11,27,769,1132,1878,0
113,12,27,769,2041,661,0
113,13,27,769,1434,670,0
113,14,27,769,300,623,0
113,15,27,769,1559,2032,0
113,16,27,769,1224,2119,0
113,17,27,769,838,460,0
113,18,27,769,352,2688,0
113,19,27,769,2179,352,0
113,20,27,769,525,672,0
113,21,27,769,1652,2883,0
113,22,27,769,1373,2660,0
113,23,27,769,2814,1659,0
113,24,27,769,1449,1659,0
113,25,27,769,2305,1303,0
113,26,27,769,769,677,0
113,27,27,769,2295,2940,0
113,28,27,769,577,2880,0
113,29,27,769,1614,2810,0
113,30,27,769,47,1395,0
113,31,27,769,2664,803,0
113,32,27,769,2309,2153,0
113,33,27,769,2074,2182,0
113,34,27,769,1554,11,0
113,35,27,769,1400,2146,0
113,36,27,769,1795,740,0
113,37,27,769,931,567,0
113,38,27,769,1254,1779,0
113,39,27,769,45,883,0
113,40,27,769,1359,119,0
113,41,27,769,2127,1277,0
113,42,27,769,2925,1375,0
113,43,27,769,2505,1463,0
113,44,27,769,1791,2744,0
113,45,27,769,1916,1718,0
113,46,27,769,167,2831,0
113,47,27,769,2315,236,0
113,48,27,769,1902,1139,0
113,49,27,769,1443,2554,0
113,50,27,769,194,2519,0
113,51,27,769,301,248,0
113,52,27,769,934,2502,0
113,53,27,769,343,1045,0
113,54,27,769,1542,1250,0
113,55,27,769,2149,1171,0
113,56,27,769,2055,1783,0
113,57,27,769,941,1993,0
113,58,27,769,123,1452,0
113,59,27,769,2845,2865,0
113,60,27,769,1089,2442,0
113,61,27,769,859,1946,0
113,62,27,769,1024,191,0
113,63,27,769,640,1179,0
113,64,27,769,2225,946,0
113,65,27,769,349,822,0
113,66,27,769,826,2377,0
113,67,27,769,1638,96,0
113,68,27,769,2727,990,0
113,69,27,769,2915,1910,0
113,70,27,769,1406,1407,0
113,71,27,769,2216,2614,0
113,72,27,769,1497,453,0
113,73,27,769,1462,1798,0
113,74,27,769,1212,215,0
113,75,27,769,2881,2014,0
113,76,27,769,32,1929,0
113,77,27,769,2695,266,0
113,78,27,769,2042,2855,0
113,79,27,769,193,1354,0
113,80,27,769,123,892,0
113,81,27,769,2391,199,0
113,82,27,769,738,1556,0
113,83,27,769,656,1512,0
113,84,27,769,2081,2886,0
113,85,27,769,2720,2097,0
113,86,27,769,2245,1289,0
113,87,27,769,714,2990,0
113,88,27,769,2800,641,0
113,89,27,769,2389,2741,0
113,90,27,769,538,2170,0
113,91,27,769,2767,2393,0
113,92,27,769,1270,693,0
113,93,27,769,2649,133,0
113,94,27,769,782,2023,0
113,95,27,769,551,1308,0
113,96,27,769,2784,254,0
113,97,27,769,2443,1306,0
113,98,27,769,1619,1722,0
113,99,27,769,508,1060,0
113,100,27,769,2201,1345,0
113,101,27,769,2587,861,0
113,102,27,769,2593,412,0
113,103,27,769,2995,1976,0
113,104,27,769,2546,755,0
113,105,27,769,1384,10,0
113,106,27,769,1458,697,0
113,107,27,769,52,2157,0
113,108,27,769,2017,217,0
113,109,27,769,2750,1252,0
113,110,27,769,1972,2182,0
113,111,27,769,736,1220,0
113,112,27,769,1701,2178,0
113,114,27,769,148,1215,0
113,115,27,769,1308,917,0
113,116,27,769,579,885,0
113,117,27,769,2737,2060,0
113,118,27,769,1739,2828,0
113,119,27,769,1339,2055,0
113,120,27,769,1479,618,0
113,121,27,769,1518,2678,0
113,122,27,769,2663,2085,0
113,123,27,769,1536,440,0
113,124,27,769,2347,485,0
113,125,27,769,2244,1545,0
113,126,27,769,1821,2562,0
113,127,27,769,1162,1754,0
113,128,27,769,476,1205,0
113,129,27,769,1692,876,0
113,130,27,769,300,1205,0
113,131,27,769,2003,1714,0
113,132,27,769,381,1336,0
113,133,27,769,2948,2728,0
113,134,27,769,1258,2583,0
113,135,27,769,1121,2987,0
113,136,27,769,2245,575,0
113,137,27,769,721,430,0
113,138,27,769,1441,992,0
113,139,27,769,2326,2998,0
113,140,27,769,976,329,0
113,141,27,769,2900,191,0
113,142,27,769,1962,1771,0
113,143,27,769,238,1665,0
113,144,27,769,295,1936,0
113,145,27,769,1854,141,0
113,146,27,769,2927,2918,0
113,147,27,769,652,2117,0
113,148,27,769,1281,1593,0
113,149,27,769,1093,2355,0
113,150,27,769,821,2889,0
113,151,27,769,2640,293,0
113,152,27,769,2213,1092,0
113,153,27,769,2554,526,0
113,154,27,769,773,2759,0
113,155,27,769,2398,2598,0
113,156,27,769,352,1773,0
113,157,27,769,136,1123,0
113,158,27,769,2533,1961,0
113,159,27,769,1274,2648,0
113,160,27,769,2856,1016,0
113,161,27,769,723,68,0
113,162,27,769,1849,735,0
113,163,27,769,1750,564,0
113,164,27,769,21,376,1
113,165,27,769,2035,939,0
113,166,27,769,1752,1825,0
113,167,27,769,2384,871,0
113,168,27,769,1034,788,0
113,169,27,769,1867,2645,0
113,170,27,769,940,504,0
113,171,27,769,1519,1618,0
113,172,27,769,1392,2416,0
113,173,27,769,1843,947,0
113,174,27,769,1387,1345,0
113,175,27,769,2479,1210,0
113,176,27,769,1555,1680,0
113,177,27,769,160,2470,0
113,178,27,769,2692,2143,0
113,179,27,769,158,2357,0
113,180,27,769,2335,890,0
113,181,27,769,1761,1075,0
113,182,27,769,2099,406,0
114,0,148,1215,1639,2892,0
114,1,148,1215,1329,745,0
114,2,148,1215,443,1218,0
114,3,148,1215,2514,1181,0
114,4,148,1215,2286,223,0
114,5,148,1215,595,2408,0
114,6,148,1215,1383,2289,0
114,7,148,1215,1795,201,0
114,8,148,1215,2598,838,0
114,9,148,1215,813,1715,0
114,10,148,1215,1135,391,0
114,11,148,1215,1132,1878,0
114,12,148,1215,2041,661,0
114,13,148,1215,1434,670,0
114,14,148,1215,300,623,0
114,15,148,1215,1559,2032,0
114,16,148,1215,1224,2119,0
114,17,148,1215,838,460,0
114,18,148,1215,352,2688,0
114,19,148,1215,2179,352,0
114,20,148,1215,525,672,0
114,21,148,1215,1652,2883,0
114,22,148,1215,1373,2660,0
114,23,148,1215,2814,1659,0
114,24,148,1215,1449,1659,0
114,25,148,1215,2305,1303,0
114,26,148,1215,769,677,0
114,27,148,1215,2295,2940,0
114,28,148,1215,577,2880,0
114,29,148,1215,1614,2810,0
114,30,148,1215,47,1395,0
114,31,148,1215,2664,803,0
114,32,148,1215,2309,2153,0
114,33,148,1215,2074,2182,0
114,34,148,1215,1554,11,0
114,35,148,1215,1400,2146,0
114,36,148,1215,1795,740,0
114,37,148,1215,931,567,0
114,38,148,1215,1254,1779,0
114,39,148,1215,45,883,0
114,40,148,1215,1359,119,0
114,41,148,1215,2127,1277,0
114,42,148,1215,2925,1375,0
114,43,148,1215,2505,1463,0
114,44,148,1215,1791,2744,0
114,45,148,1215,1916,1718,0
114,46,148,1215,167,2831,0
114,47,148,1215,2315,236,0
114,48,148,1215,1902,1139,0
114,49,148,1215,1443,2554,0
114,50,148,1215,194,2519,0
114,51,148,1215,301,248,0
114,52,148,1215,934,2502,0
114,53,148,1215,343,1045,0
114,54,148,1215,1542,1250,0
114,55,148,1215,2149,1171,0
114,56,148,1215,2055,1783,0
114,57,148,1215,941,1993,0
114,58,148,1215,123,1452,0
114,59,148,1215,2845,2865,0
114,60,148,1215,1089,2442,0
114,61,148,1215,859,1946,0
114,62,148,1215,1024,191,0
114,63,148,1215,640,1179,0
114,64,148,1215,2225,946,0
114,65,148,1215,349,822,0
114,66,148,1215,826,2377,0
114,67,148,1215,1638,96,0
114,68,148,1215,2727,990,0
114,69,148,1215,2915,1910,0
114,70,148,1215,1406,1407,0
114,71,148,1215,2216,2614,0
114,72,148,1215,1497,453,0
114,73,148,1215,1462,1798,0
114,74,148,1215,1212,215,0
114,75,148,1215,2881,2014,0
114,76,148,1215,32,1929,0
114,77,148,1215,2695,266,0
114,78,148,1215,2042,2855,0
114,79,148,1215,193,1354,0
114,80,148,1215,123,892,0
114,81,148,1215,2391,199,0
114,82,148,1215,738,1556,0
114,83,148,1215,656,1512,0
114,84,148,1215,2081,2886,0
114,85,148,1215,2720,2097,0
114,86,148,1215,2245,1289,0
114,87,148,1215,714,2990,0
114,88,148,1215,2800,641,0
114,89,148,1215,2389,2741,0
114,90,148,1215,538,2170,0
114,91,148,1215,2767,2393,0
114,92,148,1215,1270,693,0
114,93,148,1215,2649,133,0
114,94,148,1215,782,2023,0
114,95,148,1215,551,1308,0
114,96,148,1215,2784,254,0
114,97,148,1215,2443,1306,0
114,98,148,1215,1619,1722,0
114,99,148,1215,508,1060,0
114,100,148,1215,2201,1345,0
114,101,148,1215,2587,861,0
114,102,148,1215,2593,412,0
114,103,148,1215,2995,1976,0
114,104,148,1215,2546,755,0
114,105,148,1215,1384,10,0
114,106,148,1215,1458,697,0
114,107,148,1215,52,2157,0
114,108,148,1215,2017,217,0
114,109,148,1215,2750,1252,0
114,110,148,1215,1972,2182,0
114,111,148,1215,736,1220,0
114,112,148,1215,1701,2178,0
114,113,148,1215,27,769,0
114,115,148,1215,1308,917,0
114,116,148,1215,579,885,0
114,117,148,1215,2737,2060,0
114,118,148,1215,1739,2828,0
114,119,148,1215,1339,2055,0
114,120,148,1215,1479,618,0
114,121,148,1215,1518,2678,0
114,122,148,1215,2663,2085,0
114,123,148,1215,1536,440,0
114,124,148,1215,2347,485,0
114,125,148,1215,2244,1545,0
114,126,148,1215,1821,2562,0
114,127,148,1215,1162,1754,0
114,128,148,1215,476,1205,0
114,129,148,1215,1692,876,0
114,130,148,1215,300,1205,0
114,131,148,1215,2003,1714,0
114,132,148,1215,381,1336,0
114,133,148,1215,2948,2728,0
114,134,148,1215,1258,2583,0
114,135,148,1215,1121,2987,0
114,136,148,1215,2245,575,0
114,137,148,1215,721,430,0
114,138,148,1215,1441,992,0
114,139,148,1215,2326,2998,0
114,140,148,1215,976,329,0
114,141,148,1215,2900,191,0
114,142,148,1215,1962,1771,0
114,143,148,1215,238,1665,0
114,144,148,1215,295,1936,0
114,145,148,1215,1854,141,0
114,146,148,1215,2927,2918,0
114,147,148,1215,652,2117,0
114,148,148,1215,1281,1593,0
114,149,148,1215,1093,2355,0
114,150,148,1215,821,2889,0
114,151,148,1215,2640,293,0
114,152,148,1215,2213,1092,0
114,153,148,1215,2554,526,0
114,154,148,1215,773,2759,0
114,155,148,1215,2398,2598,0
114,156,148,1215,352,1773,0
114,157,148,1215,136,1123,1
114,158,148,1215,2533,1961,0
114,159,148,1215,1274,2648,0
114,160,148,1215,2856,1016,0
114,161,148,1215,723,68,0
114,162,148,1215,1849,735,0
114,163,148,1215,1750,564,0
114,164,148,1215,21,376,0
114,165,148,1215,2035,939,0
114,166,148,1215,1752,1825,0
114,167,148,1215,2384,871,0
114,168,148,1215,1034,788,0
114,169,148,1215,1867,2645,0
114,170,148,1215,940,504,0
114,171,148,1215,1519,1618,0
114,172,148,1215,1392,2416,0
114,173,148,1215,1843,947,0
114,174,148,1215,1387,1345,0
114,175,148,1215,2479,1210,0
114,176,148,1215,1555,1680,0
114,177,148,1215,160,2470,0
114,178,148,1215,2692,2143,0
114,179,148,1215,158,2357,0
114,180,148,1215,2335,890,0
114,181,148,1215,1761,1075,0
114,182,148,1215,2099,406,0
115,0,1308,917,1639,2892,0
115,1,1308,917,1329,745,1
115,2,1308,917,443,1218,0
115,3,1308,917,2514,1181,0
115,4,1308,917,2286,223,0
115,5,1308,917,595,2408,0
115,6,1308,917,1383,2289,0
115,7,1308,917,1795,201,0
115,8,1308,917,2598,838,0
115,9,1308,917,813,1715,0
115,10,1308,917,1135,391,0
115,11,1308,917,1132,1878,0
115,12,1308,917,2041,661,0
115,13,1308,917,1434,670,0
115,14,1308,917,300,623,0
115,15,1308,917,1559,2032,0
115,16,1308,917,1224,2119,0
115,17,1308,917,838,460,0
115,18,1308,917,352,2688,0
115,19,1308,917,2179,352,0
115,20,1308,917,525,672,0
115,21,1308,917,1652,2883,0
115,22,1308,917,1373,2660,0
115,23,1308,917,2814,1659,0
115,24,1308,917,1449,1659,0
115,25,1308,917,2305,1303,0
115,26,1308,917,769,677,0
115,27,1308,917,2295,2940,0
115,28,1308,917,577,2880,0
115,29,1308,917,1614,2810,0
115,30,1308,917,47,1395,0
115,31,1308,917,2664,803,0
115,32,1308,917,2309,2153,0
115,33,1308,917,2074,2182,0
115,34,1308,917,1554,11,0
115,35,1308,917,1400,2146,0
115,36,1308,917,1795,740,0
115,37,1308,917,931,567,0
115,38,1308,917,1254,1779,0
115,39,1308,917,45,883,0
115,40,1308,917,1359,119,0
115,41,1308,917,2127,1277,0
115,42,1308,917,2925,1375,0
115,43,1308,917,2505,1463,0
115,44,1308,917,1791,2744,0
115,45,1308,917,1916,1718,0
115,46,1308,917,167,2831,0
115,47,1308,917,2315,236,0
115,48,1308,917,1902,1139,0
115,49,1308,917,1443,2554,0
115,50,1308,917,194,2519,0
115,51,1308,917,301,248,0
115,52,1308,917,934,2502,0
115,53,1308,917,343,1045,0
115,54,1308,917,1542,1250,0
115,55,1308,917,2149,1171,0
115,56,1308,917,2055,1783,0
115,57,1308,917,941,1993,0
115,58,1308,917,123,1452,0
115,59,1308,917,2845,2865,0
115,60,1308,917,1089,2442,0
115,61,1308,917,859,1946,0
115,62,1308,917,1024,191,0
115,63,1308,917,640,1179,0
115,64,1308,917,2225,946,0
115,65,1308,917,349,822,0
115,66,1308,917,826,2377,0
115,67,1308,917,1638,96,0
115,68,1308,917,2727,990,0
115,69,1308,917,2915,1910,0
115,70,1308,917,1406,1407,0
115,71,1308,917,2216,2614,0
115,72,1308,917,1497,453,0
115,73,1308,917,1462,1798,0
115,74,1308,917,1212,215,0
115,75,1308,917,2881,2014,0
115,76,1308,917,32,1929,0
115,77,1308,917,2695,266,0
115,78,1308,917,2042,2855,0
115,79,1308,917,193,1354,0
115,80,1308,917,123,892,0
115,81,1308,917,2391,199,0
115,82,1308,917,738,1556,0
115,83,1308,917,656,1512,0
115,84,1308,917,2081,2886,0
115,85,1308,917,2720,2097,0
115,86,1308,917,2245,1289,0
115,87,1308,917,714,2990,0
115,88,1308,917,2800,641,0
115,89,1308,917,2389,2741,0
115,90,1308,917,538,2170,0
115,91,1308,917,2767,2393,0
115,92,1308,917,1270,693,0
115,93,1308,917,2649,133,0
115,94,1308,917,782,2023,0
115,95,1308,917,551,1308,0
115,96,1308,917,2784,254,0
115,97,1308,917,2443,1306,0
115,98,1308,917,1619,1722,0
115,99,1308,917,508,1060,0
115,100,1308,917,2201,1345,0
115,101,1308,917,2587,861,0
115,102,1308,917,2593,412,0
115,103,1308,917,2995,1976,0
115,104,1308,917,2546,755,0
115,105,1308,917,1384,10,0
115,106,1308,917,1458,697,0
115,107,1308,917,52,2157,0
115,108,1308,917,2017,217,0
115,109,1308,917,2750,1252,0
115,110,1308,917,1972,2182,0
115,111,1308,917,736,1220,0
115,112,1308,917,1701,2178,0
115,113,1308,917,27,769,0
115,114,1308,917,148,1215,0
115,116,1308,917,579,885,0
115,117,1308,917,2737,2060,0
115,118,1308,917,1739,2828,0
115,119,1308,917,1339,2055,0
115,120,1308,917,1479,618,0
115,121,1308,917,1518,2678,0
115,122,1308,917,2663,2085,0
115,123,1308,917,1536,440,0
115,124,1308,917,2347,485,0
115,125,1308,917,2244,1545,0
115,126,1308,917,1821,2562,0
115,127,1308,917,1162,1754,0
115,128,1308,917,476,1205,0
115,129,1308,917,1692,876,0
115,130,1308,917,300,1205,0
115,131,1308,917,2003,1714,0
115,132,1308,917,381,1336,0
115,133,1308,917,2948,2728,0
115,134,1308,917,1258,2583,0
115,135,1308,917,1121,2987,0
115,136,1308,917,2245,575,0
115,137,1308,917,721,430,0
115,138,1308,917,1441,992,0
115,139,1308,917,2326,2998,0
115,140,1308,917,976,329,0
115,141,1308,917,2900,191,0
115,142,1308,917,1962,1771,0
115,143,1308,917,238,1665,0
115,144,1308,917,295,1936,0
115,145,1308,917,1854,141,0
115,146,1308,917,2927,2918,0
115,147,1308,917,652,2117,0
115,148,1308,917,1281,1593,0
115,149,1308,917,1093,2355,0
115,150,1308,917,821,2889,0
115,151,1308,917,2640,293,0
115,152,1308,917,2213,1092,0
115,153,1308,917,2554,526,0
115,154,1308,917,773,2759,0
115,155,1308,917,2398,2598,0
115,156,1308,917,352,1773,0
115,157,1308,917,136,1123,0
115,158,1308,917,2533,1961,0
115,159,1308,917,1274,2648,0
115,160,1308,917,2856,1016,0
115,161,1308,917,723,68,0
115,162,1308,917,1849,735,0
115,163,1308,917,1750,564,0
115,164,1308,917,21,376,0
115,165,1308,917,2035,939,0
115,166,1308,917,1752,1825,0
115,167,1308,917,2384,871,0
115,168,1308,917,1034,788,0
115,169,1308,917,1867,2645,0
115,170,1308,917,940,504,0
115,171,1308,917,1519,1618,0
115,172,1308,917,1392,2416,0
115,173,1308,917,1843,947,0
115,174,1308,917,1387,1345,0
115,175,1308,917,2479,1210,0
115,176,1308,917,1555,1680,0
115,177,1308,917,160,2470,0
115,178,1308,917,2692,2143,0
115,179,1308,917,158,2357,0
115,180,1308,917,2335,890,0
115,181,1308,917,1761,1075,0
115,182,1308,917,2099,406,0
116,0,579,885,1639,2892,0
116,1,579,885,1329,745,0
116,2,579,885,443,1218,0
116,3,579,885,2514,1181,0
116,4,579,885,2286,223,0
116,5,579,885,595,2408,0
116,6,579,885,1383,2289,0
116,7,579,885,1795,201,0
116,8,579,885,2598,838,0
116,9,579,885,813,1715,0
116,10,579,885,1135,391,0
116,11,579,885,1132,1878,0
116,12,579,885,2041,661,0
116,13,579,885,1434,670,0
116,14,579,885,300,623,0
116,15,579,885,1559,2032,0
116,16,579,885,1224,2119,0
116,17,579,885,838,460,0
116,18,579,885,352,2688,0
116,19,579,885,2179,352,0
116,20,579,885,525,672,0
116,21,579,885,1652,2883,0
116,22,579,885,1373,2660,0
116,23,579,885,2814,1659,0
116,24,579,885,1449,1659,0
116,25,579,885,2305,1303,0
116,26,579,885,769,677,0
116,27,579,885,2295,2940,0
116,28,579,885,577,2880,0
116,29,579,885,1614,2810,0
116,30,579,885,47,1395,0
116,31,579,885,2664,803,0
116,32,579,885,2309,2153,0
116,33,579,885,2074,2182,0
116,34,579,885,1554,11,0
116,35,579,885,1400,2146,0
116,36,579,885,1795,740,0
116,37,579,885,931,567,0
116,38,579,885,1254,1779,0
116,39,579,885,45,883,0
116,40,579,885,1359,119,0
116,41,579,885,2127,1277,0
116,42,579,885,2925,1375,0
116,43,579,885,2505,1463,0
116,44,579,885,1791,2744,0
116,45,579,885,1916,1718,0
116,46,579,885,167,2831,0
116,47,579,885,2315,236,0
116,48,579,885,1902,1139,0
116,49,579,885,1443,2554,0
116,50,579,885,194,2519,0
116,51,579,885,301,248,0
116,52,579,885,934,2502,0
116,53,579,885,343,1045,0
116,54,579,885,1542,1250,0
116,55,579,885,2149,1171,0
116,56,579,885,2055,1783,0
116,57,579,885,941,1993,0
116,58,579,885,123,1452,0
116,59,579,885,2845,2865,0
116,60,579,885,1089,2442,0
116,61,579,885,859,1946,0
116,62,579,885,1024,191,0
116,63,579,885,640,1179,0
116,64,579,885,2225,946,0
116,65,579,885,349,822,0
116,66,579,885,826,2377,0
116,67,579,885,1638,96,0
116,68,579,885,2727,990,0
116,69,579,885,2915,1910,0
116,70,579,885,1406,1407,0
116,71,579,885,2216,2614,0
116,72,579,885,1497,453,0
116,73,579,885,1462,1798,0
116,74,579,885,1212,215,0
116,75,579,885,2881,2014,0
116,76,579,885,32,1929,0
116,77,579,885,2695,266,0
116,78,579,885,2042,2855,0
116,79,579,885,193,1354,0
116,80,579,885,123,892,0
116,81,579,885,2391,199,0
116,82,579,885,738,1556,0
116,83,579,885,656,1512,0
116,84,579,885,2081,2886,0
116,85,579,885,2720,2097,0
116,86,579,885,2245,1289,0
116,87,579,885,714,2990,0
116,88,579,885,2800,641,0
116,89,579,885,2389,2741,0
116,90,579,885,538,2170,0
116,91,579,885,2767,2393,0
116,92,579,885,1270,693,0
116,93,579,885,2649,133,0
116,94,579,885,782,2023,0
116,95,579,885,551,1308,0
116,96,579,885,2784,254,0
116,97,579,885,2443,1306,0
116,98,579,885,1619,1722,0
116,99,579,885,508,1060,1
116,100,579,885,2201,1345,0
116,101,579,885,2587,861,0
116,102,579,885,2593,412,0
116,103,579,885,2995,1976,0
116,104,579,885,2546,755,0
116,105,579,885,1384,10,0
116,106,579,885,1458,697,0
116,107,579,885,52,2157,0
116,108,579,885,2017,217,0
116,109,579,885,2750,1252,0
116,110,579,885,1972,2182,0
116,111,579,885,736,1220,0
116,112,579,885,1701,2178,0
116,113,579,885,27,769,0
116,114,579,885,148,1215,0
116,115,579,885,1308,917,0
116,117,579,885,2737,2060,0
116,118,579,885,1739,2828,0
116,119,579,885,1339,2055,0
116,120,579,885,1479,618,0
116,121,579,885,1518,2678,0
116,122,579,885,2663,2085,0
116,123,579,885,1536,440,0
116,124,579,885,2347,485,0
116,125,579,885,2244,1545,0
116,126,579,885,1821,2562,0
116,127,579,885,1162,1754,0
116,128,579,885,476,1205,0
116,129,579,885,1692,876,0
116,130,579,885,300,1205,0
116,131,579,885,2003,1714,0
116,132,579,885,381,1336,0
116,133,579,885,2948,2728,0
116,134,579,885,1258,2583,0
116,135,579,885,1121,2987,0
116,136,579,885,2245,575,0
116,137,579,885,721,430,0
116,138,579,885,1441,992,0
116,139,579,885,2326,2998,0
116,140,579,885,976,329,0
116,141,579,885,2900,191,0
116,142,579,885,1962,1771,0
116,143,579,885,238,1665,0
116,144,579,885,295,1936,0
116,145,579,885,1854,141,0
116,146,579,885,2927,2918,0
116,147,579,885,652,2117,0
116,148,579,885,1281,1593,0
116,149,579,885,1093,2355,0
116,150,579,885,821,2889,0
116,151,579,885,2640,293,0
116,152,579,885,2213,1092,0
116,153,579,885,2554,526,0
116,154,579,885,773,2759,0
116,155,579,885,2398,2598,0
116,156,579,885,352,1773,0
116,157,579,885,136,1123,0
116,158,579,885,2533,1961,0
116,159,579,885,1274,2648,0
116,160,579,885,2856,1016,0
116,161,579,885,723,68,0
116,162,579,885,1849,735,0
116,163,579,885,1750,564,0
116,164,579,885,21,376,0
116,165,579,885,2035,939,0
116,166,579,885,1752,1825,0
116,167,579,885,2384,871,0
116,168,579,885,1034,788,0
116,169,579,885,1867,2645,0
116,170,579,885,940,504,0
116,171,579,885,1519,1618,0
116,172,579,885,1392,2416,0
116,173,579,885,1843,947,0
116,174,579,885,1387,1345,0
116,175,579,885,2479,1210,0
116,176,579,885,1555,1680,0
116,177,579,885,160,2470,0
116,178,579,885,2692,2143,0
116,179,579,885,158,2357,0
116,180,579,885,2335,890,0
116,181,579,885,1761,1075,0
116,182,579,885,2099,406,0
117,0,2737,2060,1639,2892,0
117,1,2737,2060,1329,745,0
117,2,2737,2060,443,1218,0
117,3,2737,2060,2514,1181,0
117,4,2737,2060,2286,223,0
117,5,2737,2060,595,2408,0
117,6,2737,2060,1383,2289,0
117,7,2737,2060,1795,201,0
117,8,2737,2060,2598,838,0
117,9,2737,2060,813,1715,0
117,10,2737,2060,1135,391,0
117,11,2737,2060,1132,1878,0
117,12,2737,2060,2041,661,0
117,13,2737,2060,1434,670,0
117,14,2737,2060,300,623,0
117,15,2737,2060,1559,2032,0
117,16,2737,2060,1224,2119,0
117,17,2737,2060,838,460,0
117,18,2737,2060,352,2688,0
117,19,2737,2060,2179,352,0
117,20,2737,2060,525,672,0
117,21,2737,2060,1652,2883,0
117,22,2737,2060,1373,2660,0
117,23,2737,2060,2814,1659,0
117,24,2737,2060,1449,1659,0
117,25,2737,2060,2305,1303,0
117,26,2737,2060,769,677,0
117,27,2737,2060,2295,2940,0
117,28,2737,2060,577,2880,0
117,29,2737,2060,1614,2810,0
117,30,2737,2060,47,1395,0
117,31,2737,2060,2664,803,0
117,32,2737,2060,2309,2153,0
117,33,2737,2060,2074,2182,0
117,34,2737,2060,1554,11,0
117,35,2737,2060,1400,2146,0
117,36,2737,2060,1795,740,0
117,37,2737,2060,931,567,0
117,38,2737,2060,1254,1779,0
117,39,2737,2060,45,883,0
117,40,2737,2060,1359,119,0
117,41,2737,2060,2127,1277,0
117,42,2737,2060,2925,1375,0
117,43,2737,2060,2505,1463,0
117,44,2737,2060,1791,2744,0
117,45,2737,2060,1916,1718,0
117,46,2737,2060,167,2831,0
117,47,2737,2060,2315,236,0
117,48,2737,2060,1902,1139,0
117,49,2737,2060,1443,2554,0
117,50,2737,2060,194,2519,0
117,51,2737,2060,301,248,0
117,52,2737,2060,934,2502,0
117,53,2737,2060,343,1045,0
117,54,2737,2060,1542,1250,0
117,55,2737,2060,2149,1171,0
117,56,2737,2060,2055,1783,0
117,57,2737,2060,941,1993,0
117,58,2737,2060,123,1452,0
117,59,2737,2060,2845,2865,0
117,60,2737,2060,1089,2442,0
117,61,2737,2060,859,1946,0
117,62,2737,2060,1024,191,0
117,63,2737,2060,640,1179,0
117,64,2737,2060,2225,946,0
117,65,2737,2060,349,822,0
117,66,2737,2060,826,2377,0
117,67,2737,2060,1638,96,0
117,68,2737,2060,2727,990,0
117,69,2737,2060,2915,1910,0
117,70,2737,2060,1406,1407,0
117,71,2737,2060,2216,2614,0
117,72,2737,2060,1497,453,0
117,73,2737,2060,1462,1798,0
117,74,2737,2060,1212,215,0
117,75,2737,2060,2881,2014,1
117,76,2737,2060,32,1929,0
117,77,2737,2060,2695,266,0
117,78,2737,2060,2042,2855,0
117,79,2737,2060,193,1354,0
117,80,2737,2060,123,892,0
117,81,2737,2060,2391,199,0
117,82,2737,2060,738,1556,0
117,83,2737,2060,656,1512,0
117,84,2737,2060,2081,2886,0
117,85,2737,2060,2720,2097,0
117,86,2737,2060,2245,1289,0
117,87,2737,2060,714,2990,0
117,88,2737,2060,2800,641,0
117,89,2737,2060,2389,2741,0
117,90,2737,2060,538,2170,0
117,91,2737,2060,2767,2393,0
117,92,2737,2060,1270,693,0
117,93,2737,2060,2649,133,0
117,94,2737,2060,782,2023,0
117,95,2737,2060,551,1308,0
117,96,2737,2060,2784,254,0
117,97,2737,2060,2443,1306,0
117,98,2737,2060,1619,1722,0
117,99,2737,2060,508,1060,0
117,100,2737,2060,2201,1345,0
117,101,2737,2060,2587,861,0
117,102,2737,2060,2593,412,0
117,103,2737,2060,2995,1976,0
117,104,2737,2060,2546,755,0
117,105,2737,2060,1384,10,0
117,106,2737,2060,1458,697,0
117,107,2737,2060,52,2157,0
117,108,2737,2060,2017,217,0
117,109,2737,2060,2750,1252,0
117,110,2737,2060,1972,2182,0
117,111,2737,2060,736,1220,0
117,112,2737,2060,1701,2178,0
117,113,2737,2060,27,769,0
117,114,2737,2060,148,1215,0
117,115,2737,2060,1308,917,0
117,116,2737,2060,579,885,0
117,118,2737,2060,1739,2828,0
117,119,2737,2060,1339,2055,0
117,120,2737,2060,1479,618,0
117,121,2737,2060,1518,2678,0
117,122,2737,2060,2663,2085,0
117,123,2737,2060,1536,440,0
117,124,2737,2060,2347,485,0
117,125,2737,2060,2244,1545,0
117,126,2737,2060,1821,2562,0
117,127,2737,2060,1162,1754,0
117,128,2737,2060,476,1205,0
117,129,2737,2060,1692,876,0
117,130,2737,2060,300,1205,0
117,131,2737,2060,2003,1714,0
117,132,2737,2060,381,1336,0
117,133,2737,2060,2948,2728,0
117,134,2737,2060,1258,2583,0
117,135,2737,2060,1121,2987,0
117,136,2737,2060,2245,575,0
117,137,2737,2060,721,430,0
117,138,2737,2060,1441,992,0
117,139,2737,2060,2326,2998,0
117,140,2737,2060,976,329,0
117,141,2737,2060,2900,191,0
117,142,2737,2060,1962,1771,0
117,143,2737,2060,238,1665,0
117,144,2737,2060,295,1936,0
117,145,2737,2060,1854,141,0
117,146,2737,2060,2927,2918,0
117,147,2737,2060,652,2117,0
117,148,2737,2060,1281,1593,0
117,149,2737,2060,1093,2355,0
117,150,2737,2060,821,2889,0
117,151,2737,2060,2640,293,0
117,152,2737,2060,2213,1092,0
117,153,2737,2060,2554,526,0
117,154,2737,2060,773,2759,0
117,155,2737,2060,2398,2598,0
117,156,2737,2060,352,1773,0
117,157,2737,2060,136,1123,0
117,158,2737,2060,2533,1961,0
117,159,2737,2060,1274,2648,0
117,160,2737,2060,2856,1016,0
117,161,2737,2060,723,68,0
117,162,2737,2060,1849,735,0
117,163,2737,2060,1750,564,0
117,164,2737,2060,21,376,0
117,165,2737,2060,2035,939,0
117,166,2737,2060,1752,1825,0
117,167,2737,2060,2384,871,0
117,168,2737,2060,1034,788,0
117,169,2737,2060,1867,2645,0
117,170,2737,2060,940,504,0
117,171,2737,2060,1519,1618,0
117,172,2737,2060,1392,2416,0
117,173,2737,2060,1843,947,0
117,174,2737,2060,1387,1345,0
117,175,2737,2060,2479,1210,0
117,176,2737,2060,1555,1680,0
117,177,2737,2060,160,2470,0
117,178,2737,2060,2692,2143,0
117,179,2737,2060,158,2357,0
117,180,2737,2060,2335,890,0
117,181,2737,2060,1761,1075,0
117,182,2737,2060,2099,406,0
118,0,1739,2828,1639,2892,0
118,1,1739,2828,1329,745,0
118,2,1739,2828,443,1218,0
118,3,1739,2828,2514,1181,0
118,4,1739,2828,2286,223,0
118,5,1739,2828,595,2408,0
118,6,1739,2828,1383,2289,0
118,7,1739,2828,1795,201,0
118,8,1739,2828,2598,838,0
118,9,1739,2828,813,1715,0
118,10,1739,2828,1135,391,0
118,11,1739,2828,1132,1878,0
118,12,1739,2828,2041,661,0
118,13,1739,2828,1434,670,0
118,14,1739,2828,300,623,0
118,15,1739,2828,1559,2032,0
118,16,1739,2828,1224,2119,0
118,17,1739,2828,838,460,0
118,18,1739,2828,352,2688,0
118,19,1739,2828,2179,352,0
118,20,1739,2828,525,672,0
118,21,1739,2828,1652,2883,1
118,22,1739,2828,1373,2660,0
118,23,1739,2828,2814,1659,0
118,24,1739,2828,1449,1659,0
118,25,1739,2828,2305,1303,0
118,26,1739,2828,769,677,0
118,27,1739,2828,2295,2940,0
118,28,1739,2828,577,2880,0
118,29,1739,2828,1614,2810,0
118,30,1739,2828,47,1395,0
118,31,1739,2828,2664,803,0
118,32,1739,2828,2309,2153,0
118,33,1739,2828,2074,2182,0
118,34,1739,2828,1554,11,0
118,35,1739,2828,1400,2146,0
118,36,1739,2828,1795,740,0
118,37,1739,2828,931,567,0
118,38,1739,2828,1254,1779,0
118,39,1739,2828,45,883,0
118,40,1739,2828,1359,119,0
118,41,1739,2828,2127,1277,0
118,42,1739,2828,2925,1375,0
118,43,1739,2828,2505,1463,0
118,44,1739,2828,1791,2744,0
118,45,1739,2828,1916,1718,0
118,46,1739,2828,167,2831,0
118,47,1739,2828,2315,236,0
118,48,1739,2828,1902,1139,0
118,49,1739,2828,1443,2554,0
118,50,1739,2828,194,2519,0
118,51,1739,2828,301,248,0
118,52,1739,2828,934,2502,0
118,53,1739,2828,343,1045,0
118,54,1739,2828,1542,1250,0
118,55,1739,2828,2149,1171,0
118,56,1739,2828,2055,1783,0
118,57,1739,2828,941,1993,0
118,58,1739,2828,123,1452,0
118,59,1739,2828,2845,2865,0
118,60,1739,2828,1089,2442,0
118,61,1739,2828,859,1946,0
118,62,1739,2828,1024,191,0
118,63,1739,2828,640,1179,0
118,64,1739,2828,2225,946,0
118,65,1739,2828,349,822,0
118,66,1739,2828,826,2377,0
118,67,1739,2828,1638,96,0
118,68,1739,2828,2727,990,0
118,69,1739,2828,2915,1910,0
118,70,1739,2828,1406,1407,0
118,71,1739,2828,2216,2614,0
118,72,1739,2828,1497,453,0
118,73,1739,2828,1462,1798,0
118,74,1739,2828,1212,215,0
118,75,1739,2828,2881,2014,0
118,76,1739,2828,32,1929,0
118,77,1739,2828,2695,266,0
118,78,1739,2828,2042,2855,0
118,79,1739,2828,193,1354,0
118,80,1739,2828,123,892,0
118,81,1739,2828,2391,199,0
118,82,1739,2828,738,1556,0
118,83,1739,2828,656,1512,0
118,84,1739,2828,2081,2886,0
118,85,1739,2828,2720,2097,0
118,86,1739,2828,2245,1289,0
118,87,1739,2828,714,2990,0
118,88,1739,2828,2800,641,0
118,89,1739,2828,2389,2741,0
118,90,1739,2828,538,2170,0
118,91,1739,2828,2767,2393,0
118,92,1739,2828,1270,693,0
118,93,1739,2828,2649,133,0
118,94,1739,2828,782,2023,0
118,95,1739,2828,551,1308,0
118,96,1739,2828,2784,254,0
118,97,1739,2828,2443,1306,0
118,98,1739,2828,1619,1722,0
118,99,1739,2828,508,1060,0
118,100,1739,2828,2201,1345,0
118,101,1739,2828,2587,861,0
118,102,1739,2828,2593,412,0
118,103,1739,2828,2995,1976,0
118,104,1739,2828,2546,755,0
118,105,1739,2828,1384,10,0
118,106,1739,2828,1458,697,0
118,107,1739,2828,52,2157,0
118,108,1739,2828,2017,217,0
118,109,1739,2828,2750,1252,0
118,110,1739,2828,1972,2182,0
118,111,1739,2828,736,1220,0
118,112,1739,2828,1701,2178,0
118,113,1739,2828,27,769,0
118,114,1739,2828,148,1215,0
118,115,1739,2828,1308,917,0
118,116,1739,2828,579,885,0
118,117,1739,2828,2737,2060,0
118,119,1739,2828,1339,2055,0
118,120,1739,2828,1479,618,0
118,121,1739,2828,1518,2678,0
118,122,1739,2828,2663,2085,0
118,123,1739,2828,1536,440,0
118,124,1739,2828,2347,485,0
118,125,1739,2828,2244,1545,0
118,126,1739,2828,1821,2562,0
118,127,1739,2828,1162,1754,0
118,128,1739,2828,476,1205,0
118,129,1739,2828,1692,876,0
118,130,1739,2828,300,1205,0
118,131,1739,2828,2003,1714,0
118,132,1739,2828,381,1336,0
118,133,1739,2828,2948,2728,0
118,134,1739,2828,1258,2583,0
118,135,1739,2828,1121,2987,0
118,136,1739,2828,2245,575,0
118,137,1739,2828,721,430,0
118,138,1739,2828,1441,992,0
118,139,1739,2828,2326,2998,0
118,140,1739,2828,976,329,0
118,141,1739,2828,2900,191,0
118,142,1739,2828,1962,1771,0
118,143,1739,2828,238,1665,0
118,144,1739,2828,295,1936,0
118,145,1739,2828,1854,141,0
118,146,1739,2828,2927,2918,0
118,147,1739,2828,652,2117,0
118,148,1739,2828,1281,1593,0
118,149,1739,2828,1093,2355,0
118,150,1739,2828,821,2889,0
118,151,1739,2828,2640,293,0
118,152,1739,2828,2213,1092,0
118,153,1739,2828,2554,526,0
118,154,1739,2828,773,2759,0
118,155,1739,2828,2398,2598,0
118,156,1739,2828,352,1773,0
118,157,1739,2828,136,1123,0
118,158,1739,2828,2533,1961,0
118,159,1739,2828,1274,2648,0
118,160,1739,2828,2856,1016,0
118,161,1739,2828,723,68,0
118,162,1739,2828,1849,735,0
118,163,1739,2828,1750,564,0
118,164,1739,2828,21,376,0
118,165,1739,2828,2035,939,0
118,166,1739,2828,1752,1825,0
118,167,1739,2828,2384,871,0
118,168,1739,2828,1034,788,0
118,169,1739,2828,1867,2645,0
118,170,1739,2828,940,504,0
118,171,1739,2828,1519,1618,0
118,172,1739,2828,1392,2416,0
118,173,1739,2828,1843,947,0
118,174,1739,2828,1387,1345,0
118,175,1739,2828,2479,1210,0
118,176,1739,2828,1555,1680,0
118,177,1739,2828,160,2470,0
118,178,1739,2828,2692,2143,0
118,179,1739,2828,158,2357,0
118,180,1739,2828,2335,890,0
118,181,1739,2828,1761,1075,0
118,182,1739,2828,2099,406,0
119,0,1339,2055,1639,2892,0
119,1,1339,2055,1329,745,0
119,2,1339,2055,443,1218,0
119,3,1339,2055,2514,1181,0
119,4,1339,2055,2286,223,0
119,5,1339,2055,595,2408,0
119,6,1339,2055,1383,2289,0
119,7,1339,2055,1795,201,0
119,8,1339,2055,2598,838,0
119,9,1339,2055,813,1715,0
119,10,1339,2055,1135,391,0
119,11,1339,2055,1132,1878,0
119,12,1339,2055,2041,661,0
119,13,1339,2055,1434,670,0
119,14,1339,2055,300,623,0
119,15,1339,2055,1559,2032,0
119,16,1339,2055,1224,2119,1
119,17,1339,2055,838,460,0
119,18,1339,2055,352,2688,0
119,19,1339,2055,2179,352,0
119,20,1339,2055,525,672,0
119,21,1339,2055,1652,2883,0
119,22,1339,2055,1373,2660,0
119,23,1339,2055,2814,1659,0
119,24,1339,2055,1449,1659,0
119,25,1339,2055,2305,1303,0
119,26,1339,2055,769,677,0
119,27,1339,2055,2295,2940,0
119,28,1339,2055,577,2880,0
119,29,1339,2055,1614,2810,0
119,30,1339,2055,47,1395,0
119,31,1339,2055,2664,803,0
119,32,1339,2055,2309,2153,0
119,33,1339,2055,2074,2182,0
119,34,1339,2055,1554,11,0
119,35,1339,2055,1400,2146,0
119,36,1339,2055,1795,740,0
119,37,1339,2055,931,567,0
119,38,1339,2055,1254,1779,0
119,39,1339,2055,45,883,0
119,40,1339,2055,1359,119,0
119,41,1339,2055,2127,1277,0
119,42,1339,2055,2925,1375,0
119,43,1339,2055,2505,1463,0
119,44,1339,2055,1791,2744,0
119,45,1339,2055,1916,1718,0
119,46,1339,2055,167,2831,0
119,47,1339,2055,2315,236,0
119,48,1339,2055,1902,1139,0
119,49,1339,2055,1443,2554,0
119,50,1339,2055,194,2519,0
119,51,1339,2055,301,248,0
119,52,1339,2055,934,2502,0
119,53,1339,2055,343,1045,0
119,54,1339,2055,1542,1250,0
119,55,1339,2055,2149,1171,0
119,56,1339,2055,2055,1783,0
119,57,1339,2055,941,1993,0
119,58,1339,2055,123,1452,0
119,59,1339,2055,2845,2865,0
119,60,1339,2055,1089,2442,0
119,61,1339,2055,859,1946,0
119,62,1339,2055,1024,191,0
119,63,1339,2055,640,1179,0
119,64,1339,2055,2225,946,0
119,65,1339,2055,349,822,0
119,66,1339,2055,826,2377,0
119,67,1339,2055,1638,96,0
119,68,1339,2055,2727,990,0
119,69,1339,2055,2915,1910,0
119,70,1339,2055,1406,1407,0
119,71,1339,2055,2216,2614,0
119,72,1339,2055,1497,453,0
119,73,1339,2055,1462,1798,0
119,74,1339,2055,1212,215,0
119,75,1339,2055,2881,2014,0
119,76,1339,2055,32,1929,0
119,77,1339,2055,2695,266,0
119,78,1339,2055,2042,2855,0
119,79,1339,2055,193,1354,0
119,80,1339,2055,123,892,0
119,81,1339,2055,2391,199,0
119,82,1339,2055,738,1556,0
119,83,1339,2055,656,1512,0
119,84,1339,2055,2081,2886,0
119,85,1339,2055,2720,2097,0
119,86,1339,2055,2245,1289,0
119,87,1339,2055,714,2990,0
119,88,1339,2055,2800,641,0
119,89,1339,2055,2389,2741,0
119,90,1339,2055,538,2170,0
119,91,1339,2055,2767,2393,0
119,92,1339,2055,1270,693,0
119,93,1339,2055,2649,133,0
119,94,1339,2055,782,2023,0
119,95,1339,2055,551,1308,0
119,96,1339,2055,2784,254,0
119,97,1339,2055,2443,1306,0
119,98,1339,2055,1619,1722,0
119,99,1339,2055,508,1060,0
119,100,1339,2055,2201,1345,0
119,101,1339,2055,2587,861,0
119,102,1339,2055,2593,412,0
119,103,1339,2055,2995,1976,0
119,104,1339,2055,2546,755,0
119,105,1339,2055,1384,10,0
119,106,1339,2055,1458,697,0
119,107,1339,2055,52,2157,0
119,108,1339,2055,2017,217,0
119,109,1339,2055,2750,1252,0
119,110,1339,2055,1972,2182,0
119,111,1339,2055,736,1220,0
119,112,1339,2055,1701,2178,0
119,113,1339,2055,27,769,0
119,114,1339,2055,148,1215,0
119,115,1339,2055,1308,917,0
119,116,1339,2055,579,885,0
119,117,1339,2055,2737,2060,0
119,118,1339,2055,1739,2828,0
119,120,1339,2055,1479,618,0
119,121,1339,2055,1518,2678,0
119,122,1339,2055,2663,2085,0
119,123,1339,2055,1536,440,0
119,124,1339,2055,2347,485,0
119,125,1339,2055,2244,1545,0
119,126,1339,2055,1821,2562,0
119,127,1339,2055,1162,1754,0
119,128,1339,2055,476,1205,0
119,129,1339,2055,1692,876,0
119,130,1339,2055,300,1205,0
119,131,1339,2055,2003,1714,0
119,132,1339,2055,381,1336,0
119,133,1339,2055,2948,2728,0
119,134,1339,2055,1258,2583,0
119,135,1339,2055,1121,2987,0
119,136,1339,2055,2245,575,0
119,137,1339,2055,721,430,0
119,138,1339,2055,1441,992,0
119,139,1339,2055,2326,2998,0
119,140,1339,2055,976,329,0
119,141,1339,2055,2900,191,0
119,142,1339,2055,1962,1771,0
119,143,1339,2055,238,1665,0
119,144,1339,2055,295,1936,0
119,145,1339,2055,1854,141,0
119,146,1339,2055,2927,2918,0
119,147,1339,2055,652,2117,0
119,148,1339,2055,1281,1593,0
119,149,1339,2055,1093,2355,0
119,150,1339,2055,821,2889,0
119,151,1339,2055,2640,293,0
119,152,1339,2055,2213,1092,0
119,153,1339,2055,2554,526,0
119,154,1339,2055,773,2759,0
119,155,1339,2055,2398,2598,0
119,156,1339,2055,352,1773,0
119,157,1339,2055,136,1123,0
119,158,1339,2055,2533,1961,0
119,159,1339,2055,1274,2648,0
119,160,1339,2055,2856,1016,0
119,161,1339,2055,723,68,0
119,162,1339,2055,1849,735,0
119,163,1339,2055,1750,564,0
119,164,1339,2055,21,376,0
119,165,1339,2055,2035,939,0
119,166,1339,2055,1752,1825,0
119,167,1339,2055,2384,871,0
119,168,1339,2055,1034,788,0
119,169,1339,2055,1867,2645,0
119,170,1339,2055,940,504,0
119,171,1339,2055,1519,1618,0
119,172,1339,2055,1392,2416,0
119,173,1339,2055,1843,947,0
119,174,1339,2055,1387,1345,0
119,175,1339,2055,2479,1210,0
119,176,1339,2055,1555,1680,0
119,177,1339,2055,160,2470,0
119,178,1339,2055,2692,2143,0
119,179,1339,2055,158,2357,0
119,180,1339,2055,2335,890,0
119,181,1339,2055,1761,1075,0
119,182,1339,2055,2099,406,0
120,0,1479,618,1639,2892,0
120,1,1479,618,1329,745,0
120,2,1479,618,443,1218,0
120,3,1479,618,2514,1181,0
120,4,1479,618,2286,223,0
120,5,1479,618,595,2408,0
120,6,1479,618,1383,2289,0
120,7,1479,618,1795,201,0
120,8,1479,618,2598,838,0
120,9,1479,618,813,1715,0
120,10,1479,618,1135,391,0
120,11,1479,618,1132,1878,0
120,12,1479,618,2041,661,0
120,13,1479,618,1434,670,1
120,14,1479,618,300,623,0
120,15,1479,618,1559,2032,0
120,16,1479,618,1224,2119,0
120,17,1479,618,838,460,0
120,18,1479,618,352,2688,0
120,19,1479,618,2179,352,0
120,20,1479,618,525,672,0
120,21,1479,618,1652,2883,0
120,22,1479,618,1373,2660,0
120,23,1479,618,2814,1659,0
120,24,1479,618,1449,1659,0
120,25,1479,618,2305,1303,0
120,26,1479,618,769,677,0
120,27,1479,618,2295,2940,0
120,28,1479,618,577,2880,0
120,29,1479,618,1614,2810,0
120,30,1479,618,47,1395,0
120,31,1479,618,2664,803,0
120,32,1479,618,2309,2153,0
120,33,1479,618,2074,2182,0
120,34,1479,618,1554,11,0
120,35,1479,618,1400,2146,0
120,36,1479,618,1795,740,0
120,37,1479,618,931,567,0
120,38,1479,618,1254,1779,0
120,39,1479,618,45,883,0
120,40,1479,618,1359,119,0
120,41,1479,618,2127,1277,0
120,42,1479,618,2925,1375,0
120,43,1479,618,2505,1463,0
120,44,1479,618,1791,2744,0
120,45,1479,618,1916,1718,0
120,46,1479,618,167,2831,0
120,47,1479,618,2315,236,0
120,48,1479,618,1902,1139,0
120,49,1479,618,1443,2554,0
120,50,1479,618,194,2519,0
120,51,1479,618,301,248,0
120,52,1479,618,934,2502,0
120,53,1479,618,343,1045,0
120,54,1479,618,1542,1250,0
120,55,1479,618,2149,1171,0
120,56,1479,618,2055,1783,0
120,57,1479,618,941,1993,0
120,58,1479,618,123,1452,0
120,59,1479,618,2845,2865,0
120,60,1479,618,1089,2442,0
120,61,1479,618,859,1946,0
120,62,1479,618,1024,191,0
120,63,1479,618,640,1179,0
120,64,1479,618,2225,946,0
120,65,1479,618,349,822,0
120,66,1479,618,826,2377,0
120,67,1479,618,1638,96,0
120,68,1479,618,2727,990,0
120,69,1479,618,2915,1910,0
120,70,1479,618,1406,1407,0
120,71,1479,618,2216,2614,0
120,72,1479,618,1497,453,0
120,73,1479,618,1462,1798,0
120,74,1479,618,1212,215,0
120,75,1479,618,2881,2014,0
120,76,1479,618,32,1929,0
120,77,1479,618,2695,266,0
120,78,1479,618,2042,2855,0
120,79,1479,618,193,1354,0
120,80,1479,618,123,892,0
120,81,1479,618,2391,199,0
120,82,1479,618,738,1556,0
120,83,1479,618,656,1512,0
120,84,1479,618,2081,2886,0
120,85,1479,618,2720,2097,0
120,86,1479,618,2245,1289,0
120,87,1479,618,714,2990,0
120,88,1479,618,2800,641,0
120,89,1479,618,2389,2741,0
120,90,1479,618,538,2170,0
120,91,1479,618,2767,2393,0
120,92,1479,618,1270,693,0
120,93,1479,618,2649,133,0
120,94,1479,618,782,2023,0
120,95,1479,618,551,1308,0
120,96,1479,618,2784,254,0
120,97,1479,618,2443,1306,0
120,98,1479,618,1619,1722,0
120,99,1479,618,508,1060,0
120,100,1479,618,2201,1345,0
120,101,1479,618,2587,861,0
120,102,1479,618,2593,412,0
120,103,1479,618,2995,1976,0
120,104,1479,618,2546,755,0
120,105,1479,618,1384,10,0
120,106,1479,618,1458,697,0
120,107,1479,618,52,2157,0
120,108,1479,618,2017,217,0
120,109,1479,618,2750,1252,0
120,110,1479,618,1972,2182,0
120,111,1479,618,736,1220,0
120,112,1479,618,1701,2178,0
120,113,1479,618,27,769,0
120,114,1479,618,148,1215,0
120,115,1479,618,1308,917,0
120,116,1479,618,579,885,0
120,117,1479,618,2737,2060,0
120,118,1479,618,1739,2828,0
120,119,1479,618,1339,2055,0
120,121,1479,618,1518,2678,0
120,122,1479,618,2663,2085,0
120,123,1479,618,1536,440,0
120,124,1479,618,2347,485,0
120,125,1479,618,2244,1545,0
120,126,1479,618,1821,2562,0
120,127,1479,618,1162,1754,0
120,128,1479,618,476,1205,0
120,129,1479,618,1692,876,0
120,130,1479,618,300,1205,0
120,131,1479,618,2003,1714,0
120,132,1479,618,381,1336,0
120,133,1479,618,2948,2728,0
120,134,1479,618,1258,2583,0
120,135,1479,618,1121,2987,0
120,136,1479,618,2245,575,0
120,137,1479,618,721,430,0
120,138,1479,618,1441,992,0
120,139,1479,618,2326,2998,0
120,140,1479,618,976,329,0
120,141,1479,618,2900,191,0
120,142,1479,618,1962,1771,0
120,143,1479,618,238,1665,0
120,144,1479,618,295,1936,0
120,145,1479,618,1854,141,0
120,146,1479,618,2927,2918,0
120,147,1479,618,652,2117,0
120,148,1479,618,1281,1593,0
120,149,1479,618,1093,2355,0
120,150,1479,618,821,2889,0
120,151,1479,618,2640,293,0
120,152,1479,618,2213,1092,0
120,153,1479,618,2554,526,0
120,154,1479,618,773,2759,0
120,155,1479,618,2398,2598,0
120,156,1479,618,352,1773,0
120,157,1479,618,136,1123,0
120,158,1479,618,2533,1961,0
120,159,1479,618,1274,2648,0
120,160,1479,618,2856,1016,0
120,161,1479,618,723,68,0
120,162,1479,618,1849,735,0
120,163,1479,618,1750,564,0
120,164,1479,618,21,376,0
120,165,1479,618,2035,939,0
120,166,1479,618,1752,1825,0
120,167,1479,618,2384,871,0
120,168,1479,618,1034,788,0
120,169,1479,618,1867,2645,0
120,170,1479,618,940,504,0
120,171,1479,618,1519,1618,0
120,172,1479,618,1392,2416,0
120,173,1479,618,1843,947,0
120,174,1479,618,1387,1345,0
120,175,1479,618,2479,1210,0
120,176,1479,618,1555,1680,0
120,177,1479,618,160,2470,0
120,178,1479,618,2692,2143,0
120,179,1479,618,158,2357,0
120,180,1479,618,2335,890,0
120,181,1479,618,1761,1075,0
120,182,1479,618,2099,406,0
121,0,1518,2678,1639,2892,0
121,1,1518,2678,1329,745,0
121,2,1518,2678,443,1218,0
121,3,1518,2678,2514,1181,0
121,4,1518,2678,2286,223,0
121,5,1518,2678,595,2408,0
121,6,1518,2678,1383,2289,0
121,7,1518,2678,1795,201,0
121,8,1518,2678,2598,838,0
121,9,1518,2678,813,1715,0
121,10,1518,2678,1135,391,0
121,11,1518,2678,1132,1878,0
121,12,1518,2678,2041,661,0
121,13,1518,2678,1434,670,0
121,14,1518,2678,300,623,0
121,15,1518,2678,1559,2032,0
121,16,1518,2678,1224,2119,0
121,17,1518,2678,838,460,0
121,18,1518,2678,352,2688,0
121,19,1518,2678,2179,352,0
121,20,1518,2678,525,672,0
121,21,1518,2678,1652,2883,0
121,22,1518,2678,1373,2660,1
121,23,1518,2678,2814,1659,0
121,24,1518,2678,1449,1659,0
121,25,1518,2678,2305,1303,0
121,26,1518,2678,769,677,0
121,27,1518,2678,2295,2940,0
121,28,1518,2678,577,2880,0
121,29,1518,2678,1614,2810,0
121,30,1518,2678,47,1395,0
121,31,1518,2678,2664,803,0
121,32,1518,2678,2309,2153,0
121,33,1518,2678,2074,2182,0
121,34,1518,2678,1554,11,0
121,35,1518,2678,1400,2146,0
121,36,1518,2678,1795,740,0
121,37,1518,2678,931,567,0
121,38,1518,2678,1254,1779,0
121,39,1518,2678,45,883,0
121,40,1518,2678,1359,119,0
121,41,1518,2678,2127,1277,0
121,42,1518,2678,2925,1375,0
121,43,1518,2678,2505,1463,0
121,44,1518,2678,1791,2744,0
121,45,1518,2678,1916,1718,0
121,46,1518,2678,167,2831,0
121,47,1518,2678,2315,236,0
121,48,1518,2678,1902,1139,0
121,49,1518,2678,1443,2554,0
121,50,1518,2678,194,2519,0
121,51,1518,2678,301,248,0
121,52,1518,2678,934,2502,0
121,53,1518,2678,343,1045,0
121,54,1518,2678,1542,1250,0
121,55,1518,2678,2149,1171,0
121,56,1518,2678,2055,1783,0
121,57,1518,2678,941,1993,0
121,58,1518,2678,123,1452,0
121,59,1518,2678,2845,2865,0
121,60,1518,2678,1089,2442,0
121,61,1518,2678,859,1946,0
121,62,1518,2678,1024,191,0
121,63,1518,2678,640,1179,0
121,64,1518,2678,2225,946,0
121,65,1518,2678,349,822,0
121,66,1518,2678,826,2377,0
121,67,1518,2678,1638,96,0
121,68,1518,2678,2727,990,0
121,69,1518,2678,2915,1910,0
121,70,1518,2678,1406,1407,0
121,71,1518,2678,2216,2614,0
121,72,1518,2678,1497,453,0
121,73,1518,2678,1462,1798,0
121,74,1518,2678,1212,215,0
121,75,1518,2678,2881,2014,0
121,76,1518,2678,32,1929,0
121,77,1518,2678,2695,266,0
121,78,1518,2678,2042,2855,0
121,79,1518,2678,193,1354,0
121,80,1518,2678,123,892,0
121,81,1518,2678,2391,199,0
121,82,1518,2678,738,1556,0
121,83,1518,2678,656,1512,0
121,84,1518,2678,2081,2886,0
121,85,1518,2678,2720,2097,0
121,86,1518,2678,2245,1289,0
121,87,1518,2678,714,2990,0
121,88,1518,2678,2800,641,0
121,89,1518,2678,2389,2741,0
121,90,1518,2678,538,2170,0
121,91,1518,2678,2767,2393,0
121,92,1518,2678,1270,693,0
121,93,1518,2678,2649,133,0
121,94,1518,2678,782,2023,0
121,95,1518,2678,551,1308,0
121,96,1518,2678,2784,254,0
121,97,1518,2678,2443,1306,0
121,98,1518,2678,1619,1722,0
121,99,1518,2678,508,1060,0
121,100,1518,2678,2201,1345,0
121,101,1518,2678,2587,861,0
121,102,1518,2678,2593,412,0
121,103,1518,2678,2995,1976,0
121,104,1518,2678,2546,755,0
121,105,1518,2678,1384,10,0
121,106,1518,2678,1458,697,0
121,107,1518,2678,52,2157,0
121,108,1518,2678,2017,217,0
121,109,1518,2678,2750,1252,0
121,110,1518,2678,1972,2182,0
121,111,1518,2678,736,1220,0
121,112,1518,2678,1701,2178,0
121,113,1518,2678,27,769,0
121,114,1518,2678,148,1215,0
121,115,1518,2678,1308,917,0
121,116,1518,2678,579,885,0
121,117,1518,2678,2737,2060,0
121,118,1518,2678,1739,2828,0
121,119,1518,2678,1339,2055,0
121,120,1518,2678,1479,618,0
121,122,1518,2678,2663,2085,0
121,123,1518,2678,1536,440,0
121,124,1518,2678,2347,485,0
121,125,1518,2678,2244,1545,0
121,126,1518,2678,1821,2562,0
121,127,1518,2678,1162,1754,0
121,128,1518,2678,476,1205,0
121,129,1518,2678,1692,876,0
121,130,1518,2678,300,1205,0
121,131,1518,2678,2003,1714,0
121,132,1518,2678,381,1336,0
121,133,1518,2678,2948,2728,0
121,134,1518,2678,1258,2583,0
121,135,1518,2678,1121,2987,0
121,136,1518,2678,2245,575,0
121,137,1518,2678,721,430,0
121,138,1518,2678,1441,992,0
121,139,1518,2678,2326,2998,0
121,140,1518,2678,976,329,0
121,141,1518,2678,2900,191,0
121,142,1518,2678,1962,1771,0
121,143,1518,2678,238,1665,0
121,144,1518,2678,295,1936,0
121,145,1518,2678,1854,141,0
121,146,1518,2678,2927,2918,0
121,147,1518,2678,652,2117,0
121,148,1518,2678,1281,1593,0
121,149,1518,2678,1093,2355,0
121,150,1518,2678,821,2889,0
121,151,1518,2678,2640,293,0
121,152,1518,2678,2213,1092,0
121,153,1518,2678,2554,526,0
121,154,1518,2678,773,2759,0
121,155,1518,2678,2398,2598,0
121,156,1518,2678,352,1773,0
121,157,1518,2678,136,1123,0
121,158,1518,2678,2533,1961,0
121,159,1518,2678,1274,2648,0
121,160,1518,2678,2856,1016,0
121,161,1518,2678,723,68,0
121,162,1518,2678,1849,735,0
121,163,1518,2678,1750,564,0
121,164,1518,2678,21,376,0
121,165,1518,2678,2035,939,0
121,166,1518,2678,1752,1825,0
121,167,1518,2678,2384,871,0
121,168,1518,2678,1034,788,0
121,169,1518,2678,1867,2645,0
121,170,1518,2678,940,504,0
121,171,1518,2678,1519,1618,0
121,172,1518,2678,1392,2416,0
121,173,1518,2678,1843,947,0
121,174,1518,2678,1387,1345,0
121,175,1518,2678,2479,1210,0
121,176,1518,2678,1555,1680,0
121,177,1518,2678,160,2470,0
121,178,1518,2678,2692,2143,0
121,179,1518,2678,158,2357,0
121,180,1518,2678,2335,890,0
121,181,1518,2678,1761,1075,0
121,182,1518,2678,2099,406,0
122,0,2663,2085,1639,2892,0
122,1,2663,2085,1329,745,0
122,2,2663,2085,443,1218,0
122,3,2663,2085,2514,1181,0
122,4,2663,2085,2286,223,0
122,5,2663,2085,595,2408,0
122,6,2663,2085,1383,2289,0
122,7,2663,2085,1795,201,0
122,8,2663,2085,2598,838,0
122,9,2663,2085,813,1715,0
122,10,2663,2085,1135,391,0
122,11,2663,2085,1132,1878,0
122,12,2663,2085,2041,661,0
122,13,2663,2085,1434,670,0
122,14,2663,2085,300,623,0
122,15,2663,2085,1559,2032,0
122,16,2663,2085,1224,2119,0
122,17,2663,2085,838,460,0
122,18,2663,2085,352,2688,0
122,19,2663,2085,2179,352,0
122,20,2663,2085,525,672,0
122,21,2663,2085,1652,2883,0
122,22,2663,2085,1373,2660,0
122,23,2663,2085,2814,1659,0
122,24,2663,2085,1449,1659,0
122,25,2663,2085,2305,1303,0
122,26,2663,2085,769,677,0
122,27,2663,2085,2295,2940,0
122,28,2663,2085,577,2880,0
122,29,2663,2085,1614,2810,0
122,30,2663,2085,47,1395,0
122,31,2663,2085,2664,803,0
122,32,2663,2085,2309,2153,0
122,33,2663,2085,2074,2182,0
122,34,2663,2085,1554,11,0
122,35,2663,2085,1400,2146,0
122,36,2663,2085,1795,740,0
122,37,2663,2085,931,567,0
122,38,2663,2085,1254,1779,0
122,39,2663,2085,45,883,0
122,40,2663,2085,1359,119,0
122,41,2663,2085,2127,1277,0
122,42,2663,2085,2925,1375,0
122,43,2663,2085,2505,1463,0
122,44,2663,2085,1791,2744,0
122,45,2663,2085,1916,1718,0
122,46,2663,2085,167,2831,0
122,47,2663,2085,2315,236,0
122,48,2663,2085,1902,1139,0
122,49,2663,2085,1443,2554,0
122,50,2663,2085,194,2519,0
122,51,2663,2085,301,248,0
122,52,2663,2085,934,2502,0
122,53,2663,2085,343,1045,0
122,54,2663,2085,1542,1250,0
122,55,2663,2085,2149,1171,0
122,56,2663,2085,2055,1783,0
122,57,2663,2085,941,1993,0
122,58,2663,2085,123,1452,0
122,59,2663,2085,2845,2865,0
122,60,2663,2085,1089,2442,0
122,61,2663,2085,859,1946,0
122,62,2663,2085,1024,191,0
122,63,2663,2085,640,1179,0
122,64,2663,2085,2225,946,0
122,65,2663,2085,349,822,0
122,66,2663,2085,826,2377,0
122,67,2663,2085,1638,96,0
122,68,2663,2085,2727,990,0
122,69,2663,2085,2915,1910,0
122,70,2663,2085,1406,1407,0
122,71,2663,2085,2216,2614,0
122,72,2663,2085,1497,453,0
122,73,2663,2085,1462,1798,0
122,74,2663,2085,1212,215,0
122,75,2663,2085,2881,2014,0
122,76,2663,2085,32,1929,0
122,77,2663,2085,2695,266,0
122,78,2663,2085,2042,2855,0
122,79,2663,2085,193,1354,0
122,80,2663,2085,123,892,0
122,81,2663,2085,2391,199,0
122,82,2663,2085,738,1556,0
122,83,2663,2085,656,1512,0
122,84,2663,2085,2081,2886,0
122,85,2663,2085,2720,2097,0
122,86,2663,2085,2245,1289,0
122,87,2663,2085,714,2990,0
122,88,2663,2085,2800,641,0
122,89,2663,2085,2389,2741,0
122,90,2663,2085,538,2170,0
122,91,2663,2085,2767,2393,0
122,92,2663,2085,1270,693,0
122,93,2663,2085,2649,133,0
122,94,2663,2085,782,2023,0
122,95,2663,2085,551,1308,0
122,96,2663,2085,2784,254,0
122,97,2663,2085,2443,1306,0
122,98,2663,2085,1619,1722,0
122,99,2663,2085,508,1060,0
122,100,2663,2085,2201,1345,0
122,101,2663,2085,2587,861,0
122,102,2663,2085,2593,412,0
122,103,2663,2085,2995,1976,0
122,104,2663,2085,2546,755,0
122,105,2663,2085,1384,10,0
122,106,2663,2085,1458,697,0
122,107,2663,2085,52,2157,0
122,108,2663,2085,2017,217,0
122,109,2663,2085,2750,1252,0
122,110,2663,2085,1972,2182,0
122,111,2663,2085,736,1220,0
122,112,2663,2085,1701,2178,0
122,113,2663,2085,27,769,0
122,114,2663,2085,148,1215,0
122,115,2663,2085,1308,917,0
122,116,2663,2085,579,885,0
122,117,2663,2085,2737,2060,0
122,118,2663,2085,1739,2828,0
122,119,2663,2085,1339,2055,0
122,120,2663,2085,1479,618,0
122,121,2663,2085,1518,2678,0
122,123,2663,2085,1536,440,0
122,124,2663,2085,2347,485,0
122,125,2663,2085,2244,1545,0
122,126,2663,2085,1821,2562,0
122,127,2663,2085,1162,1754,0
122,128,2663,2085,476,1205,0
122,129,2663,2085,1692,876,0
122,130,2663,2085,300,1205,0
122,131,2663,2085,2003,1714,0
122,132,2663,2085,381,1336,0
122,133,2663,2085,2948,2728,0
122,134,2663,2085,1258,2583,0
122,135,2663,2085,1121,2987,0
122,136,2663,2085,2245,575,0
122,137,2663,2085,721,430,0
122,138,2663,2085,1441,992,0
122,139,2663,2085,2326,2998,0
122,140,2663,2085,976,329,0
122,141,2663,2085,2900,191,0
122,142,2663,2085,1962,1771,0
122,143,2663,2085,238,1665,0
122,144,2663,2085,295,1936,0
122,145,2663,2085,1854,141,0
122,146,2663,2085,2927,2918,0
122,147,2663,2085,652,2117,0
122,148,2663,2085,1281,1593,0
122,149,2663,2085,1093,2355,0
122,150,2663,2085,821,2889,0
122,151,2663,2085,2640,293,0
122,152,2663,2085,2213,1092,0
122,153,2663,2085,2554,526,0
122,154,2663,2085,773,2759,0
122,155,2663,2085,2398,2598,0
122,156,2663,2085,352,1773,0
122,157,2663,2085,136,1123,0
122,158,2663,2085,2533,1961,0
122,159,2663,2085,1274,2648,0
122,160,2663,2085,2856,1016,0
122,161,2663,2085,723,68,0
122,162,2663,2085,1849,735,0
122,163,2663,2085,1750,564,0
122,164,2663,2085,21,376,0
122,165,2663,2085,2035,939,0
122,166,2663,2085,1752,1825,0
122,167,2663,2085,2384,871,0
122,168,2663,2085,1034,788,0
122,169,2663,2085,1867,2645,0
122,170,2663,2085,940,504,0
122,171,2663,2085,1519,1618,0
122,172,2663,2085,1392,2416,0
122,173,2663,2085,1843,947,0
122,174,2663,2085,1387,1345,0
122,175,2663,2085,2479,1210,0
122,176,2663,2085,1555,1680,0
122,177,2663,2085,160,2470,0
122,178,2663,2085,2692,2143,1
122,179,2663,2085,158,2357,0
122,180,2663,2085,2335,890,0
122,181,2663,2085,1761,1075,0
122,182,2663,2085,2099,406,0
123,0,1536,440,1639,2892,0
123,1,1536,440,1329,745,0
123,2,1536,440,443,1218,0
123,3,1536,440,2514,1181,0
123,4,1536,440,2286,223,0
123,5,1536,440,595,2408,0
123,6,1536,440,1383,2289,0
123,7,1536,440,1795,201,0
123,8,1536,440,2598,838,0
123,9,1536,440,813,1715,0
123,10,1536,440,1135,391,0
123,11,1536,440,1132,1878,0
123,12,1536,440,2041,661,0
123,13,1536,440,1434,670,0
123,14,1536,440,300,623,0
123,15,1536,440,1559,2032,0
123,16,1536,440,1224,2119,0
123,17,1536,440,838,460,0
123,18,1536,440,352,2688,0
123,19,1536,440,2179,352,0
123,20,1536,440,525,672,0
123,21,1536,440,1652,2883,0
123,22,1536,440,1373,2660,0
123,23,1536,440,2814,1659,0
123,24,1536,440,1449,1659,0
123,25,1536,440,2305,1303,0
123,26,1536,440,769,677,0
123,27,1536,440,2295,2940,0
123,28,1536,440,577,2880,0
123,29,1536,440,1614,2810,0
123,30,1536,440,47,1395,0
123,31,1536,440,2664,803,0
123,32,1536,440,2309,2153,0
123,33,1536,440,2074,2182,0
123,34,1536,440,1554,11,0
123,35,1536,440,1400,2146,0
123,36,1536,440,1795,740,0
123,37,1536,440,931,567,0
123,38,1536,440,1254,1779,0
123,39,1536,440,45,883,0
123,40,1536,440,1359,119,0
123,41,1536,440,2127,1277,0
123,42,1536,440,2925,1375,0
123,43,1536,440,2505,1463,0
123,44,1536,440,1791,2744,0
123,45,1536,440,1916,1718,0
123,46,1536,440,167,2831,0
123,47,1536,440,2315,236,0
123,48,1536,440,1902,1139,0
123,49,1536,440,1443,2554,0
123,50,1536,440,194,2519,0
123,51,1536,440,301,248,0
123,52,1536,440,934,2502,0
123,53,1536,440,343,1045,0
123,54,1536,440,1542,1250,0
123,55,1536,440,2149,1171,0
123,56,1536,440,2055,1783,0
123,57,1536,440,941,1993,0
123,58,1536,440,123,1452,0
123,59,1536,440,2845,2865,0
123,60,1536,440,1089,2442,0
123,61,1536,440,859,1946,0
123,62,1536,440,1024,191,0
123,63,1536,440,640,1179,0
123,64,1536,440,2225,946,0
123,65,1536,440,349,822,0
123,66,1536,440,826,2377,0
123,67,1536,440,1638,96,0
123,68,1536,440,2727,990,0
123,69,1536,440,2915,1910,0
123,70,1536,440,1406,1407,0
123,71,1536,440,2216,2614,0
123,72,1536,440,1497,453,1
123,73,1536,440,1462,1798,0
123,74,1536,440,1212,215,0
123,75,1536,440,2881,2014,0
123,76,1536,440,32,1929,0
123,77,1536,440,2695,266,0
123,78,1536,440,2042,2855,0
123,79,1536,440,193,1354,0
123,80,1536,440,123,892,0
123,81,1536,440,2391,199,0
123,82,1536,440,738,1556,0
123,83,1536,440,656,1512,0
123,84,1536,440,2081,2886,0
123,85,1536,440,2720,2097,0
123,86,1536,440,2245,1289,0
123,87,1536,440,714,2990,0
123,88,1536,440,2800,641,0
123,89,1536,440,2389,2741,0
123,90,1536,440,538,2170,0
123,91,1536,440,2767,2393,0
123,92,1536,440,1270,693,0
123,93,1536,440,2649,133,0
123,94,1536,440,782,2023,0
123,95,1536,440,551,1308,0
123,96,1536,440,2784,254,0
123,97,1536,440,2443,1306,0
123,98,1536,440,1619,1722,0
123,99,1536,440,508,1060,0
123,100,1536,440,2201,1345,0
123,101,1536,440,2587,861,0
123,102,1536,440,2593,412,0
123,103,1536,440,2995,1976,0
123,104,1536,440,2546,755,0
123,105,1536,440,1384,10,0
123,106,1536,440,1458,697,0
123,107,1536,440,52,2157,0
123,108,1536,440,2017,217,0
123,109,1536,440,2750,1252,0
123,110,1536,440,1972,2182,0
123,111,1536,440,736,1220,0
123,112,1536,440,1701,2178,0
123,113,1536,440,27,769,0
123,114,1536,440,148,1215,0
123,115,1536,440,1308,917,0
123,116,1536,440,579,885,0
123,117,1536,440,2737,2060,0
123,118,1536,440,1739,2828,0
123,119,1536,440,1339,2055,0
123,120,1536,440,1479,618,0
123,121,1536,440,1518,2678,0
123,122,1536,440,2663,2085,0
123,124,1536,440,2347,485,0
123,125,1536,440,2244,1545,0
123,126,1536,440,1821,2562,0
123,127,1536,440,1162,1754,0
123,128,1536,440,476,1205,0
123,129,1536,440,1692,876,0
123,130,1536,440,300,1205,0
123,131,1536,440,2003,1714,0
123,132,1536,440,381,1336,0
123,133,1536,440,2948,2728,0
123,134,1536,440,1258,2583,0
123,135,1536,440,1121,2987,0
123,136,1536,440,2245,575,0
123,137,1536,440,721,430,0
123,138,1536,440,1441,992,0
123,139,1536,440,2326,2998,0
123,140,1536,440,976,329,0
123,141,1536,440,2900,191,0
123,142,1536,440,1962,1771,0
123,143,1536,440,238,1665,0
123,144,1536,440,295,1936,0
123,145,1536,440,1854,141,0
123,146,1536,440,2927,2918,0
123,147,1536,440,652,2117,0
123,148,1536,440,1281,1593,0
123,149,1536,440,1093,2355,0
123,150,1536,440,821,2889,0
123,151,1536,440,2640,293,0
123,152,1536,440,2213,1092,0
123,153,1536,440,2554,526,0
123,154,1536,440,773,2759,0
123,155,1536,440,2398,2598,0
123,156,1536,440,352,1773,0
123,157,1536,440,136,1123,0
123,158,1536,440,2533,1961,0
123,159,1536,440,1274,2648,0
123,160,1536,440,2856,1016,0
123,161,1536,440,723,68,0
123,162,1536,440,1849,735,0
123,163,1536,440,1750,564,0
123,164,1536,440,21,376,0
123,165,1536,440,2035,939,0
123,166,1536,440,1752,1825,0
123,167,1536,440,2384,871,0
123,168,1536,440,1034,788,0
123,169,1536,440,1867,2645,0
123,170,1536,440,940,504,0
123,171,1536,440,1519,1618,0
123,172,1536,440,1392,2416,0
123,173,1536,440,1843,947,0
123,174,1536,440,1387,1345,0
123,175,1536,440,2479,1210,0
123,176,1536,440,1555,1680,0
123,177,1536,440,160,2470,0
123,178,1536,440,2692,2143,0
123,179,1536,440,158,2357,0
123,180,1536,440,2335,890,0
123,181,1536,440,1761,1075,0
123,182,1536,440,2099,406,0
124,0,2347,485,1639,2892,0
124,1,2347,485,1329,745,0
124,2,2347,485,443,1218,0
124,3,2347,485,2514,1181,0
124,4,2347,485,2286,223,0
124,5,2347,485,595,2408,0
124,6,2347,485,1383,2289,0
124,7,2347,485,1795,201,0
124,8,2347,485,2598,838,0
124,9,2347,485,813,1715,0
124,10,2347,485,1135,391,0
124,11,2347,485,1132,1878,0
124,12,2347,485,2041,661,0
124,13,2347,485,1434,670,0
124,14,2347,485,300,623,0
124,15,2347,485,1559,2032,0
124,16,2347,485,1224,2119,0
124,17,2347,485,838,460,0
124,18,2347,485,352,2688,0
124,19,2347,485,2179,352,0
124,20,2347,485,525,672,0
124,21,2347,485,1652,2883,0
124,22,2347,485,1373,2660,0
124,23,2347,485,2814,1659,0
124,24,2347,485,1449,1659,0
124,25,2347,485,2305,1303,0
124,26,2347,485,769,677,0
124,27,2347,485,2295,2940,0
124,28,2347,485,577,2880,0
124,29,2347,485,1614,2810,0
124,30,2347,485,47,1395,0
124,31,2347,485,2664,803,0
124,32,2347,485,2309,2153,0
124,33,2347,485,2074,2182,0
124,34,2347,485,1554,11,0
124,35,2347,485,1400,2146,0
124,36,2347,485,1795,740,0
124,37,2347,485,931,567,0
124,38,2347,485,1254,1779,0
124,39,2347,485,45,883,0
124,40,2347,485,1359,119,0
124,41,2347,485,2127,1277,0
124,42,2347,485,2925,1375,0
124,43,2347,485,2505,1463,0
124,44,2347,485,1791,2744,0
124,45,2347,485,1916,1718,0
124,46,2347,485,167,2831,0
124,47,2347,485,2315,236,0
124,48,2347,485,1902,1139,0
124,49,2347,485,1443,2554,0
124,50,2347,485,194,2519,0
124,51,2347,485,301,248,0
124,52,2347,485,934,2502,0
124,53,2347,485,343,1045,0
124,54,2347,485,1542,1250,0
124,55,2347,485,2149,1171,0
124,56,2347,485,2055,1783,0
124,57,2347,485,941,1993,0
124,58,2347,485,123,1452,0
124,59,2347,485,2845,2865,0
124,60,2347,485,1089,2442,0
124,61,2347,485,859,1946,0
124,62,2347,485,1024,191,0
124,63,2347,485,640,1179,0
124,64,2347,485,2225,946,0
124,65,2347,485,349,822,0
124,66,2347,485,826,2377,0
124,67,2347,485,1638,96,0
124,68,2347,485,2727,990,0
124,69,2347,485,2915,1910,0
124,70,2347,485,1406,1407,0
124,71,2347,485,2216,2614,0
124,72,2347,485,1497,453,0
124,73,2347,485,1462,1798,0
124,74,2347,485,1212,215,0
124,75,2347,485,2881,2014,0
124,76,2347,485,32,1929,0
124,77,2347,485,2695,266,0
124,78,2347,485,2042,2855,0
124,79,2347,485,193,1354,0
124,80,2347,485,123,892,0
124,81,2347,485,2391,199,0
124,82,2347,485,738,1556,0
124,83,2347,485,656,1512,0
124,84,2347,485,2081,2886,0
124,85,2347,485,2720,2097,0
124,86,2347,485,2245,1289,0
124,87,2347,485,714,2990,0
124,88,2347,485,2800,641,0
124,89,2347,485,2389,2741,0
124,90,2347,485,538,2170,0
124,91,2347,485,2767,2393,0
124,92,2347,485,1270,693,0
124,93,2347,485,2649,133,0
124,94,2347,485,782,2023,0
124,95,2347,485,551,1308,0
124,96,2347,485,2784,254,0
124,97,2347,485,2443,1306,0
124,98,2347,485,1619,1722,0
124,99,2347,485,508,1060,0
124,100,2347,485,2201,1345,0
124,101,2347,485,2587,861,0
124,102,2347,485,2593,412,0
124,103,2347,485,2995,1976,0
124,104,2347,485,2546,755,0
124,105,2347,485,1384,10,0
124,106,2347,485,1458,697,0
124,107,2347,485,52,2157,0
124,108,2347,485,2017,217,0
124,109,2347,485,2750,1252,0
124,110,2347,485,1972,2182,0
124,111,2347,485,736,1220,0
124,112,2347,485,1701,2178,0
124,113,2347,485,27,769,0
124,114,2347,485,148,1215,0
124,115,2347,485,1308,917,0
124,116,2347,485,579,885,0
124,117,2347,485,2737,2060,0
124,118,2347,485,1739,2828,0
124,119,2347,485,1339,2055,0
124,120,2347,485,1479,618,0
124,121,2347,485,1518,2678,0
124,122,2347,485,2663,2085,0
124,123,2347,485,1536,440,0
124,125,2347,485,2244,1545,0
124,126,2347,485,1821,2562,0
124,127,2347,485,1162,1754,0
124,128,2347,485,476,1205,0
124,129,2347,485,1692,876,0
124,130,2347,485,300,1205,0
124,131,2347,485,2003,1714,0
124,132,2347,485,381,1336,0
124,133,2347,485,2948,2728,0
124,134,2347,485,1258,2583,0
124,135,2347,485,1121,2987,0
124,136,2347,485,2245,575,1
124,137,2347,485,721,430,0
124,138,2347,485,1441,992,0
124,139,2347,485,2326,2998,0
124,140,2347,485,976,329,0
124,141,2347,485,2900,191,0
124,142,2347,485,1962,1771,0
124,143,2347,485,238,1665,0
124,144,2347,485,295,1936,0
124,145,2347,485,1854,141,0
124,146,2347,485,2927,2918,0
124,147,2347,485,652,2117,0
124,148,2347,485,1281,1593,0
124,149,2347,485,1093,2355,0
124,150,2347,485,821,2889,0
124,151,2347,485,2640,293,0
124,152,2347,485,2213,1092,0
124,153,2347,485,2554,526,0
124,154,2347,485,773,2759,0
124,155,2347,485,2398,2598,0
124,156,2347,485,352,1773,0
124,157,2347,485,136,1123,0
124,158,2347,485,2533,1961,0
124,159,2347,485,1274,2648,0
124,160,2347,485,2856,1016,0
124,161,2347,485,723,68,0
124,162,2347,485,1849,735,0
124,163,2347,485,1750,564,0
124,164,2347,485,21,376,0
124,165,2347,485,2035,939,0
124,166,2347,485,1752,1825,0
124,167,2347,485,2384,871,0
124,168,2347,485,1034,788,0
124,169,2347,485,1867,2645,0
124,170,2347,485,940,504,0
124,171,2347,485,1519,1618,0
124,172,2347,485,1392,2416,0
124,173,2347,485,1843,947,0
124,174,2347,485,1387,1345,0
124,175,2347,485,2479,1210,0
124,176,2347,485,1555,1680,0
124,177,2347,485,160,2470,0
124,178,2347,485,2692,2143,0
124,179,2347,485,158,2357,0
124,180,2347,485,2335,890,0
124,181,2347,485,1761,1075,0
124,182,2347,485,2099,406,0
125,0,2244,1545,1639,2892,0
125,1,2244,1545,1329,745,0
125,2,2244,1545,443,1218,0
125,3,2244,1545,2514,1181,0
125,4,2244,1545,2286,223,0
125,5,2244,1545,595,2408,0
125,6,2244,1545,1383,2289,0
125,7,2244,1545,1795,201,0
125,8,2244,1545,2598,838,0
125,9,2244,1545,813,1715,0
125,10,2244,1545,1135,391,0
125,11,2244,1545,1132,1878,0
125,12,2244,1545,2041,661,0
125,13,2244,1545,1434,670,0
125,14,2244,1545,300,623,0
125,15,2244,1545,1559,2032,0
125,16,2244,1545,1224,2119,0
125,17,2244,1545,838,460,0
125,18,2244,1545,352,2688,0
125,19,2244,1545,2179,352,0
125,20,2244,1545,525,672,0
125,21,2244,1545,1652,2883,0
125,22,2244,1545,1373,2660,0
125,23,2244,1545,2814,1659,0
125,24,2244,1545,1449,1659,0
125,25,2244,1545,2305,1303,0
125,26,2244,1545,769,677,0
125,27,2244,1545,2295,2940,0
125,28,2244,1545,577,2880,0
125,29,2244,1545,1614,2810,0
125,30,2244,1545,47,1395,0
125,31,2244,1545,2664,803,0
125,32,2244,1545,2309,2153,0
125,33,2244,1545,2074,2182,0
125,34,2244,1545,1554,11,0
125,35,2244,1545,1400,2146,0
125,36,2244,1545,1795,740,0
125,37,2244,1545,931,567,0
125,38,2244,1545,1254,1779,0
125,39,2244,1545,45,883,0
125,40,2244,1545,1359,119,0
125,41,2244,1545,2127,1277,0
125,42,2244,1545,2925,1375,0
125,43,2244,1545,2505,1463,0
125,44,2244,1545,1791,2744,0
125,45,2244,1545,1916,1718,0
125,46,2244,1545,167,2831,0
125,47,2244,1545,2315,236,0
125,48,2244,1545,1902,1139,0
125,49,2244,1545,1443,2554,0
125,50,2244,1545,194,2519,0
125,51,2244,1545,301,248,0
125,52,2244,1545,934,2502,0
125,53,2244,1545,343,1045,0
125,54,2244,1545,1542,1250,0
125,55,2244,1545,2149,1171,0
125,56,2244,1545,2055,1783,1
125,57,2244,1545,941,1993,0
125,58,2244,1545,123,1452,0
125,59,2244,1545,2845,2865,0
125,60,2244,1545,1089,2442,0
125,61,2244,1545,859,1946,0
125,62,2244,1545,1024,191,0
125,63,2244,1545,640,1179,0
125,64,2244,1545,2225,946,0
125,65,2244,1545,349,822,0
125,66,2244,1545,826,2377,0
125,67,2244,1545,1638,96,0
125,68,2244,1545,2727,990,0
125,69,2244,1545,2915,1910,0
125,70,2244,1545,1406,1407,0
125,71,2244,1545,2216,2614,0
125,72,2244,1545,1497,453,0
125,73,2244,1545,1462,1798,0
125,74,2244,1545,1212,215,0
125,75,2244,1545,2881,2014,0
125,76,2244,1545,32,1929,0
125,77,2244,1545,2695,266,0
125,78,2244,1545,2042,2855,0
125,79,2244,1545,193,1354,0
125,80,2244,1545,123,892,0
125,81,2244,1545,2391,199,0
125,82,2244,1545,738,1556,0
125,83,2244,1545,656,1512,0
125,84,2244,1545,2081,2886,0
125,85,2244,1545,2720,2097,0
125,86,2244,1545,2245,1289,0
125,87,2244,1545,714,2990,0
125,88,2244,1545,2800,641,0
125,89,2244,1545,2389,2741,0
125,90,2244,1545,538,2170,0
125,91,2244,1545,2767,2393,0
125,92,2244,1545,1270,693,0
125,93,2244,1545,2649,133,0
125,94,2244,1545,782,2023,0
125,95,2244,1545,551,1308,0
125,96,2244,1545,2784,254,0
125,97,2244,1545,2443,1306,0
125,98,2244,1545,1619,1722,0
125,99,2244,1545,508,1060,0
125,100,2244,1545,2201,1345,0
125,101,2244,1545,2587,861,0
125,102,2244,1545,2593,412,0
125,103,2244,1545,2995,1976,0
125,104,2244,1545,2546,755,0
125,105,2244,1545,1384,10,0
125,106,2244,1545,1458,697,0
125,107,2244,1545,52,2157,0
125,108,2244,1545,2017,217,0
125,109,2244,1545,2750,1252,0
125,110,2244,1545,1972,2182,0
125,111,2244,1545,736,1220,0
125,112,2244,1545,1701,2178,0
125,113,2244,1545,27,769,0
125,114,2244,1545,148,1215,0
125,115,2244,1545,1308,917,0
125,116,2244,1545,579,885,0
125,117,2244,1545,2737,2060,0
125,118,2244,1545,1739,2828,0
125,119,2244,1545,1339,2055,0
125,120,2244,1545,1479,618,0
125,121,2244,1545,1518,2678,0
125,122,2244,1545,2663,2085,0
125,123,2244,1545,1536,440,0
125,124,2244,1545,2347,485,0
125,126,2244,1545,1821,2562,0
125,127,2244,1545,1162,1754,0
125,128,2244,1545,476,1205,0
125,129,2244,1545,1692,876,0
125,130,2244,1545,300,1205,0
125,131,2244,1545,2003,1714,0
125,132,2244,1545,381,1336,0
125,133,2244,1545,2948,2728,0
125,134,2244,1545,1258,2583,0
125,135,2244,1545,1121,2987,0
125,136,2244,1545,2245,575,0
125,137,2244,1545,721,430,0
125,138,2244,1545,1441,992,0
125,139,2244,1545,2326,2998,0
125,140,2244,1545,976,329,0
125,141,2244,1545,2900,191,0
125,142,2244,1545,1962,1771,0
125,143,2244,1545,238,1665,0
125,144,2244,1545,295,1936,0
125,145,2244,1545,1854,141,0
125,146,2244,1545,2927,2918,0
125,147,2244,1545,652,2117,0
125,148,2244,1545,1281,1593,0
125,149,2244,1545,1093,2355,0
125,150,2244,1545,821,2889,0
125,151,2244,1545,2640,293,0
125,152,2244,1545,2213,1092,0
125,153,2244,1545,2554,526,0
125,154,2244,1545,773,2759,0
125,155,2244,1545,2398,2598,0
125,156,2244,1545,352,1773,0
125,157,2244,1545,136,1123,0
125,158,2244,1545,2533,1961,0
125,159,2244,1545,1274,2648,0
125,160,2244,1545,2856,1016,0
125,161,2244,1545,723,68,0
125,162,2244,1545,1849,735,0
125,163,2244,1545,1750,564,0
125,164,2244,1545,21,376,0
125,165,2244,1545,2035,939,0
125,166,2244,1545,1752,1825,0
125,167,2244,1545,2384,871,0
125,168,2244,1545,1034,788,0
125,169,2244,1545,1867,2645,0
125,170,2244,1545,940,504,0
125,171,2244,1545,1519,1618,0
125,172,2244,1545,1392,2416,0
125,173,2244,1545,1843,947,0
125,174,2244,1545,1387,1345,0
125,175,2244,1545,2479,1210,0
125,176,2244,1545,1555,1680,0
125,177,2244,1545,160,2470,0
125,178,2244,1545,2692,2143,0
125,179,2244,1545,158,2357,0
125,180,2244,1545,2335,890,0
125,181,2244,1545,1761,1075,0
125,182,2244,1545,2099,406,0
126,0,1821,2562,1639,2892,0
126,1,1821,2562,1329,745,0
126,2,1821,2562,443,1218,0
126,3,1821,2562,2514,1181,0
126,4,1821,2562,2286,223,0
126,5,1821,2562,595,2408,0
126,6,1821,2562,1383,2289,0
126,7,1821,2562,1795,201,0
126,8,1821,2562,2598,838,0
126,9,1821,2562,813,1715,0
126,10,1821,2562,1135,391,0
126,11,1821,2562,1132,1878,0
126,12,1821,2562,2041,661,0
126,13,1821,2562,1434,670,0
126,14,1821,2562,300,623,0
126,15,1821,2562,1559,2032,0
126,16,1821,2562,1224,2119,0
126,17,1821,2562,838,460,0
126,18,1821,2562,352,2688,0
126,19,1821,2562,2179,352,0
126,20,1821,2562,525,672,0
126,21,1821,2562,1652,2883,0
126,22,1821,2562,1373,2660,0
126,23,1821,2562,2814,1659,0
126,24,1821,2562,1449,1659,0
126,25,1821,2562,2305,1303,0
126,26,1821,2562,769,677,0
126,27,1821,2562,2295,2940,0
126,28,1821,2562,577,2880,0
126,29,1821,2562,1614,2810,0
126,30,1821,2562,47,1395,0
126,31,1821,2562,2664,803,0
126,32,1821,2562,2309,2153,0
126,33,1821,2562,2074,2182,0
126,34,1821,2562,1554,11,0
126,35,1821,2562,1400,2146,0
126,36,1821,2562,1795,740,0
126,37,1821,2562,931,567,0
126,38,1821,2562,1254,1779,0
126,39,1821,2562,45,883,0
126,40,1821,2562,1359,119,0
126,41,1821,2562,2127,1277,0
126,42,1821,2562,2925,1375,0
126,43,1821,2562,2505,1463,0
126,44,1821,2562,1791,2744,1
126,45,1821,2562,1916,1718,0
126,46,1821,2562,167,2831,0
126,47,1821,2562,2315,236,0
126,48,1821,2562,1902,1139,0
126,49,1821,2562,1443,2554,0
126,50,1821,2562,194,2519,0
126,51,1821,2562,301,248,0
126,52,1821,2562,934,2502,0
126,53,1821,2562,343,1045,0
126,54,1821,2562,1542,1250,0
126,55,1821,2562,2149,1171,0
126,56,1821,2562,2055,1783,0
126,57,1821,2562,941,1993,0
126,58,1821,2562,123,1452,0
126,59,1821,2562,2845,2865,0
126,60,1821,2562,1089,2442,0
126,61,1821,2562,859,1946,0
126,62,1821,2562,1024,191,0
126,63,1821,2562,640,1179,0
126,64,1821,2562,2225,946,0
126,65,1821,2562,349,822,0
126,66,1821,2562,826,2377,0
126,67,1821,2562,1638,96,0
126,68,1821,2562,2727,990,0
126,69,1821,2562,2915,1910,0
126,70,1821,2562,1406,1407,0
126,71,1821,2562,2216,2614,0
126,72,1821,2562,1497,453,0
126,73,1821,2562,1462,1798,0
126,74,1821,2562,1212,215,0
126,75,1821,2562,2881,2014,0
126,76,1821,2562,32,1929,0
126,77,1821,2562,2695,266,0
126,78,1821,2562,2042,2855,0
126,79,1821,2562,193,1354,0
126,80,1821,2562,123,892,0
126,81,1821,2562,2391,199,0
126,82,1821,2562,738,1556,0
126,83,1821,2562,656,1512,0
126,84,1821,2562,2081,2886,0
126,85,1821,2562,2720,2097,0
126,86,1821,2562,2245,1289,0
126,87,1821,2562,714,2990,0
126,88,1821,2562,2800,641,0
126,89,1821,2562,2389,2741,0
126,90,1821,2562,538,2170,0
126,91,1821,2562,2767,2393,0
126,92,1821,2562,1270,693,0
126,93,1821,2562,2649,133,0
126,94,1821,2562,782,2023,0
126,95,1821,2562,551,1308,0
126,96,1821,2562,2784,254,0
126,97,1821,2562,2443,1306,0
126,98,1821,2562,1619,1722,0
126,99,1821,2562,508,1060,0
126,100,1821,2562,2201,1345,0
126,101,1821,2562,2587,861,0
126,102,1821,2562,2593,412,0
126,103,1821,2562,2995,1976,0
126,104,1821,2562,2546,755,0
126,105,1821,2562,1384,10,0
126,106,1821,2562,1458,697,0
126,107,1821,2562,52,2157,0
126,108,1821,2562,2017,217,0
126,109,1821,2562,2750,1252,0
126,110,1821,2562,1972,2182,0
126,111,1821,2562,736,1220,0
126,112,1821,2562,1701,2178,0
126,113,1821,2562,27,769,0
126,114,1821,2562,148,1215,0
126,115,1821,2562,1308,917,0
126,116,1821,2562,579,885,0
126,117,1821,2562,2737,2060,0
126,118,1821,2562,1739,2828,0
126,119,1821,2562,1339,2055,0
126,120,1821,2562,1479,618,0
126,121,1821,2562,1518,2678,0
126,122,1821,2562,2663,2085,0
126,123,1821,2562,1536,440,0
126,124,1821,2562,2347,485,0
126,125,1821,2562,2244,1545,0
126,127,1821,2562,1162,1754,0
126,128,1821,2562,476,1205,0
126,129,1821,2562,1692,876,0
126,130,1821,2562,300,1205,0
126,131,1821,2562,2003,1714,0
126,132,1821,2562,381,1336,0
126,133,1821,2562,2948,2728,0
126,134,1821,2562,1258,2583,0
126,135,1821,2562,1121,2987,0
126,136,1821,2562,2245,575,0
126,137,1821,2562,721,430,0
126,138,1821,2562,1441,992,0
126,139,1821,2562,2326,2998,0
126,140,1821,2562,976,329,0
126,141,1821,2562,2900,191,0
126,142,1821,2562,1962,1771,0
126,143,1821,2562,238,1665,0
126,144,1821,2562,295,1936,0
126,145,1821,2562,1854,141,0
126,146,1821,2562,2927,2918,0
126,147,1821,2562,652,2117,0
126,148,1821,2562,1281,1593,0
126,149,1821,2562,1093,2355,0
126,150,1821,2562,821,2889,0
126,151,1821,2562,2640,293,0
126,152,1821,2562,2213,1092,0
126,153,1821,2562,2554,526,0
126,154,1821,2562,773,2759,0
126,155,1821,2562,2398,2598,0
126,156,1821,2562,352,1773,0
126,157,1821,2562,136,1123,0
126,158,1821,2562,2533,1961,0
126,159,1821,2562,1274,2648,0
126,160,1821,2562,2856,1016,0
126,161,1821,2562,723,68,0
126,162,1821,2562,1849,735,0
126,163,1821,2562,1750,564,0
126,164,1821,2562,21,376,0
126,165,1821,2562,2035,939,0
126,166,1821,2562,1752,1825,0
126,167,1821,2562,2384,871,0
126,168,1821,2562,1034,788,0
126,169,1821,2562,1867,2645,0
126,170,1821,2562,940,504,0
126,171,1821,2562,1519,1618,0
126,172,1821,2562,1392,2416,0
126,173,1821,2562,1843,947,0
126,174,1821,2562,1387,1345,0
126,175,1821,2562,2479,1210,0
126,176,1821,2562,1555,1680,0
126,177,1821,2562,160,2470,0
126,178,1821,2562,2692,2143,0
126,179,1821,2562,158,2357,0
126,180,1821,2562,2335,890,0
126,181,1821,2562,1761,1075,0
126,182,1821,2562,2099,406,0
127,0,1162,1754,1639,2892,0
127,1,1162,1754,1329,745,0
127,2,1162,1754,443,1218,0
127,3,1162,1754,2514,1181,0
127,4,1162,1754,2286,223,0
127,5,1162,1754,595,2408,0
127,6,1162,1754,1383,2289,0
127,7,1162,1754,1795,201,0
127,8,1162,1754,2598,838,0
127,9,1162,1754,813,1715,0
127,10,1162,1754,1135,391,0
127,11,1162,1754,1132,1878,0
127,12,1162,1754,2041,661,0
127,13,1162,1754,1434,670,0
127,14,1162,1754,300,623,0
127,15,1162,1754,1559,2032,0
127,16,1162,1754,1224,2119,0
127,17,1162,1754,838,460,0
127,18,1162,1754,352,2688,0
127,19,1162,1754,2179,352,0
127,20,1162,1754,525,672,0
127,21,1162,1754,1652,2883,0
127,22,1162,1754,1373,2660,0
127,23,1162,1754,2814,1659,0
127,24,1162,1754,1449,1659,0
127,25,1162,1754,2305,1303,0
127,26,1162,1754,769,677,0
127,27,1162,1754,2295,2940,0
127,28,1162,1754,577,2880,0
127,29,1162,1754,1614,2810,0
127,30,1162,1754,47,1395,0
127,31,1162,1754,2664,803,0
127,32,1162,1754,2309,2153,0
127,33,1162,1754,2074,2182,0
127,34,1162,1754,1554,11,0
127,35,1162,1754,1400,2146,0
127,36,1162,1754,1795,740,0
127,37,1162,1754,931,567,0
127,38,1162,1754,1254,1779,1
127,39,1162,1754,45,883,0
127,40,1162,1754,1359,119,0
127,41,1162,1754,2127,1277,0
127,42,1162,1754,2925,1375,0
127,43,1162,1754,2505,1463,0
127,44,1162,1754,1791,2744,0
127,45,1162,1754,1916,1718,0
127,46,1162,1754,167,2831,0
127,47,1162,1754,2315,236,0
127,48,1162,1754,1902,1139,0
127,49,1162,1754,1443,2554,0
127,50,1162,1754,194,2519,0
127,51,1162,1754,301,248,0
127,52,1162,1754,934,2502,0
127,53,1162,1754,343,1045,0
127,54,1162,1754,1542,1250,0
127,55,1162,1754,2149,1171,0
127,56,1162,1754,2055,1783,0
127,57,1162,1754,941,1993,0
127,58,1162,1754,123,1452,0
127,59,1162,1754,2845,2865,0
127,60,1162,1754,1089,2442,0
127,61,1162,1754,859,1946,0
127,62,1162,1754,1024,191,0
127,63,1162,1754,640,1179,0
127,64,1162,1754,2225,946,0
127,65,1162,1754,349,822,0
127,66,1162,1754,826,2377,0
127,67,1162,1754,1638,96,0
127,68,1162,1754,2727,990,0
127,69,1162,1754,2915,1910,0
127,70,1162,1754,1406,1407,0
127,71,1162,1754,2216,2614,0
127,72,1162,1754,1497,453,0
127,73,1162,1754,1462,1798,0
127,74,1162,1754,1212,215,0
127,75,1162,1754,2881,2014,0
127,76,1162,1754,32,1929,0
127,77,1162,1754,2695,266,0
127,78,1162,1754,2042,2855,0
127,79,1162,1754,193,1354,0
127,80,1162,1754,123,892,0
127,81,1162,1754,2391,199,0
127,82,1162,1754,738,1556,0
127,83,1162,1754,656,1512,0
127,84,1162,1754,2081,2886,0
127,85,1162,1754,2720,2097,0
127,86,1162,1754,2245,1289,0
127,87,1162,1754,714,2990,0
127,88,1162,1754,2800,641,0
127,89,1162,1754,2389,2741,0
127,90,1162,1754,538,2170,0
127,91,1162,1754,2767,2393,0
127,92,1162,1754,1270,693,0
127,93,1162,1754,2649,133,0
127,94,1162,1754,782,2023,0
127,95,1162,1754,551,1308,0
127,96,1162,1754,2784,254,0
127,97,1162,1754,2443,1306,0
127,98,1162,1754,1619,1722,0
127,99,1162,1754,508,1060,0
127,100,1162,1754,2201,1345,0
127,101,1162,1754,2587,861,0
127,102,1162,1754,2593,412,0
127,103,1162,1754,2995,1976,0
127,104,1162,1754,2546,755,0
127,105,1162,1754,1384,10,0
127,106,1162,1754,1458,697,0
127,107,1162,1754,52,2157,0
127,108,1162,1754,2017,217,0
127,109,1162,1754,2750,1252,0
127,110,1162,1754,1972,2182,0
127,111,1162,1754,736,1220,0
127,112,1162,1754,1701,2178,0
127,113,1162,1754,27,769,0
127,114,1162,1754,148,1215,0
127,115,1162,1754,1308,917,0
127,116,1162,1754,579,885,0
127,117,1162,1754,2737,2060,0
127,118,1162,1754,1739,2828,0
127,119,1162,1754,1339,2055,0
127,120,1162,1754,1479,618,0
127,121,1162,1754,1518,2678,0
127,122,1162,1754,2663,2085,0
127,123,1162,1754,1536,440,0
127,124,1162,1754,2347,485,0
127,125,1162,1754,2244,1545,0
127,126,1162,1754,1821,2562,0
127,128,1162,1754,476,1205,0
127,129,1162,1754,1692,876,0
127,130,1162,1754,300,1205,0
127,131,1162,1754,2003,1714,0
127,132,1162,1754,381,1336,0
127,133,1162,1754,2948,2728,0
127,134,1162,1754,1258,2583,0
127,135,1162,1754,1121,2987,0
127,136,1162,1754,2245,575,0
127,137,1162,1754,721,430,0
127,138,1162,1754,1441,992,0
127,139,1162,1754,2326,2998,0
127,140,1162,1754,976,329,0
127,141,1162,1754,2900,191,0
127,142,1162,1754,1962,1771,0
127,143,1162,1754,238,1665,0
127,144,1162,1754,295,1936,0
127,145,1162,1754,1854,141,0
127,146,1162,1754,2927,2918,0
127,147,1162,1754,652,2117,0
127,148,1162,1754,1281,1593,0
127,149,1162,1754,1093,2355,0
127,150,1162,1754,821,2889,0
127,151,1162,1754,2640,293,0
127,152,1162,1754,2213,1092,0
127,153,1162,1754,2554,526,0
127,154,1162,1754,773,2759,0
127,155,1162,1754,2398,2598,0
127,156,1162,1754,352,1773,0
127,157,1162,1754,136,1123,0
127,158,1162,1754,2533,1961,0
127,159,1162,1754,1274,2648,0
127,160,1162,1754,2856,1016,0
127,161,1162,1754,723,68,0
127,162,1162,1754,1849,735,0
127,163,1162,1754,1750,564,0
127,164,1162,1754,21,376,0
127,165,1162,1754,2035,939,0
127,166,1162,1754,1752,1825,0
127,167,1162,1754,2384,871,0
127,168,1162,1754,1034,788,0
127,169,1162,1754,1867,2645,0
127,170,1162,1754,940,504,0
127,171,1162,1754,1519,1618,0
127,172,1162,1754,1392,2416,0
127,173,1162,1754,1843,947,0
127,174,1162,1754,1387,1345,0
127,175,1162,1754,2479,1210,0
127,176,1162,1754,1555,1680,0
127,177,1162,1754,160,2470,0
127,178,1162,1754,2692,2143,0
127,179,1162,1754,158,2357,0
127,180,1162,1754,2335,890,0
127,181,1162,1754,1761,1075,0
127,182,1162,1754,2099,406,0
128,0,476,1205,1639,2892,0
128,1,476,1205,1329,745,0
128,2,476,1205,443,1218,0
128,3,476,1205,2514,1181,0
128,4,476,1205,2286,223,0
128,5,476,1205,595,2408,0
128,6,476,1205,1383,2289,0
128,7,476,1205,1795,201,0
128,8,476,1205,2598,838,0
128,9,476,1205,813,1715,0
128,10,476,1205,1135,391,0
128,11,476,1205,1132,1878,0
128,12,476,1205,2041,661,0
128,13,476,1205,1434,670,0
128,14,476,1205,300,623,0
128,15,476,1205,1559,2032,0
128,16,476,1205,1224,2119,0
128,17,476,1205,838,460,0
128,18,476,1205,352,2688,0
128,19,476,1205,2179,352,0
128,20,476,1205,525,672,0
128,21,476,1205,1652,2883,0
128,22,476,1205,1373,2660,0
128,23,476,1205,2814,1659,0
128,24,476,1205,1449,1659,0
128,25,476,1205,2305,1303,0
128,26,476,1205,769,677,0
128,27,476,1205,2295,2940,0
128,28,476,1205,577,2880,0
128,29,476,1205,1614,2810,0
128,30,476,1205,47,1395,0
128,31,476,1205,2664,803,0
128,32,476,1205,2309,2153,0
128,33,476,1205,2074,2182,0
128,34,476,1205,1554,11,0
128,35,476,1205,1400,2146,0
128,36,476,1205,1795,740,0
128,37,476,1205,931,567,0
128,38,476,1205,1254,1779,0
128,39,476,1205,45,883,0
128,40,476,1205,1359,119,0
128,41,476,1205,2127,1277,0
128,42,476,1205,2925,1375,0
128,43,476,1205,2505,1463,0
128,44,476,1205,1791,2744,0
128,45,476,1205,1916,1718,0
128,46,476,1205,167,2831,0
128,47,476,1205,2315,236,0
128,48,476,1205,1902,1139,0
128,49,476,1205,1443,2554,0
128,50,476,1205,194,2519,0
128,51,476,1205,301,248,0
128,52,476,1205,934,2502,0
128,53,476,1205,343,1045,0
128,54,476,1205,1542,1250,0
128,55,476,1205,2149,1171,0
128,56,476,1205,2055,1783,0
128,57,476,1205,941,1993,0
128,58,476,1205,123,1452,0
128,59,476,1205,2845,2865,0
128,60,476,1205,1089,2442,0
128,61,476,1205,859,1946,0
128,62,476,1205,1024,191,0
128,63,476,1205,640,1179,0
128,64,476,1205,2225,946,0
128,65,476,1205,349,822,0
128,66,476,1205,826,2377,0
128,67,476,1205,1638,96,0
128,68,476,1205,2727,990,0
128,69,476,1205,2915,1910,0
128,70,476,1205,1406,1407,0
128,71,476,1205,2216,2614,0
128,72,476,1205,1497,453,0
128,73,476,1205,1462,1798,0
128,74,476,1205,1212,215,0
128,75,476,1205,2881,2014,0
128,76,476,1205,32,1929,0
128,77,476,1205,2695,266,0
128,78,476,1205,2042,2855,0
128,79,476,1205,193,1354,0
128,80,476,1205,123,892,0
128,81,476,1205,2391,199,0
128,82,476,1205,738,1556,0
128,83,476,1205,656,1512,0
128,84,476,1205,2081,2886,0
128,85,476,1205,2720,2097,0
128,86,476,1205,2245,1289,0
128,87,476,1205,714,2990,0
128,88,476,1205,2800,641,0
128,89,476,1205,2389,2741,0
128,90,476,1205,538,2170,0
128,91,476,1205,2767,2393,0
128,92,476,1205,1270,693,0
128,93,476,1205,2649,133,0
128,94,476,1205,782,2023,0
128,95,476,1205,551,1308,1
128,96,476,1205,2784,254,0
128,97,476,1205,2443,1306,0
128,98,476,1205,1619,1722,0
128,99,476,1205,508,1060,0
128,100,476,1205,2201,1345,0
128,101,476,1205,2587,861,0
128,102,476,1205,2593,412,0
128,103,476,1205,2995,1976,0
128,104,476,1205,2546,755,0
128,105,476,1205,1384,10,0
128,106,476,1205,1458,697,0
128,107,476,1205,52,2157,0
128,108,476,1205,2017,217,0
128,109,476,1205,2750,1252,0
128,110,476,1205,1972,2182,0
128,111,476,1205,736,1220,0
128,112,476,1205,1701,2178,0
128,113,476,1205,27,769,0
128,114,476,1205,148,1215,0
128,115,476,1205,1308,917,0
128,116,476,1205,579,885,0
128,117,476,1205,2737,2060,0
128,118,476,1205,1739,2828,0
128,119,476,1205,1339,2055,0
128,120,476,1205,1479,618,0
128,121,476,1205,1518,2678,0
128,122,476,1205,2663,2085,0
128,123,476,1205,1536,440,0
128,124,476,1205,2347,485,0
128,125,476,1205,2244,1545,0
128,126,476,1205,1821,2562,0
128,127,476,1205,1162,1754,0
128,129,476,1205,1692,876,0
128,130,476,1205,300,1205,0
128,131,476,1205,2003,1714,0
128,132,476,1205,381,1336,0
128,133,476,1205,2948,2728,0
128,134,476,1205,1258,2583,0
128,135,476,1205,1121,2987,0
128,136,476,1205,2245,575,0
128,137,476,1205,721,430,0
128,138,476,1205,1441,992,0
128,139,476,1205,2326,2998,0
128,140,476,1205,976,329,0
128,141,476,1205,2900,191,0
128,142,476,1205,1962,1771,0
128,143,476,1205,238,1665,0
128,144,476,1205,295,1936,0
128,145,476,1205,1854,141,0
128,146,476,1205,2927,2918,0
128,147,476,1205,652,2117,0
128,148,476,1205,1281,1593,0
128,149,476,1205,1093,2355,0
128,150,476,1205,821,2889,0
128,151,476,1205,2640,293,0
128,152,476,1205,2213,1092,0
128,153,476,1205,2554,526,0
128,154,476,1205,773,2759,0
128,155,476,1205,2398,2598,0
128,156,476,1205,352,1773,0
128,157,476,1205,136,1123,0
128,158,476,1205,2533,1961,0
128,159,476,1205,1274,2648,0
128,160,476,1205,2856,1016,0
128,161,476,1205,723,68,0
128,162,476,1205,1849,735,0
128,163,476,1205,1750,564,0
128,164,476,1205,21,376,0
128,165,476,1205,2035,939,0
128,166,476,1205,1752,1825,0
128,167,476,1205,2384,871,0
128,168,476,1205,1034,788,0
128,169,476,1205,1867,2645,0
128,170,476,1205,940,504,0
128,171,476,1205,1519,1618,0
128,172,476,1205,1392,2416,0
128,173,476,1205,1843,947,0
128,174,476,1205,1387,1345,0
128,175,476,1205,2479,1210,0
128,176,476,1205,1555,1680,0
128,177,476,1205,160,2470,0
128,178,476,1205,2692,2143,0
128,179,476,1205,158,2357,0
128,180,476,1205,2335,890,0
128,181,476,1205,1761,1075,0
128,182,476,1205,2099,406,0
129,0,1692,876,1639,2892,0
129,1,1692,876,1329,745,0
129,2,1692,876,443,1218,0
129,3,1692,876,2514,1181,0
129,4,1692,876,2286,223,0
129,5,1692,876,595,2408,0
129,6,1692,876,1383,2289,0
129,7,1692,876,1795,201,0
129,8,1692,876,2598,838,0
129,9,1692,876,813,1715,0
129,10,1692,876,1135,391,0
129,11,1692,876,1132,1878,0
129,12,1692,876,2041,661,0
129,13,1692,876,1434,670,0
129,14,1692,876,300,623,0
129,15,1692,876,1559,2032,0
129,16,1692,876,1224,2119,0
129,17,1692,876,838,460,0
129,18,1692,876,352,2688,0
129,19,1692,876,2179,352,0
129,20,1692,876,525,672,0
129,21,1692,876,1652,2883,0
129,22,1692,876,1373,2660,0
129,23,1692,876,2814,1659,0
129,24,1692,876,1449,1659,0
129,25,1692,876,2305,1303,0
129,26,1692,876,769,677,0
129,27,1692,876,2295,2940,0
129,28,1692,876,577,2880,0
129,29,1692,876,1614,2810,0
129,30,1692,876,47,1395,0
129,31,1692,876,2664,803,0
129,32,1692,876,2309,2153,0
129,33,1692,876,2074,2182,0
129,34,1692,876,1554,11,0
129,35,1692,876,1400,2146,0
129,36,1692,876,1795,740,0
129,37,1692,876,931,567,0
129,38,1692,876,1254,1779,0
129,39,1692,876,45,883,0
129,40,1692,876,1359,119,0
129,41,1692,876,2127,1277,0
129,42,1692,876,2925,1375,0
129,43,1692,876,2505,1463,0
129,44,1692,876,1791,2744,0
129,45,1692,876,1916,1718,0
129,46,1692,876,167,2831,0
129,47,1692,876,2315,236,0
129,48,1692,876,1902,1139,0
129,49,1692,876,1443,2554,0
129,50,1692,876,194,2519,0
129,51,1692,876,301,248,0
129,52,1692,876,934,2502,0
129,53,1692,876,343,1045,0
129,54,1692,876,1542,1250,0
129,55,1692,876,2149,1171,0
129,56,1692,876,2055,1783,0
129,57,1692,876,941,1993,0
129,58,1692,876,123,1452,0
129,59,1692,876,2845,2865,0
129,60,1692,876,1089,2442,0
129,61,1692,876,859,1946,0
129,62,1692,876,1024,191,0
129,63,1692,876,640,1179,0
129,64,1692,876,2225,946,0
129,65,1692,876,349,822,0
129,66,1692,876,826,2377,0
129,67,1692,876,1638,96,0
129,68,1692,876,2727,990,0
129,69,1692,876,2915,1910,0
129,70,1692,876,1406,1407,0
129,71,1692,876,2216,2614,0
129,72,1692,876,1497,453,0
129,73,1692,876,1462,1798,0
129,74,1692,876,1212,215,0
129,75,1692,876,2881,2014,0
129,76,1692,876,32,1929,0
129,77,1692,876,2695,266,0
129,78,1692,876,2042,2855,0
129,79,1692,876,193,1354,0
129,80,1692,876,123,892,0
129,81,1692,876,2391,199,0
129,82,1692,876,738,1556,0
129,83,1692,876,656,1512,0
129,84,1692,876,2081,2886,0
129,85,1692,876,2720,2097,0
129,86,1692,876,2245,1289,0
129,87,1692,876,714,2990,0
129,88,1692,876,2800,641,0
129,89,1692,876,2389,2741,0
129,90,1692,876,538,2170,0
129,91,1692,876,2767,2393,0
129,92,1692,876,1270,693,0
129,93,1692,876,2649,133,0
129,94,1692,876,782,2023,0
129,95,1692,876,551,1308,0
129,96,1692,876,2784,254,0
129,97,1692,876,2443,1306,0
129,98,1692,876,1619,1722,0
129,99,1692,876,508,1060,0
129,100,1692,876,2201,1345,0
129,101,1692,876,2587,861,0
129,102,1692,876,2593,412,0
129,103,1692,876,2995,1976,0
129,104,1692,876,2546,755,0
129,105,1692,876,1384,10,0
129,106,1692,876,1458,697,0
129,107,1692,876,52,2157,0
129,108,1692,876,2017,217,0
129,109,1692,876,2750,1252,0
129,110,1692,876,1972,2182,0
129,111,1692,876,736,1220,0
129,112,1692,876,1701,2178,0
129,113,1692,876,27,769,0
129,114,1692,876,148,1215,0
129,115,1692,876,1308,917,0
129,116,1692,876,579,885,0
129,117,1692,876,2737,2060,0
129,118,1692,876,1739,2828,0
129,119,1692,876,1339,2055,0
129,120,1692,876,1479,618,0
129,121,1692,876,1518,2678,0
129,122,1692,876,2663,2085,0
129,123,1692,876,1536,440,0
129,124,1692,876,2347,485,0
129,125,1692,876,2244,1545,0
129,126,1692,876,1821,2562,0
129,127,1692,876,1162,1754,0
129,128,1692,876,476,1205,0
129,130,1692,876,300,1205,0
129,131,1692,876,2003,1714,0
129,132,1692,876,381,1336,0
129,133,1692,876,2948,2728,0
129,134,1692,876,1258,2583,0
129,135,1692,876,1121,2987,0
129,136,1692,876,2245,575,0
129,137,1692,876,721,430,0
129,138,1692,876,1441,992,0
129,139,1692,876,2326,2998,0
129,140,1692,876,976,329,0
129,141,1692,876,2900,191,0
129,142,1692,876,1962,1771,0
129,143,1692,876,238,1665,0
129,144,1692,876,295,1936,0
129,145,1692,876,1854,141,0
129,146,1692,876,2927,2918,0
129,147,1692,876,652,2117,0
129,148,1692,876,1281,1593,0
129,149,1692,876,1093,2355,0
129,150,1692,876,821,2889,0
129,151,1692,876,2640,293,0
129,152,1692,876,2213,1092,0
129,153,1692,876,2554,526,0
129,154,1692,876,773,2759,0
129,155,1692,876,2398,2598,0
129,156,1692,876,352,1773,0
129,157,1692,876,136,1123,0
129,158,1692,876,2533,1961,0
129,159,1692,876,1274,2648,0
129,160,1692,876,2856,1016,0
129,161,1692,876,723,68,0
129,162,1692,876,1849,735,0
129,163,1692,876,1750,564,0
129,164,1692,876,21,376,0
129,165,1692,876,2035,939,0
129,166,1692,876,1752,1825,0
129,167,1692,876,2384,871,0
129,168,1692,876,1034,788,0
129,169,1692,876,1867,2645,0
129,170,1692,876,940,504,0
129,171,1692,876,1519,1618,0
129,172,1692,876,1392,2416,0
129,173,1692,876,1843,947,1
129,174,1692,876,1387,1345,0
129,175,1692,876,2479,1210,0
129,176,1692,876,1555,1680,0
129,177,1692,876,160,2470,0
129,178,1692,876,2692,2143,0
129,179,1692,876,158,2357,0
129,180,1692,876,2335,890,0
129,181,1692,876,1761,1075,0
129,182,1692,876,2099,406,0
130,0,300,1205,1639,2892,0
130,1,300,1205,1329,745,0
130,2,300,1205,443,1218,0
130,3,300,1205,2514,1181,0
130,4,300,1205,2286,223,0
130,5,300,1205,595,2408,0
130,6,300,1205,1383,2289,0
130,7,300,1205,1795,201,0
130,8,300,1205,2598,838,0
130,9,300,1205,813,1715,0
130,10,300,1205,1135,391,0
130,11,300,1205,1132,1878,0
130,12,300,1205,2041,661,0
130,13,300,1205,1434,670,0
130,14,300,1205,300,623,0
130,15,300,1205,1559,2032,0
130,16,300,1205,1224,2119,0
130,17,300,1205,838,460,0
130,18,300,1205,352,2688,0
130,19,300,1205,2179,352,0
130,20,300,1205,525,672,0
130,21,300,1205,1652,2883,0
130,22,300,1205,1373,2660,0
130,23,300,1205,2814,1659,0
130,24,300,1205,1449,1659,0
130,25,300,1205,2305,1303,0
130,26,300,1205,769,677,0
130,27,300,1205,2295,2940,0
130,28,300,1205,577,2880,0
130,29,300,1205,1614,2810,0
130,30,300,1205,47,1395,0
130,31,300,1205,2664,803,0
130,32,300,1205,2309,2153,0
130,33,300,1205,2074,2182,0
130,34,300,1205,1554,11,0
130,35,300,1205,1400,2146,0
130,36,300,1205,1795,740,0
130,37,300,1205,931,567,0
130,38,300,1205,1254,1779,0
130,39,300,1205,45,883,0
130,40,300,1205,1359,119,0
130,41,300,1205,2127,1277,0
130,42,300,1205,2925,1375,0
130,43,300,1205,2505,1463,0
130,44,300,1205,1791,2744,0
130,45,300,1205,1916,1718,0
130,46,300,1205,167,2831,0
130,47,300,1205,2315,236,0
130,48,300,1205,1902,1139,0
130,49,300,1205,1443,2554,0
130,50,300,1205,194,2519,0
130,51,300,1205,301,248,0
130,52,300,1205,934,2502,0
130,53,300,1205,343,1045,0
130,54,300,1205,1542,1250,0
130,55,300,1205,2149,1171,0
130,56,300,1205,2055,1783,0
130,57,300,1205,941,1993,0
130,58,300,1205,123,1452,0
130,59,300,1205,2845,2865,0
130,60,300,1205,1089,2442,0
130,61,300,1205,859,1946,0
130,62,300,1205,1024,191,0
130,63,300,1205,640,1179,0
130,64,300,1205,2225,946,0
130,65,300,1205,349,822,0
130,66,300,1205,826,2377,0
130,67,300,1205,1638,96,0
130,68,300,1205,2727,990,0
130,69,300,1205,2915,1910,0
130,70,300,1205,1406,1407,0
130,71,300,1205,2216,2614,0
130,72,300,1205,1497,453,0
130,73,300,1205,1462,1798,0
130,74,300,1205,1212,215,0
130,75,300,1205,2881,2014,0
130,76,300,1205,32,1929,0
130,77,300,1205,2695,266,0
130,78,300,1205,2042,2855,0
130,79,300,1205,193,1354,0
130,80,300,1205,123,892,0
130,81,300,1205,2391,199,0
130,82,300,1205,738,1556,0
130,83,300,1205,656,1512,0
130,84,300,1205,2081,2886,0
130,85,300,1205,2720,2097,0
130,86,300,1205,2245,1289,0
130,87,300,1205,714,2990,0
130,88,300,1205,2800,641,0
130,89,300,1205,2389,2741,0
130,90,300,1205,538,2170,0
130,91,300,1205,2767,2393,0
130,92,300,1205,1270,693,0
130,93,300,1205,2649,133,0
130,94,300,1205,782,2023,0
130,95,300,1205,551,1308,0
130,96,300,1205,2784,254,0
130,97,300,1205,2443,1306,0
130,98,300,1205,1619,1722,0
130,99,300,1205,508,1060,0
130,100,300,1205,2201,1345,0
130,101,300,1205,2587,861,0
130,102,300,1205,2593,412,0
130,103,300,1205,2995,1976,0
130,104,300,1205,2546,755,0
130,105,300,1205,1384,10,0
130,106,300,1205,1458,697,0
130,107,300,1205,52,2157,0
130,108,300,1205,2017,217,0
130,109,300,1205,2750,1252,0
130,110,300,1205,1972,2182,0
130,111,300,1205,736,1220,0
130,112,300,1205,1701,2178,0
130,113,300,1205,27,769,0
130,114,300,1205,148,1215,0
130,115,300,1205,1308,917,0
130,116,300,1205,579,885,0
130,117,300,1205,2737,2060,0
130,118,300,1205,1739,2828,0
130,119,300,1205,1339,2055,0
130,120,300,1205,1479,618,0
130,121,300,1205,1518,2678,0
130,122,300,1205,2663,2085,0
130,123,300,1205,1536,440,0
130,124,300,1205,2347,485,0
130,125,300,1205,2244,1545,0
130,126,300,1205,1821,2562,0
130,127,300,1205,1162,1754,0
130,128,300,1205,476,1205,0
130,129,300,1205,1692,876,0
130,131,300,1205,2003,1714,0
130,132,300,1205,381,1336,1
130,133,300,1205,2948,2728,0
130,134,300,1205,1258,2583,0
130,135,300,1205,1121,2987,0
130,136,300,1205,2245,575,0
130,137,300,1205,721,430,0
130,138,300,1205,1441,992,0
130,139,300,1205,2326,2998,0
130,140,300,1205,976,329,0
130,141,300,1205,2900,191,0
130,142,300,1205,1962,1771,0
130,143,300,1205,238,1665,0
130,144,300,1205,295,1936,0
130,145,300,1205,1854,141,0
130,146,300,1205,2927,2918,0
130,147,300,1205,652,2117,0
130,148,300,1205,1281,1593,0
130,149,300,1205,1093,2355,0
130,150,300,1205,821,2889,0
130,151,300,1205,2640,293,0
130,152,300,1205,2213,1092,0
130,153,300,1205,2554,526,0
130,154,300,1205,773,2759,0
130,155,300,1205,2398,2598,0
130,156,300,1205,352,1773,0
130,157,300,1205,136,1123,0
130,158,300,1205,2533,1961,0
130,159,300,1205,1274,2648,0
130,160,300,1205,2856,1016,0
130,161,300,1205,723,68,0
130,162,300,1205,1849,735,0
130,163,300,1205,1750,564,0
130,164,300,1205,21,376,0
130,165,300,1205,2035,939,0
130,166,300,1205,1752,1825,0
130,167,300,1205,2384,871,0
130,168,300,1205,1034,788,0
130,169,300,1205,1867,2645,0
130,170,300,1205,940,504,0
130,171,300,1205,1519,1618,0
130,172,300,1205,1392,2416,0
130,173,300,1205,1843,947,0
130,174,300,1205,1387,1345,0
130,175,300,1205,2479,1210,0
130,176,300,1205,1555,1680,0
130,177,300,1205,160,2470,0
130,178,300,1205,2692,2143,0
130,179,300,1205,158,2357,0
130,180,300,1205,2335,890,0
130,181,300,1205,1761,1075,0
130,182,300,1205,2099,406,0
131,0,2003,1714,1639,2892,0
131,1,2003,1714,1329,745,0
131,2,2003,1714,443,1218,0
131,3,2003,1714,2514,1181,0
131,4,2003,1714,2286,223,0
131,5,2003,1714,595,2408,0
131,6,2003,1714,1383,2289,0
131,7,2003,1714,1795,201,0
131,8,2003,1714,2598,838,0
131,9,2003,1714,813,1715,0
131,10,2003,1714,1135,391,0
131,11,2003,1714,1132,1878,0
131,12,2003,1714,2041,661,0
131,13,2003,1714,1434,670,0
131,14,2003,1714,300,623,0
131,15,2003,1714,1559,2032,0
131,16,2003,1714,1224,2119,0
131,17,2003,1714,838,460,0
131,18,2003,1714,352,2688,0
131,19,2003,1714,2179,352,0
131,20,2003,1714,525,672,0
131,21,2003,1714,1652,2883,0
131,22,2003,1714,1373,2660,0
131,23,2003,1714,2814,1659,0
131,24,2003,1714,1449,1659,0
131,25,2003,1714,2305,1303,0
131,26,2003,1714,769,677,0
131,27,2003,1714,2295,2940,0
131,28,2003,1714,577,2880,0
131,29,2003,1714,1614,2810,0
131,30,2003,1714,47,1395,0
131,31,2003,1714,2664,803,0
131,32,2003,1714,2309,2153,0
131,33,2003,1714,2074,2182,0
131,34,2003,1714,1554,11,0
131,35,2003,1714,1400,2146,0
131,36,2003,1714,1795,740,0
131,37,2003,1714,931,567,0
131,38,2003,1714,1254,1779,0
131,39,2003,1714,45,883,0
131,40,2003,1714,1359,119,0
131,41,2003,1714,2127,1277,0
131,42,2003,1714,2925,1375,0
131,43,2003,1714,2505,1463,0
131,44,2003,1714,1791,2744,0
131,45,2003,1714,1916,1718,0
131,46,2003,1714,167,2831,0
131,47,2003,1714,2315,236,0
131,48,2003,1714,1902,1139,0
131,49,2003,1714,1443,2554,0
131,50,2003,1714,194,2519,0
131,51,2003,1714,301,248,0
131,52,2003,1714,934,2502,0
131,53,2003,1714,343,1045,0
131,54,2003,1714,1542,1250,0
131,55,2003,1714,2149,1171,0
131,56,2003,1714,2055,1783,0
131,57,2003,1714,941,1993,0
131,58,2003,1714,123,1452,0
131,59,2003,1714,2845,2865,0
131,60,2003,1714,1089,2442,0
131,61,2003,1714,859,1946,0
131,62,2003,1714,1024,191,0
131,63,2003,1714,640,1179,0
131,64,2003,1714,2225,946,0
131,65,2003,1714,349,822,0
131,66,2003,1714,826,2377,0
131,67,2003,1714,1638,96,0
131,68,2003,1714,2727,990,0
131,69,2003,1714,2915,1910,0
131,70,2003,1714,1406,1407,0
131,71,2003,1714,2216,2614,0
131,72,2003,1714,1497,453,0
131,73,2003,1714,1462,1798,0
131,74,2003,1714,1212,215,0
131,75,2003,1714,2881,2014,0
131,76,2003,1714,32,1929,0
131,77,2003,1714,2695,266,0
131,78,2003,1714,2042,2855,0
131,79,2003,1714,193,1354,0
131,80,2003,1714,123,892,0
131,81,2003,1714,2391,199,0
131,82,2003,1714,738,1556,0
131,83,2003,1714,656,1512,0
131,84,2003,1714,2081,2886,0
131,85,2003,1714,2720,2097,0
131,86,2003,1714,2245,1289,0
131,87,2003,1714,714,2990,0
131,88,2003,1714,2800,641,0
131,89,2003,1714,2389,2741,0
131,90,2003,1714,538,2170,0
131,91,2003,1714,2767,2393,0
131,92,2003,1714,1270,693,0
131,93,2003,1714,2649,133,0
131,94,2003,1714,782,2023,0
131,95,2003,1714,551,1308,0
131,96,2003,1714,2784,254,0
131,97,2003,1714,2443,1306,0
131,98,2003,1714,1619,1722,0
131,99,2003,1714,508,1060,0
131,100,2003,1714,2201,1345,0
131,101,2003,1714,2587,861,0
131,102,2003,1714,2593,412,0
131,103,2003,1714,2995,1976,0
131,104,2003,1714,2546,755,0
131,105,2003,1714,1384,10,0
131,106,2003,1714,1458,697,0
131,107,2003,1714,52,2157,0
131,108,2003,1714,2017,217,0
131,109,2003,1714,2750,1252,0
131,110,2003,1714,1972,2182,0
131,111,2003,1714,736,1220,0
131,112,2003,1714,1701,2178,0
131,113,2003,1714,27,769,0
131,114,2003,1714,148,1215,0
131,115,2003,1714,1308,917,0
131,116,2003,1714,579,885,0
131,117,2003,1714,2737,2060,0
131,118,2003,1714,1739,2828,0
131,119,2003,1714,1339,2055,0
131,120,2003,1714,1479,618,0
131,121,2003,1714,1518,2678,0
131,122,2003,1714,2663,2085,0
131,123,2003,1714,1536,440,0
131,124,2003,1714,2347,485,0
131,125,2003,1714,2244,1545,0
131,126,2003,1714,1821,2562,0
131,127,2003,1714,1162,1754,0
131,128,2003,1714,476,1205,0
131,129,2003,1714,1692,876,0
131,130,2003,1714,300,1205,0
131,132,2003,1714,381,1336,0
131,133,2003,1714,2948,2728,0
131,134,2003,1714,1258,2583,0
131,135,2003,1714,1121,2987,0
131,136,2003,1714,2245,575,0
131,137,2003,1714,721,430,0
131,138,2003,1714,1441,992,0
131,139,2003,1714,2326,2998,0
131,140,2003,1714,976,329,0
131,141,2003,1714,2900,191,0
131,142,2003,1714,1962,1771,1
131,143,2003,1714,238,1665,0
131,144,2003,1714,295,1936,0
131,145,2003,1714,1854,141,0
131,146,2003,1714,2927,2918,0
131,147,2003,1714,652,2117,0
131,148,2003,1714,1281,1593,0
131,149,2003,1714,1093,2355,0
131,150,2003,1714,821,2889,0
131,151,2003,1714,2640,293,0
131,152,2003,1714,2213,1092,0
131,153,2003,1714,2554,526,0
131,154,2003,1714,773,2759,0
131,155,2003,1714,2398,2598,0
131,156,2003,1714,352,1773,0
131,157,2003,1714,136,1123,0
131,158,2003,1714,2533,1961,0
131,159,2003,1714,1274,2648,0
131,160,2003,1714,2856,1016,0
131,161,2003,1714,723,68,0
131,162,2003,1714,1849,735,0
131,163,2003,1714,1750,564,0
131,164,2003,1714,21,376,0
131,165,2003,1714,2035,939,0
131,166,2003,1714,1752,1825,0
131,167,2003,1714,2384,871,0
131,168,2003,1714,1034,788,0
131,169,2003,1714,1867,2645,0
131,170,2003,1714,940,504,0
131,171,2003,1714,1519,1618,0
131,172,2003,1714,1392,2416,0
131,173,2003,1714,1843,947,0
131,174,2003,1714,1387,1345,0
131,175,2003,1714,2479,1210,0
131,176,2003,1714,1555,1680,0
131,177,2003,1714,160,2470,0
131,178,2003,1714,2692,2143,0
131,179,2003,1714,158,2357,0
131,180,2003,1714,2335,890,0
131,181,2003,1714,1761,1075,0
131,182,2003,1714,2099,406,0
132,0,381,1336,1639,2892,0
132,1,381,1336,1329,745,0
132,2,381,1336,443,1218,1
132,3,381,1336,2514,1181,0
132,4,381,1336,2286,223,0
132,5,381,1336,595,2408,0
132,6,381,1336,1383,2289,0
132,7,381,1336,1795,201,0
132,8,381,1336,2598,838,0
132,9,381,1336,813,1715,0
132,10,381,1336,1135,391,0
132,11,381,1336,1132,1878,0
132,12,381,1336,2041,661,0
132,13,381,1336,1434,670,0
132,14,381,1336,300,623,0
132,15,381,1336,1559,2032,0
132,16,381,1336,1224,2119,0
132,17,381,1336,838,460,0
132,18,381,1336,352,2688,0
132,19,381,1336,2179,352,0
132,20,381,1336,525,672,0
132,21,381,1336,1652,2883,0
132,22,381,1336,1373,2660,0
132,23,381,1336,2814,1659,0
132,24,381,1336,1449,1659,0
132,25,381,1336,2305,1303,0
132,26,381,1336,769,677,0
132,27,381,1336,2295,2940,0
132,28,381,1336,577,2880,0
132,29,381,1336,1614,2810,0
132,30,381,1336,47,1395,0
132,31,381,1336,2664,803,0
132,32,381,1336,2309,2153,0
132,33,381,1336,2074,2182,0
132,34,381,1336,1554,11,0
132,35,381,1336,1400,2146,0
132,36,381,1336,1795,740,0
132,37,381,1336,931,567,0
132,38,381,1336,1254,1779,0
132,39,381,1336,45,883,0
132,40,381,1336,1359,119,0
132,41,381,1336,2127,1277,0
132,42,381,1336,2925,1375,0
132,43,381,1336,2505,1463,0
132,44,381,1336,1791,2744,0
132,45,381,1336,1916,1718,0
132,46,381,1336,167,2831,0
132,47,381,1336,2315,236,0
132,48,381,1336,1902,1139,0
132,49,381,1336,1443,2554,0
132,50,381,1336,194,2519,0
132,51,381,1336,301,248,0
132,52,381,1336,934,2502,0
132,53,381,1336,343,1045,0
132,54,381,1336,1542,1250,0
132,55,381,1336,2149,1171,0
132,56,381,1336,2055,1783,0
132,57,381,1336,941,1993,0
132,58,381,1336,123,1452,0
132,59,381,1336,2845,2865,0
132,60,381,1336,1089,2442,0
132,61,381,1336,859,1946,0
132,62,381,1336,1024,191,0
132,63,381,1336,640,1179,0
132,64,381,1336,2225,946,0
132,65,381,1336,349,822,0
132,66,381,1336,826,2377,0
132,67,381,1336,1638,96,0
132,68,381,1336,2727,990,0
132,69,381,1336,2915,1910,0
132,70,381,1336,1406,1407,0
132,71,381,1336,2216,2614,0
132,72,381,1336,1497,453,0
132,73,381,1336,1462,1798,0
132,74,381,1336,1212,215,0
132,75,381,1336,2881,2014,0
132,76,381,1336,32,1929,0
132,77,381,1336,2695,266,0
132,78,381,1336,2042,2855,0
132,79,381,1336,193,1354,0
132,80,381,1336,123,892,0
132,81,381,1336,2391,199,0
132,82,381,1336,738,1556,0
132,83,381,1336,656,1512,0
132,84,381,1336,2081,2886,0
132,85,381,1336,2720,2097,0
132,86,381,1336,2245,1289,0
132,87,381,1336,714,2990,0
132,88,381,1336,2800,641,0
132,89,381,1336,2389,2741,0
132,90,381,1336,538,2170,0
132,91,381,1336,2767,2393,0
132,92,381,1336,1270,693,0
132,93,381,1336,2649,133,0
132,94,381,1336,782,2023,0
132,95,381,1336,551,1308,0
132,96,381,1336,2784,254,0
132,97,381,1336,2443,1306,0
132,98,381,1336,1619,1722,0
132,99,381,1336,508,1060,0
132,100,381,1336,2201,1345,0
132,101,381,1336,2587,861,0
132,102,381,1336,2593,412,0
132,103,381,1336,2995,1976,0
132,104,381,1336,2546,755,0
132,105,381,1336,1384,10,0
132,106,381,1336,1458,697,0
132,107,381,1336,52,2157,0
132,108,381,1336,2017,217,0
132,109,381,1336,2750,1252,0
132,110,381,1336,1972,2182,0
132,111,381,1336,736,1220,0
132,112,381,1336,1701,2178,0
132,113,381,1336,27,769,0
132,114,381,1336,148,1215,0
132,115,381,1336,1308,917,0
132,116,381,1336,579,885,0
132,117,381,1336,2737,2060,0
132,118,381,1336,1739,2828,0
132,119,381,1336,1339,2055,0
132,120,381,1336,1479,618,0
132,121,381,1336,1518,2678,0
132,122,381,1336,2663,2085,0
132,123,381,1336,1536,440,0
132,124,381,1336,2347,485,0
132,125,381,1336,2244,1545,0
132,126,381,1336,1821,2562,0
132,127,381,1336,1162,1754,0
132,128,381,1336,476,1205,0
132,129,381,1336,1692,876,0
132,130,381,1336,300,1205,0
132,131,381,1336,2003,1714,0
132,133,381,1336,2948,2728,0
132,134,381,1336,1258,2583,0
132,135,381,1336,1121,2987,0
132,136,381,1336,2245,575,0
132,137,381,1336,721,430,0
132,138,381,1336,1441,992,0
132,139,381,1336,2326,2998,0
132,140,381,1336,976,329,0
132,141,381,1336,2900,191,0
132,142,381,1336,1962,1771,0
132,143,381,1336,238,1665,0
132,144,381,1336,295,1936,0
132,145,381,1336,1854,141,0
132,146,381,1336,2927,2918,0
132,147,381,1336,652,2117,0
132,148,381,1336,1281,1593,0
132,149,381,1336,1093,2355,0
132,150,381,1336,821,2889,0
132,151,381,1336,2640,293,0
132,152,381,1336,2213,1092,0
132,153,381,1336,2554,526,0
132,154,381,1336,773,2759,0
132,155,381,1336,2398,2598,0
132,156,381,1336,352,1773,0
132,157,381,1336,136,1123,0
132,158,381,1336,2533,1961,0
132,159,381,1336,1274,2648,0
132,160,381,1336,2856,1016,0
132,161,381,1336,723,68,0
132,162,381,1336,1849,735,0
132,163,381,1336,1750,564,0
132,164,381,1336,21,376,0
132,165,381,1336,2035,939,0
132,166,381,1336,1752,1825,0
132,167,381,1336,2384,871,0
132,168,381,1336,1034,788,0
132,169,381,1336,1867,2645,0
132,170,381,1336,940,504,0
132,171,381,1336,1519,1618,0
132,172,381,1336,1392,2416,0
132,173,381,1336,1843,947,0
132,174,381,1336,1387,1345,0
132,175,381,1336,2479,1210,0
132,176,381,1336,1555,1680,0
132,177,381,1336,160,2470,0
132,178,381,1336,2692,2143,0
132,179,381,1336,158,2357,0
132,180,381,1336,2335,890,0
132,181,381,1336,1761,1075,0
132,182,381,1336,2099,406,0
133,0,2948,2728,1639,2892,0
133,1,2948,2728,1329,745,0
133,2,2948,2728,443,1218,0
133,3,2948,2728,2514,1181,0
133,4,2948,2728,2286,223,0
133,5,2948,2728,595,2408,0
133,6,2948,2728,1383,2289,0
133,7,2948,2728,1795,201,0
133,8,2948,2728,2598,838,0
133,9,2948,2728,813,1715,0
133,10,2948,2728,1135,391,0
133,11,2948,2728,1132,1878,0
133,12,2948,2728,2041,661,0
133,13,2948,2728,1434,670,0
133,14,2948,2728,300,623,0
133,15,2948,2728,1559,2032,0
133,16,2948,2728,1224,2119,0
133,17,2948,2728,838,460,0
133,18,2948,2728,352,2688,0
133,19,2948,2728,2179,352,0
133,20,2948,2728,525,672,0
133,21,2948,2728,1652,2883,0
133,22,2948,2728,1373,2660,0
133,23,2948,2728,2814,1659,0
133,24,2948,2728,1449,1659,0
133,25,2948,2728,2305,1303,0
133,26,2948,2728,769,677,0
133,27,2948,2728,2295,2940,0
133,28,2948,2728,577,2880,0
133,29,2948,2728,1614,2810,0
133,30,2948,2728,47,1395,0
133,31,2948,2728,2664,803,0
133,32,2948,2728,2309,2153,0
133,33,2948,2728,2074,2182,0
133,34,2948,2728,1554,11,0
133,35,2948,2728,1400,2146,0
133,36,2948,2728,1795,740,0
133,37,2948,2728,931,567,0
133,38,2948,2728,1254,1779,0
133,39,2948,2728,45,883,0
133,40,2948,2728,1359,119,0
133,41,2948,2728,2127,1277,0
133,42,2948,2728,2925,1375,0
133,43,2948,2728,2505,1463,0
133,44,2948,2728,1791,2744,0
133,45,2948,2728,1916,1718,0
133,46,2948,2728,167,2831,0
133,47,2948,2728,2315,236,0
133,48,2948,2728,1902,1139,0
133,49,2948,2728,1443,2554,0
133,50,2948,2728,194,2519,0
133,51,2948,2728,301,248,0
133,52,2948,2728,934,2502,0
133,53,2948,2728,343,1045,0
133,54,2948,2728,1542,1250,0
133,55,2948,2728,2149,1171,0
133,56,2948,2728,2055,1783,0
133,57,2948,2728,941,1993,0
133,58,2948,2728,123,1452,0
133,59,2948,2728,2845,2865,0
133,60,2948,2728,1089,2442,0
133,61,2948,2728,859,1946,0
133,62,2948,2728,1024,191,0
133,63,2948,2728,640,1179,0
133,64,2948,2728,2225,946,0
133,65,2948,2728,349,822,0
133,66,2948,2728,826,2377,0
133,67,2948,2728,1638,96,0
133,68,2948,2728,2727,990,0
133,69,2948,2728,2915,1910,0
133,70,2948,2728,1406,1407,0
133,71,2948,2728,2216,2614,0
133,72,2948,2728,1497,453,0
133,73,2948,2728,1462,1798,0
133,74,2948,2728,1212,215,0
133,75,2948,2728,2881,2014,0
133,76,2948,2728,32,1929,0
133,77,2948,2728,2695,266,0
133,78,2948,2728,2042,2855,0
133,79,2948,2728,193,1354,0
133,80,2948,2728,123,892,0
133,81,2948,2728,2391,199,0
133,82,2948,2728,738,1556,0
133,83,2948,2728,656,1512,0
133,84,2948,2728,2081,2886,0
133,85,2948,2728,2720,2097,0
133,86,2948,2728,2245,1289,0
133,87,2948,2728,714,2990,0
133,88,2948,2728,2800,641,0
133,89,2948,2728,2389,2741,0
133,90,2948,2728,538,2170,0
133,91,2948,2728,2767,2393,0
133,92,2948,2728,1270,693,0
133,93,2948,2728,2649,133,0
133,94,2948,2728,782,2023,0
133,95,2948,2728,551,1308,0
133,96,2948,2728,2784,254,0
133,97,2948,2728,2443,1306,0
133,98,2948,2728,1619,1722,0
133,99,2948,2728,508,1060,0
133,100,2948,2728,2201,1345,0
133,101,2948,2728,2587,861,0
133,102,2948,2728,2593,412,0
133,103,2948,2728,2995,1976,0
133,104,2948,2728,2546,755,0
133,105,2948,2728,1384,10,0
133,106,2948,2728,1458,697,0
133,107,2948,2728,52,2157,0
133,108,2948,2728,2017,217,0
133,109,2948,2728,2750,1252,0
133,110,2948,2728,1972,2182,0
133,111,2948,2728,736,1220,0
133,112,2948,2728,1701,2178,0
133,113,2948,2728,27,769,0
133,114,2948,2728,148,1215,0
133,115,2948,2728,1308,917,0
133,116,2948,2728,579,885,0
133,117,2948,2728,2737,2060,0
133,118,2948,2728,1739,2828,0
133,119,2948,2728,1339,2055,0
133,120,2948,2728,1479,618,0
133,121,2948,2728,1518,2678,0
133,122,2948,2728,2663,2085,0
133,123,2948,2728,1536,440,0
133,124,2948,2728,2347,485,0
133,125,2948,2728,2244,1545,0
133,126,2948,2728,1821,2562,0
133,127,2948,2728,1162,1754,0
133,128,2948,2728,476,1205,0
133,129,2948,2728,1692,876,0
133,130,2948,2728,300,1205,0
133,131,2948,2728,2003,1714,0
133,132,2948,2728,381,1336,0
133,134,2948,2728,1258,2583,0
133,135,2948,2728,1121,2987,0
133,136,2948,2728,2245,575,0
133,137,2948,2728,721,430,0
133,138,2948,2728,1441,992,0
133,139,2948,2728,2326,2998,0
133,140,2948,2728,976,329,0
133,141,2948,2728,2900,191,0
133,142,2948,2728,1962,1771,0
133,143,2948,2728,238,1665,0
133,144,2948,2728,295,1936,0
133,145,2948,2728,1854,141,0
133,146,2948,2728,2927,2918,1
133,147,2948,2728,652,2117,0
133,148,2948,2728,1281,1593,0
133,149,2948,2728,1093,2355,0
133,150,2948,2728,821,2889,0
133,151,2948,2728,2640,293,0
133,152,2948,2728,2213,1092,0
133,153,2948,2728,2554,526,0
133,154,2948,2728,773,2759,0
133,155,2948,2728,2398,2598,0
133,156,2948,2728,352,1773,0
133,157,2948,2728,136,1123,0
133,158,2948,2728,2533,1961,0
133,159,2948,2728,1274,2648,0
133,160,2948,2728,2856,1016,0
133,161,2948,2728,723,68,0
133,162,2948,2728,1849,735,0
133,163,2948,2728,1750,564,0
133,164,2948,2728,21,376,0
133,165,2948,2728,2035,939,0
133,166,2948,2728,1752,1825,0
133,167,2948,2728,2384,871,0
133,168,2948,2728,1034,788,0
133,169,2948,2728,1867,2645,0
133,170,2948,2728,940,504,0
133,171,2948,2728,1519,1618,0
133,172,2948,2728,1392,2416,0
133,173,2948,2728,1843,947,0
133,174,2948,2728,1387,1345,0
133,175,2948,2728,2479,1210,0
133,176,2948,2728,1555,1680,0
133,177,2948,2728,160,2470,0
133,178,2948,2728,2692,2143,0
133,179,2948,2728,158,2357,0
133,180,2948,2728,2335,890,0
133,181,2948,2728,1761,1075,0
133,182,2948,2728,2099,406,0
134,0,1258,2583,1639,2892,0
134,1,1258,2583,1329,745,0
134,2,1258,2583,443,1218,0
134,3,1258,2583,2514,1181,0
134,4,1258,2583,2286,223,0
134,5,1258,2583,595,2408,0
134,6,1258,2583,1383,2289,0
134,7,1258,2583,1795,201,0
134,8,1258,2583,2598,838,0
134,9,1258,2583,813,1715,0
134,10,1258,2583,1135,391,0
134,11,1258,2583,1132,1878,0
134,12,1258,2583,2041,661,0
134,13,1258,2583,1434,670,0
134,14,1258,2583,300,623,0
134,15,1258,2583,1559,2032,0
134,16,1258,2583,1224,2119,0
134,17,1258,2583,838,460,0
134,18,1258,2583,352,2688,0
134,19,1258,2583,2179,352,0
134,20,1258,2583,525,672,0
134,21,1258,2583,1652,2883,0
134,22,1258,2583,1373,2660,0
134,23,1258,2583,2814,1659,0
134,24,1258,2583,1449,1659,0
134,25,1258,2583,2305,1303,0
134,26,1258,2583,769,677,0
134,27,1258,2583,2295,2940,0
134,28,1258,2583,577,2880,0
134,29,1258,2583,1614,2810,0
134,30,1258,2583,47,1395,0
134,31,1258,2583,2664,803,0
134,32,1258,2583,2309,2153,0
134,33,1258,2583,2074,2182,0
134,34,1258,2583,1554,11,0
134,35,1258,2583,1400,2146,0
134,36,1258,2583,1795,740,0
134,37,1258,2583,931,567,0
134,38,1258,2583,1254,1779,0
134,39,1258,2583,45,883,0
134,40,1258,2583,1359,119,0
134,41,1258,2583,2127,1277,0
134,42,1258,2583,2925,1375,0
134,43,1258,2583,2505,1463,0
134,44,1258,2583,1791,2744,0
134,45,1258,2583,1916,1718,0
134,46,1258,2583,167,2831,0
134,47,1258,2583,2315,236,0
134,48,1258,2583,1902,1139,0
134,49,1258,2583,1443,2554,0
134,50,1258,2583,194,2519,0
134,51,1258,2583,301,248,0
134,52,1258,2583,934,2502,0
134,53,1258,2583,343,1045,0
134,54,1258,2583,1542,1250,0
134,55,1258,2583,2149,1171,0
134,56,1258,2583,2055,1783,0
134,57,1258,2583,941,1993,0
134,58,1258,2583,123,1452,0
134,59,1258,2583,2845,2865,0
134,60,1258,2583,1089,2442,0
134,61,1258,2583,859,1946,0
134,62,1258,2583,1024,191,0
134,63,1258,2583,640,1179,0
134,64,1258,2583,2225,946,0
134,65,1258,2583,349,822,0
134,66,1258,2583,826,2377,0
134,67,1258,2583,1638,96,0
134,68,1258,2583,2727,990,0
134,69,1258,2583,2915,1910,0
134,70,1258,2583,1406,1407,0
134,71,1258,2583,2216,2614,0
134,72,1258,2583,1497,453,0
134,73,1258,2583,1462,1798,0
134,74,1258,2583,1212,215,0
134,75,1258,2583,2881,2014,0
134,76,1258,2583,32,1929,0
134,77,1258,2583,2695,266,0
134,78,1258,2583,2042,2855,0
134,79,1258,2583,193,1354,0
134,80,1258,2583,123,892,0
134,81,1258,2583,2391,199,0
134,82,1258,2583,738,1556,0
134,83,1258,2583,656,1512,0
134,84,1258,2583,2081,2886,0
134,85,1258,2583,2720,2097,0
134,86,1258,2583,2245,1289,0
134,87,1258,2583,714,2990,0
134,88,1258,2583,2800,641,0
134,89,1258,2583,2389,2741,0
134,90,1258,2583,538,2170,0
134,91,1258,2583,2767,2393,0
134,92,1258,2583,1270,693,0
134,93,1258,2583,2649,133,0
134,94,1258,2583,782,2023,0
134,95,1258,2583,551,1308,0
134,96,1258,2583,2784,254,0
134,97,1258,2583,2443,1306,0
134,98,1258,2583,1619,1722,0
134,99,1258,2583,508,1060,0
134,100,1258,2583,2201,1345,0
134,101,1258,2583,2587,861,0
134,102,1258,2583,2593,412,0
134,103,1258,2583,2995,1976,0
134,104,1258,2583,2546,755,0
134,105,1258,2583,1384,10,0
134,106,1258,2583,1458,697,0
134,107,1258,2583,52,2157,0
134,108,1258,2583,2017,217,0
134,109,1258,2583,2750,1252,0
134,110,1258,2583,1972,2182,0
134,111,1258,2583,736,1220,0
134,112,1258,2583,1701,2178,0
134,113,1258,2583,27,769,0
134,114,1258,2583,148,1215,0
134,115,1258,2583,1308,917,0
134,116,1258,2583,579,885,0
134,117,1258,2583,2737,2060,0
134,118,1258,2583,1739,2828,0
134,119,1258,2583,1339,2055,0
134,120,1258,2583,1479,618,0
134,121,1258,2583,1518,2678,0
134,122,1258,2583,2663,2085,0
134,123,1258,2583,1536,440,0
134,124,1258,2583,2347,485,0
134,125,1258,2583,2244,1545,0
134,126,1258,2583,1821,2562,0
134,127,1258,2583,1162,1754,0
134,128,1258,2583,476,1205,0
134,129,1258,2583,1692,876,0
134,130,1258,2583,300,1205,0
134,131,1258,2583,2003,1714,0
134,132,1258,2583,381,1336,0
134,133,1258,2583,2948,2728,0
134,135,1258,2583,1121,2987,0
134,136,1258,2583,2245,575,0
134,137,1258,2583,721,430,0
134,138,1258,2583,1441,992,0
134,139,1258,2583,2326,2998,0
134,140,1258,2583,976,329,0
134,141,1258,2583,2900,191,0
134,142,1258,2583,1962,1771,0
134,143,1258,2583,238,1665,0
134,144,1258,2583,295,1936,0
134,145,1258,2583,1854,141,0
134,146,1258,2583,2927,2918,0
134,147,1258,2583,652,2117,0
134,148,1258,2583,1281,1593,0
134,149,1258,2583,1093,2355,0
134,150,1258,2583,821,2889,0
134,151,1258,2583,2640,293,0
134,152,1258,2583,2213,1092,0
134,153,1258,2583,2554,526,0
134,154,1258,2583,773,2759,0
134,155,1258,2583,2398,2598,0
134,156,1258,2583,352,1773,0
134,157,1258,2583,136,1123,0
134,158,1258,2583,2533,1961,0
134,159,1258,2583,1274,2648,1
134,160,1258,2583,2856,1016,0
134,161,1258,2583,723,68,0
134,162,1258,2583,1849,735,0
134,163,1258,2583,1750,564,0
134,164,1258,2583,21,376,0
134,165,1258,2583,2035,939,0
134,166,1258,2583,1752,1825,0
134,167,1258,2583,2384,871,0
134,168,1258,2583,1034,788,0
134,169,1258,2583,1867,2645,0
134,170,1258,2583,940,504,0
134,171,1258,2583,1519,1618,0
134,172,1258,2583,1392,2416,0
134,173,1258,2583,1843,947,0
134,174,1258,2583,1387,1345,0
134,175,1258,2583,2479,1210,0
134,176,1258,2583,1555,1680,0
134,177,1258,2583,160,2470,0
134,178,1258,2583,2692,2143,0
134,179,1258,2583,158,2357,0
134,180,1258,2583,2335,890,0
134,181,1258,2583,1761,1075,0
134,182,1258,2583,2099,406,0
135,0,1121,2987,1639,2892,0
135,1,1121,2987,1329,745,0
135,2,1121,2987,443,1218,0
135,3,1121,2987,2514,1181,0
135,4,1121,2987,2286,223,0
135,5,1121,2987,595,2408,0
135,6,1121,2987,1383,2289,0
135,7,1121,2987,1795,201,0
135,8,1121,2987,2598,838,0
135,9,1121,2987,813,1715,0
135,10,1121,2987,1135,391,0
135,11,1121,2987,1132,1878,0
135,12,1121,2987,2041,661,0
135,13,1121,2987,1434,670,0
135,14,1121,2987,300,623,0
135,15,1121,2987,1559,2032,0
135,16,1121,2987,1224,2119,0
135,17,1121,2987,838,460,0
135,18,1121,2987,352,2688,0
135,19,1121,2987,2179,352,0
135,20,1121,2987,525,672,0
135,21,1121,2987,1652,2883,0
135,22,1121,2987,1373,2660,0
135,23,1121,2987,2814,1659,0
135,24,1121,2987,1449,1659,0
135,25,1121,2987,2305,1303,0
135,26,1121,2987,769,677,0
135,27,1121,2987,2295,2940,0
135,28,1121,2987,577,2880,0
135,29,1121,2987,1614,2810,0
135,30,1121,2987,47,1395,0
135,31,1121,2987,2664,803,0
135,32,1121,2987,2309,2153,0
135,33,1121,2987,2074,2182,0
135,34,1121,2987,1554,11,0
135,35,1121,2987,1400,2146,0
135,36,1121,2987,1795,740,0
135,37,1121,2987,931,567,0
135,38,1121,2987,1254,1779,0
135,39,1121,2987,45,883,0
135,40,1121,2987,1359,119,0
135,41,1121,2987,2127,1277,0
135,42,1121,2987,2925,1375,0
135,43,1121,2987,2505,1463,0
135,44,1121,2987,1791,2744,0
135,45,1121,2987,1916,1718,0
135,46,1121,2987,167,2831,0
135,47,1121,2987,2315,236,0
135,48,1121,2987,1902,1139,0
135,49,1121,2987,1443,2554,0
135,50,1121,2987,194,2519,0
135,51,1121,2987,301,248,0
135,52,1121,2987,934,2502,0
135,53,1121,2987,343,1045,0
135,54,1121,2987,1542,1250,0
135,55,1121,2987,2149,1171,0
135,56,1121,2987,2055,1783,0
135,57,1121,2987,941,1993,0
135,58,1121,2987,123,1452,0
135,59,1121,2987,2845,2865,0
135,60,1121,2987,1089,2442,0
135,61,1121,2987,859,1946,0
135,62,1121,2987,1024,191,0
135,63,1121,2987,640,1179,0
135,64,1121,2987,2225,946,0
135,65,1121,2987,349,822,0
135,66,1121,2987,826,2377,0
135,67,1121,2987,1638,96,0
135,68,1121,2987,2727,990,0
135,69,1121,2987,2915,1910,0
135,70,1121,2987,1406,1407,0
135,71,1121,2987,2216,2614,0
135,72,1121,2987,1497,453,0
135,73,1121,2987,1462,1798,0
135,74,1121,2987,1212,215,0
135,75,1121,2987,2881,2014,0
135,76,1121,2987,32,1929,0
135,77,1121,2987,2695,266,0
135,78,1121,2987,2042,2855,0
135,79,1121,2987,193,1354,0
135,80,1121,2987,123,892,0
135,81,1121,2987,2391,199,0
135,82,1121,2987,738,1556,0
135,83,1121,2987,656,1512,0
135,84,1121,2987,2081,2886,0
135,85,1121,2987,2720,2097,0
135,86,1121,2987,2245,1289,0
135,87,1121,2987,714,2990,0
135,88,1121,2987,2800,641,0
135,89,1121,2987,2389,2741,0
135,90,1121,2987,538,2170,0
135,91,1121,2987,2767,2393,0
135,92,1121,2987,1270,693,0
135,93,1121,2987,2649,133,0
135,94,1121,2987,782,2023,0
135,95,1121,2987,551,1308,0
135,96,1121,2987,2784,254,0
135,97,1121,2987,2443,1306,0
135,98,1121,2987,1619,1722,0
135,99,1121,2987,508,1060,0
135,100,1121,2987,2201,1345,0
135,101,1121,2987,2587,861,0
135,102,1121,2987,2593,412,0
135,103,1121,2987,2995,1976,0
135,104,1121,2987,2546,755,0
135,105,1121,2987,1384,10,0
135,106,1121,2987,1458,697,0
135,107,1121,2987,52,2157,0
135,108,1121,2987,2017,217,0
135,109,1121,2987,2750,1252,0
135,110,1121,2987,1972,2182,0
135,111,1121,2987,736,1220,0
135,112,1121,2987,1701,2178,0
135,113,1121,2987,27,769,0
135,114,1121,2987,148,1215,0
135,115,1121,2987,1308,917,0
135,116,1121,2987,579,885,0
135,117,1121,2987,2737,2060,0
135,118,1121,2987,1739,2828,0
135,119,1121,2987,1339,2055,0
135,120,1121,2987,1479,618,0
135,121,1121,2987,1518,2678,0
135,122,1121,2987,2663,2085,0
135,123,1121,2987,1536,440,0
135,124,1121,2987,2347,485,0
135,125,1121,2987,2244,1545,0
135,126,1121,2987,1821,2562,0
135,127,1121,2987,1162,1754,0
135,128,1121,2987,476,1205,0
135,129,1121,2987,1692,876,0
135,130,1121,2987,300,1205,0
135,131,1121,2987,2003,1714,0
135,132,1121,2987,381,1336,0
135,133,1121,2987,2948,2728,0
135,134,1121,2987,1258,2583,0
135,136,1121,2987,2245,575,0
135,137,1121,2987,721,430,0
135,138,1121,2987,1441,992,0
135,139,1121,2987,2326,2998,0
135,140,1121,2987,976,329,0
135,141,1121,2987,2900,191,0
135,142,1121,2987,1962,1771,0
135,143,1121,2987,238,1665,0
135,144,1121,2987,295,1936,0
135,145,1121,2987,1854,141,0
135,146,1121,2987,2927,2918,0
135,147,1121,2987,652,2117,0
135,148,1121,2987,1281,1593,0
135,149,1121,2987,1093,2355,0
135,150,1121,2987,821,2889,1
135,151,1121,2987,2640,293,0
135,152,1121,2987,2213,1092,0
135,153,1121,2987,2554,526,0
135,154,1121,2987,773,2759,0
135,155,1121,2987,2398,2598,0
135,156,1121,2987,352,1773,0
135,157,1121,2987,136,1123,0
135,158,1121,2987,2533,1961,0
135,159,1121,2987,1274,2648,0
135,160,1121,2987,2856,1016,0
135,161,1121,2987,723,68,0
135,162,1121,2987,1849,735,0
135,163,1121,2987,1750,564,0
135,164,1121,2987,21,376,0
135,165,1121,2987,2035,939,0
135,166,1121,2987,1752,1825,0
135,167,1121,2987,2384,871,0
135,168,1121,2987,1034,788,0
135,169,1121,2987,1867,2645,0
135,170,1121,2987,940,504,0
135,171,1121,2987,1519,1618,0
135,172,1121,2987,1392,2416,0
135,173,1121,2987,1843,947,0
135,174,1121,2987,1387,1345,0
135,175,1121,2987,2479,1210,0
135,176,1121,2987,1555,1680,0
135,177,1121,2987,160,2470,0
135,178,1121,2987,2692,2143,0
135,179,1121,2987,158,2357,0
135,180,1121,2987,2335,890,0
135,181,1121,2987,1761,1075,0
135,182,1121,2987,2099,406,0
136,0,2245,575,1639,2892,0
136,1,2245,575,1329,745,0
136,2,2245,575,443,1218,0
136,3,2245,575,2514,1181,0
136,4,2245,575,2286,223,0
136,5,2245,575,595,2408,0
136,6,2245,575,1383,2289,0
136,7,2245,575,1795,201,0
136,8,2245,575,2598,838,0
136,9,2245,575,813,1715,0
136,10,2245,575,1135,391,0
136,11,2245,575,1132,1878,0
136,12,2245,575,2041,661,1
136,13,2245,575,1434,670,0
136,14,2245,575,300,623,0
136,15,2245,575,1559,2032,0
136,16,2245,575,1224,2119,0
136,17,2245,575,838,460,0
136,18,2245,575,352,2688,0
136,19,2245,575,2179,352,0
136,20,2245,575,525,672,0
136,21,2245,575,1652,2883,0
136,22,2245,575,1373,2660,0
136,23,2245,575,2814,1659,0
136,24,2245,575,1449,1659,0
136,25,2245,575,2305,1303,0
136,26,2245,575,769,677,0
136,27,2245,575,2295,2940,0
136,28,2245,575,577,2880,0
136,29,2245,575,1614,2810,0
136,30,2245,575,47,1395,0
136,31,2245,575,2664,803,0
136,32,2245,575,2309,2153,0
136,33,2245,575,2074,2182,0
136,34,2245,575,1554,11,0
136,35,2245,575,1400,2146,0
136,36,2245,575,1795,740,0
136,37,2245,575,931,567,0
136,38,2245,575,1254,1779,0
136,39,2245,575,45,883,0
136,40,2245,575,1359,119,0
136,41,2245,575,2127,1277,0
136,42,2245,575,2925,1375,0
136,43,2245,575,2505,1463,0
136,44,2245,575,1791,2744,0
136,45,2245,575,1916,1718,0
136,46,2245,575,167,2831,0
136,47,2245,575,2315,236,0
136,48,2245,575,1902,1139,0
136,49,2245,575,1443,2554,0
136,50,2245,575,194,2519,0
136,51,2245,575,301,248,0
136,52,2245,575,934,2502,0
136,53,2245,575,343,1045,0
136,54,2245,575,1542,1250,0
136,55,2245,575,2149,1171,0
136,56,2245,575,2055,1783,0
136,57,2245,575,941,1993,0
136,58,2245,575,123,1452,0
136,59,2245,575,2845,2865,0
136,60,2245,575,1089,2442,0
136,61,2245,575,859,1946,0
136,62,2245,575,1024,191,0
136,63,2245,575,640,1179,0
136,64,2245,575,2225,946,0
136,65,2245,575,349,822,0
136,66,2245,575,826,2377,0
136,67,2245,575,1638,96,0
136,68,2245,575,2727,990,0
136,69,2245,575,2915,1910,0
136,70,2245,575,1406,1407,0
136,71,2245,575,2216,2614,0
136,72,2245,575,1497,453,0
136,73,2245,575,1462,1798,0
136,74,2245,575,1212,215,0
136,75,2245,575,2881,2014,0
136,76,2245,575,32,1929,0
136,77,2245,575,2695,266,0
136,78,2245,575,2042,2855,0
136,79,2245,575,193,1354,0
136,80,2245,575,123,892,0
136,81,2245,575,2391,199,0
136,82,2245,575,738,1556,0
136,83,2245,575,656,1512,0
136,84,2245,575,2081,2886,0
136,85,2245,575,2720,2097,0
136,86,2245,575,2245,1289,0
136,87,2245,575,714,2990,0
136,88,2245,575,2800,641,0
136,89,2245,575,2389,2741,0
136,90,2245,575,538,2170,0
136,91,2245,575,2767,2393,0
136,92,2245,575,1270,693,0
136,93,2245,575,2649,133,0
136,94,2245,575,782,2023,0
136,95,2245,575,551,1308,0
136,96,2245,575,2784,254,0
136,97,2245,575,2443,1306,0
136,98,2245,575,1619,1722,0
136,99,2245,575,508,1060,0
136,100,2245,575,2201,1345,0
136,101,2245,575,2587,861,0
136,102,2245,575,2593,412,0
136,103,2245,575,2995,1976,0
136,104,2245,575,2546,755,0
136,105,2245,575,1384,10,0
136,106,2245,575,1458,697,0
136,107,2245,575,52,2157,0
136,108,2245,575,2017,217,0
136,109,2245,575,2750,1252,0
136,110,2245,575,1972,2182,0
136,111,2245,575,736,1220,0
136,112,2245,575,1701,2178,0
136,113,2245,575,27,769,0
136,114,2245,575,148,1215,0
136,115,2245,575,1308,917,0
136,116,2245,575,579,885,0
136,117,2245,575,2737,2060,0
136,118,2245,575,1739,2828,0
136,119,2245,575,1339,2055,0
136,120,2245,575,1479,618,0
136,121,2245,575,1518,2678,0
136,122,2245,575,2663,2085,0
136,123,2245,575,1536,440,0
136,124,2245,575,2347,485,0
136,125,2245,575,2244,1545,0
136,126,2245,575,1821,2562,0
136,127,2245,575,1162,1754,0
136,128,2245,575,476,1205,0
136,129,2245,575,1692,876,0
136,130,2245,575,300,1205,0
136,131,2245,575,2003,1714,0
136,132,2245,575,381,1336,0
136,133,2245,575,2948,2728,0
136,134,2245,575,1258,2583,0
136,135,2245,575,1121,2987,0
136,137,2245,575,721,430,0
136,138,2245,575,1441,992,0
136,139,2245,575,2326,2998,0
136,140,2245,575,976,329,0
136,141,2245,575,2900,191,0
136,142,2245,575,1962,1771,0
136,143,2245,575,238,1665,0
136,144,2245,575,295,1936,0
136,145,2245,575,1854,141,0
136,146,2245,575,2927,2918,0
136,147,2245,575,652,2117,0
136,148,2245,575,1281,1593,0
136,149,2245,575,1093,2355,0
136,150,2245,575,821,2889,0
136,151,2245,575,2640,293,0
136,152,2245,575,2213,1092,0
136,153,2245,575,2554,526,0
136,154,2245,575,773,2759,0
136,155,2245,575,2398,2598,0
136,156,2245,575,352,1773,0
136,157,2245,575,136,1123,0
136,158,2245,575,2533,1961,0
136,159,2245,575,1274,2648,0
136,160,2245,575,2856,1016,0
136,161,2245,575,723,68,0
136,162,2245,575,1849,735,0
136,163,2245,575,1750,564,0
136,164,2245,575,21,376,0
136,165,2245,575,2035,939,0
136,166,2245,575,1752,1825,0
136,167,2245,575,2384,871,0
136,168,2245,575,1034,788,0
136,169,2245,575,1867,2645,0
136,170,2245,575,940,504,0
136,171,2245,575,1519,1618,0
136,172,2245,575,1392,2416,0
136,173,2245,575,1843,947,0
136,174,2245,575,1387,1345,0
136,175,2245,575,2479,1210,0
136,176,2245,575,1555,1680,0
136,177,2245,575,160,2470,0
136,178,2245,575,2692,2143,0
136,179,2245,575,158,2357,0
136,180,2245,575,2335,890,0
136,181,2245,575,1761,1075,0
136,182,2245,575,2099,406,0
137,0,721,430,1639,2892,0
137,1,721,430,1329,745,0
137,2,721,430,443,1218,0
137,3,721,430,2514,1181,0
137,4,721,430,2286,223,0
137,5,721,430,595,2408,0
137,6,721,430,1383,2289,0
137,7,721,430,1795,201,0
137,8,721,430,2598,838,0
137,9,721,430,813,1715,0
137,10,721,430,1135,391,0
137,11,721,430,1132,1878,0
137,12,721,430,2041,661,0
137,13,721,430,1434,670,0
137,14,721,430,300,623,0
137,15,721,430,1559,2032,0
137,16,721,430,1224,2119,0
137,17,721,430,838,460,0
137,18,721,430,352,2688,0
137,19,721,430,2179,352,0
137,20,721,430,525,672,0
137,21,721,430,1652,2883,0
137,22,721,430,1373,2660,0
137,23,721,430,2814,1659,0
137,24,721,430,1449,1659,0
137,25,721,430,2305,1303,0
137,26,721,430,769,677,1
137,27,721,430,2295,2940,0
137,28,721,430,577,2880,0
137,29,721,430,1614,2810,0
137,30,721,430,47,1395,0
137,31,721,430,2664,803,0
137,32,721,430,2309,2153,0
137,33,721,430,2074,2182,0
137,34,721,430,1554,11,0
137,35,721,430,1400,2146,0
137,36,721,430,1795,740,0
137,37,721,430,931,567,0
137,38,721,430,1254,1779,0
137,39,721,430,45,883,0
137,40,721,430,1359,119,0
137,41,721,430,2127,1277,0
137,42,721,430,2925,1375,0
137,43,721,430,2505,1463,0
137,44,721,430,1791,2744,0
137,45,721,430,1916,1718,0
137,46,721,430,167,2831,0
137,47,721,430,2315,236,0
137,48,721,430,1902,1139,0
137,49,721,430,1443,2554,0
137,50,721,430,194,2519,0
137,51,721,430,301,248,0
137,52,721,430,934,2502,0
137,53,721,430,343,1045,0
137,54,721,430,1542,1250,0
137,55,721,430,2149,1171,0
137,56,721,430,2055,1783,0
137,57,721,430,941,1993,0
137,58,721,430,123,1452,0
137,59,721,430,2845,2865,0
137,60,721,430,1089,2442,0
137,61,721,430,859,1946,0
137,62,721,430,1024,191,0
137,63,721,430,640,1179,0
137,64,721,430,2225,946,0
137,65,721,430,349,822,0
137,66,721,430,826,2377,0
137,67,721,430,1638,96,0
137,68,721,430,2727,990,0
137,69,721,430,2915,1910,0
137,70,721,430,1406,1407,0
137,71,721,430,2216,2614,0
137,72,721,430,1497,453,0
137,73,721,430,1462,1798,0
137,74,721,430,1212,215,0
137,75,721,430,2881,2014,0
137,76,721,430,32,1929,0
137,77,721,430,2695,266,0
137,78,721,430,2042,2855,0
137,79,721,430,193,1354,0
137,80,721,430,123,892,0
137,81,721,430,2391,199,0
137,82,721,430,738,1556,0
137,83,721,430,656,1512,0
137,84,721,430,2081,2886,0
137,85,721,430,2720,2097,0
137,86,721,430,2245,1289,0
137,87,721,430,714,2990,0
137,88,721,430,2800,641,0
137,89,721,430,2389,2741,0
137,90,721,430,538,2170,0
137,91,721,430,2767,2393,0
137,92,721,430,1270,693,0
137,93,721,430,2649,133,0
137,94,721,430,782,2023,0
137,95,721,430,551,1308,0
137,96,721,430,2784,254,0
137,97,721,430,2443,1306,0
137,98,721,430,1619,1722,0
137,99,721,430,508,1060,0
137,100,721,430,2201,1345,0
137,101,721,430,2587,861,0
137,102,721,430,2593,412,0
137,103,721,430,2995,1976,0
137,104,721,430,2546,755,0
137,105,721,430,1384,10,0
137,106,721,430,1458,697,0
137,107,721,430,52,2157,0
137,108,721,430,2017,217,0
137,109,721,430,2750,1252,0
137,110,721,430,1972,2182,0
137,111,721,430,736,1220,0
137,112,721,430,1701,2178,0
137,113,721,430,27,769,0
137,114,721,430,148,1215,0
137,115,721,430,1308,917,0
137,116,721,430,579,885,0
137,117,721,430,2737,2060,0
137,118,721,430,1739,2828,0
137,119,721,430,1339,2055,0
137,120,721,430,1479,618,0
137,121,721,430,1518,2678,0
137,122,721,430,2663,2085,0
137,123,721,430,1536,440,0
137,124,721,430,2347,485,0
137,125,721,430,2244,1545,0
137,126,721,430,1821,2562,0
137,127,721,430,1162,1754,0
137,128,721,430,476,1205,0
137,129,721,430,1692,876,0
137,130,721,430,300,1205,0
137,131,721,430,2003,1714,0
137,132,721,430,381,1336,0
137,133,721,430,2948,2728,0
137,134,721,430,1258,2583,0
137,135,721,430,1121,2987,0
137,136,721,430,2245,575,0
137,138,721,430,1441,992,0
137,139,721,430,2326,2998,0
137,140,721,430,976,329,0
137,141,721,430,2900,191,0
137,142,721,430,1962,1771,0
137,143,721,430,238,1665,0
137,144,721,430,295,1936,0
137,145,721,430,1854,141,0
137,146,721,430,2927,2918,0
137,147,721,430,652,2117,0
137,148,721,430,1281,1593,0
137,149,721,430,1093,2355,0
137,150,721,430,821,2889,0
137,151,721,430,2640,293,0
137,152,721,430,2213,1092,0
137,153,721,430,2554,526,0
137,154,721,430,773,2759,0
137,155,721,430,2398,2598,0
137,156,721,430,352,1773,0
137,157,721,430,136,1123,0
137,158,721,430,2533,1961,0
137,159,721,430,1274,2648,0
137,160,721,430,2856,1016,0
137,161,721,430,723,68,0
137,162,721,430,1849,735,0
137,163,721,430,1750,564,0
137,164,721,430,21,376,0
137,165,721,430,2035,939,0
137,166,721,430,1752,1825,0
137,167,721,430,2384,871,0
137,168,721,430,1034,788,0
137,169,721,430,1867,2645,0
137,170,721,430,940,504,0
137,171,721,430,1519,1618,0
137,172,721,430,1392,2416,0
137,173,721,430,1843,947,0
137,174,721,430,1387,1345,0
137,175,721,430,2479,1210,0
137,176,721,430,1555,1680,0
137,177,721,430,160,2470,0
137,178,721,430,2692,2143,0
137,179,721,430,158,2357,0
137,180,721,430,2335,890,0
137,181,721,430,1761,1075,0
137,182,721,430,2099,406,0
138,0,1441,992,1639,2892,0
138,1,1441,992,1329,745,0
138,2,1441,992,443,1218,0
138,3,1441,992,2514,1181,0
138,4,1441,992,2286,223,0
138,5,1441,992,595,2408,0
138,6,1441,992,1383,2289,0
138,7,1441,992,1795,201,0
138,8,1441,992,2598,838,0
138,9,1441,992,813,1715,0
138,10,1441,992,1135,391,0
138,11,1441,992,1132,1878,0
138,12,1441,992,2041,661,0
138,13,1441,992,1434,670,0
138,14,1441,992,300,623,0
138,15,1441,992,1559,2032,0
138,16,1441,992,1224,2119,0
138,17,1441,992,838,460,0
138,18,1441,992,352,2688,0
138,19,1441,992,2179,352,0
138,20,1441,992,525,672,0
138,21,1441,992,1652,2883,0
138,22,1441,992,1373,2660,0
138,23,1441,992,2814,1659,0
138,24,1441,992,1449,1659,0
138,25,1441,992,2305,1303,0
138,26,1441,992,769,677,0
138,27,1441,992,2295,2940,0
138,28,1441,992,577,2880,0
138,29,1441,992,1614,2810,0
138,30,1441,992,47,1395,0
138,31,1441,992,2664,803,0
138,32,1441,992,2309,2153,0
138,33,1441,992,2074,2182,0
138,34,1441,992,1554,11,0
138,35,1441,992,1400,2146,0
138,36,1441,992,1795,740,0
138,37,1441,992,931,567,0
138,38,1441,992,1254,1779,0
138,39,1441,992,45,883,0
138,40,1441,992,1359,119,0
138,41,1441,992,2127,1277,0
138,42,1441,992,2925,1375,0
138,43,1441,992,2505,1463,0
138,44,1441,992,1791,2744,0
138,45,1441,992,1916,1718,0
138,46,1441,992,167,2831,0
138,47,1441,992,2315,236,0
138,48,1441,992,1902,1139,0
138,49,1441,992,1443,2554,0
138,50,1441,992,194,2519,0
138,51,1441,992,301,248,0
138,52,1441,992,934,2502,0
138,53,1441,992,343,1045,0
138,54,1441,992,1542,1250,0
138,55,1441,992,2149,1171,0
138,56,1441,992,2055,1783,0
138,57,1441,992,941,1993,0
138,58,1441,992,123,1452,0
138,59,1441,992,2845,2865,0
138,60,1441,992,1089,2442,0
138,61,1441,992,859,1946,0
138,62,1441,992,1024,191,0
138,63,1441,992,640,1179,0
138,64,1441,992,2225,946,0
138,65,1441,992,349,822,0
138,66,1441,992,826,2377,0
138,67,1441,992,1638,96,0
138,68,1441,992,2727,990,0
138,69,1441,992,2915,1910,0
138,70,1441,992,1406,1407,0
138,71,1441,992,2216,2614,0
138,72,1441,992,1497,453,0
138,73,1441,992,1462,1798,0
138,74,1441,992,1212,215,0
138,75,1441,992,2881,2014,0
138,76,1441,992,32,1929,0
138,77,1441,992,2695,266,0
138,78,1441,992,2042,2855,0
138,79,1441,992,193,1354,0
138,80,1441,992,123,892,0
138,81,1441,992,2391,199,0
138,82,1441,992,738,1556,0
138,83,1441,992,656,1512,0
138,84,1441,992,2081,2886,0
138,85,1441,992,2720,2097,0
138,86,1441,992,2245,1289,0
138,87,1441,992,714,2990,0
138,88,1441,992,2800,641,0
138,89,1441,992,2389,2741,0
138,90,1441,992,538,2170,0
138,91,1441,992,2767,2393,0
138,92,1441,992,1270,693,0
138,93,1441,992,2649,133,0
138,94,1441,992,782,2023,0
138,95,1441,992,551,1308,0
138,96,1441,992,2784,254,0
138,97,1441,992,2443,1306,0
138,98,1441,992,1619,1722,0
138,99,1441,992,508,1060,0
138,100,1441,992,2201,1345,0
138,101,1441,992,2587,861,0
138,102,1441,992,2593,412,0
138,103,1441,992,2995,1976,0
138,104,1441,992,2546,755,0
138,105,1441,992,1384,10,0
138,106,1441,992,1458,697,0
138,107,1441,992,52,2157,0
138,108,1441,992,2017,217,0
138,109,1441,992,2750,1252,0
138,110,1441,992,1972,2182,0
138,111,1441,992,736,1220,0
138,112,1441,992,1701,2178,0
138,113,1441,992,27,769,0
138,114,1441,992,148,1215,0
138,115,1441,992,1308,917,1
138,116,1441,992,579,885,0
138,117,1441,992,2737,2060,0
138,118,1441,992,1739,2828,0
138,119,1441,992,1339,2055,0
138,120,1441,992,1479,618,0
138,121,1441,992,1518,2678,0
138,122,1441,992,2663,2085,0
138,123,1441,992,1536,440,0
138,124,1441,992,2347,485,0
138,125,1441,992,2244,1545,0
138,126,1441,992,1821,2562,0
138,127,1441,992,1162,1754,0
138,128,1441,992,476,1205,0
138,129,1441,992,1692,876,0
138,130,1441,992,300,1205,0
138,131,1441,992,2003,1714,0
138,132,1441,992,381,1336,0
138,133,1441,992,2948,2728,0
138,134,1441,992,1258,2583,0
138,135,1441,992,1121,2987,0
138,136,1441,992,2245,575,0
138,137,1441,992,721,430,0
138,139,1441,992,2326,2998,0
138,140,1441,992,976,329,0
138,141,1441,992,2900,191,0
138,142,1441,992,1962,1771,0
138,143,1441,992,238,1665,0
138,144,1441,992,295,1936,0
138,145,1441,992,1854,141,0
138,146,1441,992,2927,2918,0
138,147,1441,992,652,2117,0
138,148,1441,992,1281,1593,0
138,149,1441,992,1093,2355,0
138,150,1441,992,821,2889,0
138,151,1441,992,2640,293,0
138,152,1441,992,2213,1092,0
138,153,1441,992,2554,526,0
138,154,1441,992,773,2759,0
138,155,1441,992,2398,2598,0
138,156,1441,992,352,1773,0
138,157,1441,992,136,1123,0
138,158,1441,992,2533,1961,0
138,159,1441,992,1274,2648,0
138,160,1441,992,2856,1016,0
138,161,1441,992,723,68,0
138,162,1441,992,1849,735,0
138,163,1441,992,1750,564,0
138,164,1441,992,21,376,0
138,165,1441,992,2035,939,0
138,166,1441,992,1752,1825,0
138,167,1441,992,2384,871,0
138,168,1441,992,1034,788,0
138,169,1441,992,1867,2645,0
138,170,1441,992,940,504,0
138,171,1441,992,1519,1618,0
138,172,1441,992,1392,2416,0
138,173,1441,992,1843,947,0
138,174,1441,992,1387,1345,0
138,175,1441,992,2479,1210,0
138,176,1441,992,1555,1680,0
138,177,1441,992,160,2470,0
138,178,1441,992,2692,2143,0
138,179,1441,992,158,2357,0
138,180,1441,992,2335,890,0
138,181,1441,992,1761,1075,0
138,182,1441,992,2099,406,0
139,0,2326,2998,1639,2892,0
139,1,2326,2998,1329,745,0
139,2,2326,2998,443,1218,0
139,3,2326,2998,2514,1181,0
139,4,2326,2998,2286,223,0
139,5,2326,2998,595,2408,0
139,6,2326,2998,1383,2289,0
139,7,2326,2998,1795,201,0
139,8,2326,2998,2598,838,0
139,9,2326,2998,813,1715,0
139,10,2326,2998,1135,391,0
139,11,2326,2998,1132,1878,0
139,12,2326,2998,2041,661,0
139,13,2326,2998,1434,670,0
139,14,2326,2998,300,623,0
139,15,2326,2998,1559,2032,0
139,16,2326,2998,1224,2119,0
139,17,2326,2998,838,460,0
139,18,2326,2998,352,2688,0
139,19,2326,2998,2179,352,0
139,20,2326,2998,525,672,0
139,21,2326,2998,1652,2883,0
139,22,2326,2998,1373,2660,0
139,23,2326,2998,2814,1659,0
139,24,2326,2998,1449,1659,0
139,25,2326,2998,2305,1303,0
139,26,2326,2998,769,677,0
139,27,2326,2998,2295,2940,1
139,28,2326,2998,577,2880,0
139,29,2326,2998,1614,2810,0
139,30,2326,2998,47,1395,0
139,31,2326,2998,2664,803,0
139,32,2326,2998,2309,2153,0
139,33,2326,2998,2074,2182,0
139,34,2326,2998,1554,11,0
139,35,2326,2998,1400,2146,0
139,36,2326,2998,1795,740,0
139,37,2326,2998,931,567,0
139,38,2326,2998,1254,1779,0
139,39,2326,2998,45,883,0
139,40,2326,2998,1359,119,0
139,41,2326,2998,2127,1277,0
139,42,2326,2998,2925,1375,0
139,43,2326,2998,2505,1463,0
139,44,2326,2998,1791,2744,0
139,45,2326,2998,1916,1718,0
139,46,2326,2998,167,2831,0
139,47,2326,2998,2315,236,0
139,48,2326,2998,1902,1139,0
139,49,2326,2998,1443,2554,0
139,50,2326,2998,194,2519,0
139,51,2326,2998,301,248,0
139,52,2326,2998,934,2502,0
139,53,2326,2998,343,1045,0
139,54,2326,2998,1542,1250,0
139,55,2326,2998,2149,1171,0
139,56,2326,2998,2055,1783,0
139,57,2326,2998,941,1993,0
139,58,2326,2998,123,1452,0
139,59,2326,2998,2845,2865,0
139,60,2326,2998,1089,2442,0
139,61,2326,2998,859,1946,0
139,62,2326,2998,1024,191,0
139,63,2326,2998,640,1179,0
139,64,2326,2998,2225,946,0
139,65,2326,2998,349,822,0
139,66,2326,2998,826,2377,0
139,67,2326,2998,1638,96,0
139,68,2326,2998,2727,990,0
139,69,2326,2998,2915,1910,0
139,70,2326,2998,1406,1407,0
139,71,2326,2998,2216,2614,0
139,72,2326,2998,1497,453,0
139,73,2326,2998,1462,1798,0
139,74,2326,2998,1212,215,0
139,75,2326,2998,2881,2014,0
139,76,2326,2998,32,1929,0
139,77,2326,2998,2695,266,0
139,78,2326,2998,2042,2855,0
139,79,2326,2998,193,1354,0
139,80,2326,2998,123,892,0
139,81,2326,2998,2391,199,0
139,82,2326,2998,738,1556,0
139,83,2326,2998,656,1512,0
139,84,2326,2998,2081,2886,0
139,85,2326,2998,2720,2097,0
139,86,2326,2998,2245,1289,0
139,87,2326,2998,714,2990,0
139,88,2326,2998,2800,641,0
139,89,2326,2998,2389,2741,0
139,90,2326,2998,538,2170,0
139,91,2326,2998,2767,2393,0
139,92,2326,2998,1270,693,0
139,93,2326,2998,2649,133,0
139,94,2326,2998,782,2023,0
139,95,2326,2998,551,1308,0
139,96,2326,2998,2784,254,0
139,97,2326,2998,2443,1306,0
139,98,2326,2998,1619,1722,0
139,99,2326,2998,508,1060,0
139,100,2326,2998,2201,1345,0
139,101,2326,2998,2587,861,0
139,102,2326,2998,2593,412,0
139,103,2326,2998,2995,1976,0
139,104,2326,2998,2546,755,0
139,105,2326,2998,1384,10,0
139,106,2326,2998,1458,697,0
139,107,2326,2998,52,2157,0
139,108,2326,2998,2017,217,0
139,109,2326,2998,2750,1252,0
139,110,2326,2998,1972,2182,0
139,111,2326,2998,736,1220,0
139,112,2326,2998,1701,2178,0
139,113,2326,2998,27,769,0
139,114,2326,2998,148,1215,0
139,115,2326,2998,1308,917,0
139,116,2326,2998,579,885,0
139,117,2326,2998,2737,2060,0
139,118,2326,2998,1739,2828,0
139,119,2326,2998,1339,2055,0
139,120,2326,2998,1479,618,0
139,121,2326,2998,1518,2678,0
139,122,2326,2998,2663,2085,0
139,123,2326,2998,1536,440,0
139,124,2326,2998,2347,485,0
139,125,2326,2998,2244,1545,0
139,126,2326,2998,1821,2562,0
139,127,2326,2998,1162,1754,0
139,128,2326,2998,476,1205,0
139,129,2326,2998,1692,876,0
139,130,2326,2998,300,1205,0
139,131,2326,2998,2003,1714,0
139,132,2326,2998,381,1336,0
139,133,2326,2998,2948,2728,0
139,134,2326,2998,1258,2583,0
139,135,2326,2998,1121,2987,0
139,136,2326,2998,2245,575,0
139,137,2326,2998,721,430,0
139,138,2326,2998,1441,992,0
139,140,2326,2998,976,329,0
139,141,2326,2998,2900,191,0
139,142,2326,2998,1962,1771,0
139,143,2326,2998,238,1665,0
139,144,2326,2998,295,1936,0
139,145,2326,2998,1854,141,0
139,146,2326,2998,2927,2918,0
139,147,2326,2998,652,2117,0
139,148,2326,2998,1281,1593,0
139,149,2326,2998,1093,2355,0
139,150,2326,2998,821,2889,0
139,151,2326,2998,2640,293,0
139,152,2326,2998,2213,1092,0
139,153,2326,2998,2554,526,0
139,154,2326,2998,773,2759,0
139,155,2326,2998,2398,2598,0
139,156,2326,2998,352,1773,0
139,157,2326,2998,136,1123,0
139,158,2326,2998,2533,1961,0
139,159,2326,2998,1274,2648,0
139,160,2326,2998,2856,1016,0
139,161,2326,2998,723,68,0
139,162,2326,2998,1849,735,0
139,163,2326,2998,1750,564,0
139,164,2326,2998,21,376,0
139,165,2326,2998,2035,939,0
139,166,2326,2998,1752,1825,0
139,167,2326,2998,2384,871,0
139,168,2326,2998,1034,788,0
139,169,2326,2998,1867,2645,0
139,170,2326,2998,940,504,0
139,171,2326,2998,1519,1618,0
139,172,2326,2998,1392,2416,0
139,173,2326,2998,1843,947,0
139,174,2326,2998,1387,1345,0
139,175,2326,2998,2479,1210,0
139,176,2326,2998,1555,1680,0
139,177,2326,2998,160,2470,0
139,178,2326,2998,2692,2143,0
139,179,2326,2998,158,2357,0
139,180,2326,2998,2335,890,0
139,181,2326,2998,1761,1075,0
139,182,2326,2998,2099,406,0
140,0,976,329,1639,2892,0
140,1,976,329,1329,745,0
140,2,976,329,443,1218,0
140,3,976,329,2514,1181,0
140,4,976,329,2286,223,0
140,5,976,329,595,2408,0
140,6,976,329,1383,2289,0
140,7,976,329,1795,201,0
140,8,976,329,2598,838,0
140,9,976,329,813,1715,0
140,10,976,329,1135,391,1
140,11,976,329,1132,1878,0
140,12,976,329,2041,661,0
140,13,976,329,1434,670,0
140,14,976,329,300,623,0
140,15,976,329,1559,2032,0
140,16,976,329,1224,2119,0
140,17,976,329,838,460,0
140,18,976,329,352,2688,0
140,19,976,329,2179,352,0
140,20,976,329,525,672,0
140,21,976,329,1652,2883,0
140,22,976,329,1373,2660,0
140,23,976,329,2814,1659,0
140,24,976,329,1449,1659,0
140,25,976,329,2305,1303,0
140,26,976,329,769,677,0
140,27,976,329,2295,2940,0
140,28,976,329,577,2880,0
140,29,976,329,1614,2810,0
140,30,976,329,47,1395,0
140,31,976,329,2664,803,0
140,32,976,329,2309,2153,0
140,33,976,329,2074,2182,0
140,34,976,329,1554,11,0
140,35,976,329,1400,2146,0
140,36,976,329,1795,740,0
140,37,976,329,931,567,0
140,38,976,329,1254,1779,0
140,39,976,329,45,883,0
140,40,976,329,1359,119,0
140,41,976,329,2127,1277,0
140,42,976,329,2925,1375,0
140,43,976,329,2505,1463,0
140,44,976,329,1791,2744,0
140,45,976,329,1916,1718,0
140,46,976,329,167,2831,0
140,47,976,329,2315,236,0
140,48,976,329,1902,1139,0
140,49,976,329,1443,2554,0
140,50,976,329,194,2519,0
140,51,976,329,301,248,0
140,52,976,329,934,2502,0
140,53,976,329,343,1045,0
140,54,976,329,1542,1250,0
140,55,976,329,2149,1171,0
140,56,976,329,2055,1783,0
140,57,976,329,941,1993,0
140,58,976,329,123,1452,0
140,59,976,329,2845,2865,0
140,60,976,329,1089,2442,0
140,61,976,329,859,1946,0
140,62,976,329,1024,191,0
140,63,976,329,640,1179,0
140,64,976,329,2225,946,0
140,65,976,329,349,822,0
140,66,976,329,826,2377,0
140,67,976,329,1638,96,0
140,68,976,329,2727,990,0
140,69,976,329,2915,1910,0
140,70,976,329,1406,1407,0
140,71,976,329,2216,2614,0
140,72,976,329,1497,453,0
140,73,976,329,1462,1798,0
140,74,976,329,1212,215,0
140,75,976,329,2881,2014,0
140,76,976,329,32,1929,0
140,77,976,329,2695,266,0
140,78,976,329,2042,2855,0
140,79,976,329,193,1354,0
140,80,976,329,123,892,0
140,81,976,329,2391,199,0
140,82,976,329,738,1556,0
140,83,976,329,656,1512,0
140,84,976,329,2081,2886,0
140,85,976,329,2720,2097,0
140,86,976,329,2245,1289,0
140,87,976,329,714,2990,0
140,88,976,329,2800,641,0
140,89,976,329,2389,2741,0
140,90,976,329,538,2170,0
140,91,976,329,2767,2393,0
140,92,976,329,1270,693,0
140,93,976,329,2649,133,0
140,94,976,329,782,2023,0
140,95,976,329,551,1308,0
140,96,976,329,2784,254,0
140,97,976,329,2443,1306,0
140,98,976,329,1619,1722,0
140,99,976,329,508,1060,0
140,100,976,329,2201,1345,0
140,101,976,329,2587,861,0
140,102,976,329,2593,412,0
140,103,976,329,2995,1976,0
140,104,976,329,2546,755,0
140,105,976,329,1384,10,0
140,106,976,329,1458,697,0
140,107,976,329,52,2157,0
140,108,976,329,2017,217,0
140,109,976,329,2750,1252,0
140,110,976,329,1972,2182,0
140,111,976,329,736,1220,0
140,112,976,329,1701,2178,0
140,113,976,329,27,769,0
140,114,976,329,148,1215,0
140,115,976,329,1308,917,0
140,116,976,329,579,885,0
140,117,976,329,2737,2060,0
140,118,976,329,1739,2828,0
140,119,976,329,1339,2055,0
140,120,976,329,1479,618,0
140,121,976,329,1518,2678,0
140,122,976,329,2663,2085,0
140,123,976,329,1536,440,0
140,124,976,329,2347,485,0
140,125,976,329,2244,1545,0
140,126,976,329,1821,2562,0
140,127,976,329,1162,1754,0
140,128,976,329,476,1205,0
140,129,976,329,1692,876,0
140,130,976,329,300,1205,0
140,131,976,329,2003,1714,0
140,132,976,329,381,1336,0
140,133,976,329,2948,2728,0
140,134,976,329,1258,2583,0
140,135,976,329,1121,2987,0
140,136,976,329,2245,575,0
140,137,976,329,721,430,0
140,138,976,329,1441,992,0
140,139,976,329,2326,2998,0
140,141,976,329,2900,191,0
140,142,976,329,1962,1771,0
140,143,976,329,238,1665,0
140,144,976,329,295,1936,0
140,145,976,329,1854,141,0
140,146,976,329,2927,2918,0
140,147,976,329,652,2117,0
140,148,976,329,1281,1593,0
140,149,976,329,1093,2355,0
140,150,976,329,821,2889,0
140,151,976,329,2640,293,0
140,152,976,329,2213,1092,0
140,153,976,329,2554,526,0
140,154,976,329,773,2759,0
140,155,976,329,2398,2598,0
140,156,976,329,352,1773,0
140,157,976,329,136,1123,0
140,158,976,329,2533,1961,0
140,159,976,329,1274,2648,0
140,160,976,329,2856,1016,0
140,161,976,329,723,68,0
140,162,976,329,1849,735,0
140,163,976,329,1750,564,0
140,164,976,329,21,376,0
140,165,976,329,2035,939,0
140,166,976,329,1752,1825,0
140,167,976,329,2384,871,0
140,168,976,329,1034,788,0
140,169,976,329,1867,2645,0
140,170,976,329,940,504,0
140,171,976,329,1519,1618,0
140,172,976,329,1392,2416,0
140,173,976,329,1843,947,0
140,174,976,329,1387,1345,0
140,175,976,329,2479,1210,0
140,176,976,329,1555,1680,0
140,177,976,329,160,2470,0
140,178,976,329,2692,2143,0
140,179,976,329,158,2357,0
140,180,976,329,2335,890,0
140,181,976,329,1761,1075,0
140,182,976,329,2099,406,0
141,0,2900,191,1639,2892,0
141,1,2900,191,1329,745,0
141,2,2900,191,443,1218,0
141,3,2900,191,2514,1181,0
141,4,2900,191,2286,223,0
141,5,2900,191,595,2408,0
141,6,2900,191,1383,2289,0
141,7,2900,191,1795,201,0
141,8,2900,191,2598,838,0
141,9,2900,191,813,1715,0
141,10,2900,191,1135,391,0
141,11,2900,191,1132,1878,0
141,12,2900,191,2041,661,0
141,13,2900,191,1434,670,0
141,14,2900,191,300,623,0
141,15,2900,191,1559,2032,0
141,16,2900,191,1224,2119,0
141,17,2900,191,838,460,0
141,18,2900,191,352,2688,0
141,19,2900,191,2179,352,0
141,20,2900,191,525,672,0
141,21,2900,191,1652,2883,0
141,22,2900,191,1373,2660,0
141,23,2900,191,2814,1659,0
141,24,2900,191,1449,1659,0
141,25,2900,191,2305,1303,0
141,26,2900,191,769,677,0
141,27,2900,191,2295,2940,0
141,28,2900,191,577,2880,0
141,29,2900,191,1614,2810,0
141,30,2900,191,47,1395,0
141,31,2900,191,2664,803,0
141,32,2900,191,2309,2153,0
141,33,2900,191,2074,2182,0
141,34,2900,191,1554,11,0
141,35,2900,191,1400,2146,0
141,36,2900,191,1795,740,0
141,37,2900,191,931,567,0
141,38,2900,191,1254,1779,0
141,39,2900,191,45,883,0
141,40,2900,191,1359,119,0
141,41,2900,191,2127,1277,0
141,42,2900,191,2925,1375,0
141,43,2900,191,2505,1463,0
141,44,2900,191,1791,2744,0
141,45,2900,191,1916,1718,0
141,46,2900,191,167,2831,0
141,47,2900,191,2315,236,0
141,48,2900,191,1902,1139,0
141,49,2900,191,1443,2554,0
141,50,2900,191,194,2519,0
141,51,2900,191,301,248,0
141,52,2900,191,934,2502,0
141,53,2900,191,343,1045,0
141,54,2900,191,1542,1250,0
141,55,2900,191,2149,1171,0
141,56,2900,191,2055,1783,0
141,57,2900,191,941,1993,0
141,58,2900,191,123,1452,0
141,59,2900,191,2845,2865,0
141,60,2900,191,1089,2442,0
141,61,2900,191,859,1946,0
141,62,2900,191,1024,191,0
141,63,2900,191,640,1179,0
141,64,2900,191,2225,946,0
141,65,2900,191,349,822,0
141,66,2900,191,826,2377,0
141,67,2900,191,1638,96,0
141,68,2900,191,2727,990,0
141,69,2900,191,2915,1910,0
141,70,2900,191,1406,1407,0
141,71,2900,191,2216,2614,0
141,72,2900,191,1497,453,0
141,73,2900,191,1462,1798,0
141,74,2900,191,1212,215,0
141,75,2900,191,2881,2014,0
141,76,2900,191,32,1929,0
141,77,2900,191,2695,266,0
141,78,2900,191,2042,2855,0
141,79,2900,191,193,1354,0
141,80,2900,191,123,892,0
141,81,2900,191,2391,199,0
141,82,2900,191,738,1556,0
141,83,2900,191,656,1512,0
141,84,2900,191,2081,2886,0
141,85,2900,191,2720,2097,0
141,86,2900,191,2245,1289,0
141,87,2900,191,714,2990,0
141,88,2900,191,2800,641,0
141,89,2900,191,2389,2741,0
141,90,2900,191,538,2170,0
141,91,2900,191,2767,2393,0
141,92,2900,191,1270,693,0
141,93,2900,191,2649,133,0
141,94,2900,191,782,2023,0
141,95,2900,191,551,1308,0
141,96,2900,191,2784,254,1
141,97,2900,191,2443,1306,0
141,98,2900,191,1619,1722,0
141,99,2900,191,508,1060,0
141,100,2900,191,2201,1345,0
141,101,2900,191,2587,861,0
141,102,2900,191,2593,412,0
141,103,2900,191,2995,1976,0
141,104,2900,191,2546,755,0
141,105,2900,191,1384,10,0
141,106,2900,191,1458,697,0
141,107,2900,191,52,2157,0
141,108,2900,191,2017,217,0
141,109,2900,191,2750,1252,0
141,110,2900,191,1972,2182,0
141,111,2900,191,736,1220,0
141,112,2900,191,1701,2178,0
141,113,2900,191,27,769,0
141,114,2900,191,148,1215,0
141,115,2900,191,1308,917,0
141,116,2900,191,579,885,0
141,117,2900,191,2737,2060,0
141,118,2900,191,1739,2828,0
141,119,2900,191,1339,2055,0
141,120,2900,191,1479,618,0
141,121,2900,191,1518,2678,0
141,122,2900,191,2663,2085,0
141,123,2900,191,1536,440,0
141,124,2900,191,2347,485,0
141,125,2900,191,2244,1545,0
141,126,2900,191,1821,2562,0
141,127,2900,191,1162,1754,0
141,128,2900,191,476,1205,0
141,129,2900,191,1692,876,0
141,130,2900,191,300,1205,0
141,131,2900,191,2003,1714,0
141,132,2900,191,381,1336,0
141,133,2900,191,2948,2728,0
141,134,2900,191,1258,2583,0
141,135,2900,191,1121,2987,0
141,136,2900,191,2245,575,0
141,137,2900,191,721,430,0
141,138,2900,191,1441,992,0
141,139,2900,191,2326,2998,0
141,140,2900,191,976,329,0
141,142,2900,191,1962,1771,0
141,143,2900,191,238,1665,0
141,144,2900,191,295,1936,0
141,145,2900,191,1854,141,0
141,146,2900,191,2927,2918,0
141,147,2900,191,652,2117,0
141,148,2900,191,1281,1593,0
141,149,2900,191,1093,2355,0
141,150,2900,191,821,2889,0
141,151,2900,191,2640,293,0
141,152,2900,191,2213,1092,0
141,153,2900,191,2554,526,0
141,154,2900,191,773,2759,0
141,155,2900,191,2398,2598,0
141,156,2900,191,352,1773,0
141,157,2900,191,136,1123,0
141,158,2900,191,2533,1961,0
141,159,2900,191,1274,2648,0
141,160,2900,191,2856,1016,0
141,161,2900,191,723,68,0
141,162,2900,191,1849,735,0
141,163,2900,191,1750,564,0
141,164,2900,191,21,376,0
141,165,2900,191,2035,939,0
141,166,2900,191,1752,1825,0
141,167,2900,191,2384,871,0
141,168,2900,191,1034,788,0
141,169,2900,191,1867,2645,0
141,170,2900,191,940,504,0
141,171,2900,191,1519,1618,0
141,172,2900,191,1392,2416,0
141,173,2900,191,1843,947,0
141,174,2900,191,1387,1345,0
141,175,2900,191,2479,1210,0
141,176,2900,191,1555,1680,0
141,177,2900,191,160,2470,0
141,178,2900,191,2692,2143,0
141,179,2900,191,158,2357,0
141,180,2900,191,2335,890,0
141,181,2900,191,1761,1075,0
141,182,2900,191,2099,406,0
142,0,1962,1771,1639,2892,0
142,1,1962,1771,1329,745,0
142,2,1962,1771,443,1218,0
142,3,1962,1771,2514,1181,0
142,4,1962,1771,2286,223,0
142,5,1962,1771,595,2408,0
142,6,1962,1771,1383,2289,0
142,7,1962,1771,1795,201,0
142,8,1962,1771,2598,838,0
142,9,1962,1771,813,1715,0
142,10,1962,1771,1135,391,0
142,11,1962,1771,1132,1878,0
142,12,1962,1771,2041,661,0
142,13,1962,1771,1434,670,0
142,14,1962,1771,300,623,0
142,15,1962,1771,1559,2032,0
142,16,1962,1771,1224,2119,0
142,17,1962,1771,838,460,0
142,18,1962,1771,352,2688,0
142,19,1962,1771,2179,352,0
142,20,1962,1771,525,672,0
142,21,1962,1771,1652,2883,0
142,22,1962,1771,1373,2660,0
142,23,1962,1771,2814,1659,0
142,24,1962,1771,1449,1659,0
142,25,1962,1771,2305,1303,0
142,26,1962,1771,769,677,0
142,27,1962,1771,2295,2940,0
142,28,1962,1771,577,2880,0
142,29,1962,1771,1614,2810,0
142,30,1962,1771,47,1395,0
142,31,1962,1771,2664,803,0
142,32,1962,1771,2309,2153,0
142,33,1962,1771,2074,2182,0
142,34,1962,1771,1554,11,0
142,35,1962,1771,1400,2146,0
142,36,1962,1771,1795,740,0
142,37,1962,1771,931,567,0
142,38,1962,1771,1254,1779,0
142,39,1962,1771,45,883,0
142,40,1962,1771,1359,119,0
142,41,1962,1771,2127,1277,0
142,42,1962,1771,2925,1375,0
142,43,1962,1771,2505,1463,0
142,44,1962,1771,1791,2744,0
142,45,1962,1771,1916,1718,1
142,46,1962,1771,167,2831,0
142,47,1962,1771,2315,236,0
142,48,1962,1771,1902,1139,0
142,49,1962,1771,1443,2554,0
142,50,1962,1771,194,2519,0
142,51,1962,1771,301,248,0
142,52,1962,1771,934,2502,0
142,53,1962,1771,343,1045,0
142,54,1962,1771,1542,1250,0
142,55,1962,1771,2149,1171,0
142,56,1962,1771,2055,1783,0
142,57,1962,1771,941,1993,0
142,58,1962,1771,123,1452,0
142,59,1962,1771,2845,2865,0
142,60,1962,1771,1089,2442,0
142,61,1962,1771,859,1946,0
142,62,1962,1771,1024,191,0
142,63,1962,1771,640,1179,0
142,64,1962,1771,2225,946,0
142,65,1962,1771,349,822,0
142,66,1962,1771,826,2377,0
142,67,1962,1771,1638,96,0
142,68,1962,1771,2727,990,0
142,69,1962,1771,2915,1910,0
142,70,1962,1771,1406,1407,0
142,71,1962,1771,2216,2614,0
142,72,1962,1771,1497,453,0
142,73,1962,1771,1462,1798,0
142,74,1962,1771,1212,215,0
142,75,1962,1771,2881,2014,0
142,76,1962,1771,32,1929,0
142,77,1962,1771,2695,266,0
142,78,1962,1771,2042,2855,0
142,79,1962,1771,193,1354,0
142,80,1962,1771,123,892,0
142,81,1962,1771,2391,199,0
142,82,1962,1771,738,1556,0
142,83,1962,1771,656,1512,0
142,84,1962,1771,2081,2886,0
142,85,1962,1771,2720,2097,0
142,86,1962,1771,2245,1289,0
142,87,1962,1771,714,2990,0
142,88,1962,1771,2800,641,0
142,89,1962,1771,2389,2741,0
142,90,1962,1771,538,2170,0
142,91,1962,1771,2767,2393,0
142,92,1962,1771,1270,693,0
142,93,1962,1771,2649,133,0
142,94,1962,1771,782,2023,0
142,95,1962,1771,551,1308,0
142,96,1962,1771,2784,254,0
142,97,1962,1771,2443,1306,0
142,98,1962,1771,1619,1722,0
142,99,1962,1771,508,1060,0
142,100,1962,1771,2201,1345,0
142,101,1962,1771,2587,861,0
142,102,1962,1771,2593,412,0
142,103,1962,1771,2995,1976,0
142,104,1962,1771,2546,755,0
142,105,1962,1771,1384,10,0
142,106,1962,1771,1458,697,0
142,107,1962,1771,52,2157,0
142,108,1962,1771,2017,217,0
142,109,1962,1771,2750,1252,0
142,110,1962,1771,1972,2182,0
142,111,1962,1771,736,1220,0
142,112,1962,1771,1701,2178,0
142,113,1962,1771,27,769,0
142,114,1962,1771,148,1215,0
142,115,1962,1771,1308,917,0
142,116,1962,1771,579,885,0
142,117,1962,1771,2737,2060,0
142,118,1962,1771,1739,2828,0
142,119,1962,1771,1339,2055,0
142,120,1962,1771,1479,618,0
142,121,1962,1771,1518,2678,0
142,122,1962,1771,2663,2085,0
142,123,1962,1771,1536,440,0
142,124,1962,1771,2347,485,0
142,125,1962,1771,2244,1545,0
142,126,1962,1771,1821,2562,0
142,127,1962,1771,1162,1754,0
142,128,1962,1771,476,1205,0
142,129,1962,1771,1692,876,0
142,130,1962,1771,300,1205,0
142,131,1962,1771,2003,1714,0
142,132,1962,1771,381,1336,0
142,133,1962,1771,2948,2728,0
142,134,1962,1771,1258,2583,0
142,135,1962,1771,1121,2987,0
142,136,1962,1771,2245,575,0
142,137,1962,1771,721,430,0
142,138,1962,1771,1441,992,0
142,139,1962,1771,2326,2998,0
142,140,1962,1771,976,329,0
142,141,1962,1771,2900,191,0
142,143,1962,1771,238,1665,0
142,144,1962,1771,295,1936,0
142,145,1962,1771,1854,141,0
142,146,1962,1771,2927,2918,0
142,147,1962,1771,652,2117,0
142,148,1962,1771,1281,1593,0
142,149,1962,1771,1093,2355,0
142,150,1962,1771,821,2889,0
142,151,1962,1771,2640,293,0
142,152,1962,1771,2213,1092,0
142,153,1962,1771,2554,526,0
142,154,1962,1771,773,2759,0
142,155,1962,1771,2398,2598,0
142,156,1962,1771,352,1773,0
142,157,1962,1771,136,1123,0
142,158,1962,1771,2533,1961,0
142,159,1962,1771,1274,2648,0
142,160,1962,1771,2856,1016,0
142,161,1962,1771,723,68,0
142,162,1962,1771,1849,735,0
142,163,1962,1771,1750,564,0
142,164,1962,1771,21,376,0
142,165,1962,1771,2035,939,0
142,166,1962,1771,1752,1825,0
142,167,1962,1771,2384,871,0
142,168,1962,1771,1034,788,0
142,169,1962,1771,1867,2645,0
142,170,1962,1771,940,504,0
142,171,1962,1771,1519,1618,0
142,172,1962,1771,1392,2416,0
142,173,1962,1771,1843,947,0
142,174,1962,1771,1387,1345,0
142,175,1962,1771,2479,1210,0
142,176,1962,1771,1555,1680,0
142,177,1962,1771,160,2470,0
142,178,1962,1771,2692,2143,0
142,179,1962,1771,158,2357,0
142,180,1962,1771,2335,890,0
142,181,1962,1771,1761,1075,0
142,182,1962,1771,2099,406,0
143,0,238,1665,1639,2892,0
143,1,238,1665,1329,745,0
143,2,238,1665,443,1218,0
143,3,238,1665,2514,1181,0
143,4,238,1665,2286,223,0
143,5,238,1665,595,2408,0
143,6,238,1665,1383,2289,0
143,7,238,1665,1795,201,0
143,8,238,1665,2598,838,0
143,9,238,1665,813,1715,0
143,10,238,1665,1135,391,0
143,11,238,1665,1132,1878,0
143,12,238,1665,2041,661,0
143,13,238,1665,1434,670,0
143,14,238,1665,300,623,0
143,15,238,1665,1559,2032,0
143,16,238,1665,1224,2119,0
143,17,238,1665,838,460,0
143,18,238,1665,352,2688,0
143,19,238,1665,2179,352,0
143,20,238,1665,525,672,0
143,21,238,1665,1652,2883,0
143,22,238,1665,1373,2660,0
143,23,238,1665,2814,1659,0
143,24,238,1665,1449,1659,0
143,25,238,1665,2305,1303,0
143,26,238,1665,769,677,0
143,27,238,1665,2295,2940,0
143,28,238,1665,577,2880,0
143,29,238,1665,1614,2810,0
143,30,238,1665,47,1395,0
143,31,238,1665,2664,803,0
143,32,238,1665,2309,2153,0
143,33,238,1665,2074,2182,0
143,34,238,1665,1554,11,0
143,35,238,1665,1400,2146,0
143,36,238,1665,1795,740,0
143,37,238,1665,931,567,0
143,38,238,1665,1254,1779,0
143,39,238,1665,45,883,0
143,40,238,1665,1359,119,0
143,41,238,1665,2127,1277,0
143,42,238,1665,2925,1375,0
143,43,238,1665,2505,1463,0
143,44,238,1665,1791,2744,0
143,45,238,1665,1916,1718,0
143,46,238,1665,167,2831,0
143,47,238,1665,2315,236,0
143,48,238,1665,1902,1139,0
143,49,238,1665,1443,2554,0
143,50,238,1665,194,2519,0
143,51,238,1665,301,248,0
143,52,238,1665,934,2502,0
143,53,238,1665,343,1045,0
143,54,238,1665,1542,1250,0
143,55,238,1665,2149,1171,0
143,56,238,1665,2055,1783,0
143,57,238,1665,941,1993,0
143,58,238,1665,123,1452,1
143,59,238,1665,2845,2865,0
143,60,238,1665,1089,2442,0
143,61,238,1665,859,1946,0
143,62,238,1665,1024,191,0
143,63,238,1665,640,1179,0
143,64,238,1665,2225,946,0
143,65,238,1665,349,822,0
143,66,238,1665,826,2377,0
143,67,238,1665,1638,96,0
143,68,238,1665,2727,990,0
143,69,238,1665,2915,1910,0
143,70,238,1665,1406,1407,0
143,71,238,1665,2216,2614,0
143,72,238,1665,1497,453,0
143,73,238,1665,1462,1798,0
143,74,238,1665,1212,215,0
143,75,238,1665,2881,2014,0
143,76,238,1665,32,1929,0
143,77,238,1665,2695,266,0
143,78,238,1665,2042,2855,0
143,79,238,1665,193,1354,0
143,80,238,1665,123,892,0
143,81,238,1665,2391,199,0
143,82,238,1665,738,1556,0
143,83,238,1665,656,1512,0
143,84,238,1665,2081,2886,0
143,85,238,1665,2720,2097,0
143,86,238,1665,2245,1289,0
143,87,238,1665,714,2990,0
143,88,238,1665,2800,641,0
143,89,238,1665,2389,2741,0
143,90,238,1665,538,2170,0
143,91,238,1665,2767,2393,0
143,92,238,1665,1270,693,0
143,93,238,1665,2649,133,0
143,94,238,1665,782,2023,0
143,95,238,1665,551,1308,0
143,96,238,1665,2784,254,0
143,97,238,1665,2443,1306,0
143,98,238,1665,1619,1722,0
143,99,238,1665,508,1060,0
143,100,238,1665,2201,1345,0
143,101,238,1665,2587,861,0
143,102,238,1665,2593,412,0
143,103,238,1665,2995,1976,0
143,104,238,1665,2546,755,0
143,105,238,1665,1384,10,0
143,106,238,1665,1458,697,0
143,107,238,1665,52,2157,0
143,108,238,1665,2017,217,0
143,109,238,1665,2750,1252,0
143,110,238,1665,1972,2182,0
143,111,238,1665,736,1220,0
143,112,238,1665,1701,2178,0
143,113,238,1665,27,769,0
143,114,238,1665,148,1215,0
143,115,238,1665,1308,917,0
143,116,238,1665,579,885,0
143,117,238,1665,2737,2060,0
143,118,238,1665,1739,2828,0
143,119,238,1665,1339,2055,0
143,120,238,1665,1479,618,0
143,121,238,1665,1518,2678,0
143,122,238,1665,2663,2085,0
143,123,238,1665,1536,440,0
143,124,238,1665,2347,485,0
143,125,238,1665,2244,1545,0
143,126,238,1665,1821,2562,0
143,127,238,1665,1162,1754,0
143,128,238,1665,476,1205,0
143,129,238,1665,1692,876,0
143,130,238,1665,300,1205,0
143,131,238,1665,2003,1714,0
143,132,238,1665,381,1336,0
143,133,238,1665,2948,2728,0
143,134,238,1665,1258,2583,0
143,135,238,1665,1121,2987,0
143,136,238,1665,2245,575,0
143,137,238,1665,721,430,0
143,138,238,1665,1441,992,0
143,139,238,1665,2326,2998,0
143,140,238,1665,976,329,0
143,141,238,1665,2900,191,0
143,142,238,1665,1962,1771,0
143,144,238,1665,295,1936,0
143,145,238,1665,1854,141,0
143,146,238,1665,2927,2918,0
143,147,238,1665,652,2117,0
143,148,238,1665,1281,1593,0
143,149,238,1665,1093,2355,0
143,150,238,1665,821,2889,0
143,151,238,1665,2640,293,0
143,152,238,1665,2213,1092,0
143,153,238,1665,2554,526,0
143,154,238,1665,773,2759,0
143,155,238,1665,2398,2598,0
143,156,238,1665,352,1773,0
143,157,238,1665,136,1123,0
143,158,238,1665,2533,1961,0
143,159,238,1665,1274,2648,0
143,160,238,1665,2856,1016,0
143,161,238,1665,723,68,0
143,162,238,1665,1849,735,0
143,163,238,1665,1750,564,0
143,164,238,1665,21,376,0
143,165,238,1665,2035,939,0
143,166,238,1665,1752,1825,0
143,167,238,1665,2384,871,0
143,168,238,1665,1034,788,0
143,169,238,1665,1867,2645,0
143,170,238,1665,940,504,0
143,171,238,1665,1519,1618,0
143,172,238,1665,1392,2416,0
143,173,238,1665,1843,947,0
143,174,238,1665,1387,1345,0
143,175,238,1665,2479,1210,0
143,176,238,1665,1555,1680,0
143,177,238,1665,160,2470,0
143,178,238,1665,2692,2143,0
143,179,238,1665,158,2357,0
143,180,238,1665,2335,890,0
143,181,238,1665,1761,1075,0
143,182,238,1665,2099,406,0
144,0,295,1936,1639,2892,0
144,1,295,1936,1329,745,0
144,2,295,1936,443,1218,0
144,3,295,1936,2514,1181,0
144,4,295,1936,2286,223,0
144,5,295,1936,595,2408,0
144,6,295,1936,1383,2289,0
144,7,295,1936,1795,201,0
144,8,295,1936,2598,838,0
144,9,295,1936,813,1715,0
144,10,295,1936,1135,391,0
144,11,295,1936,1132,1878,0
144,12,295,1936,2041,661,0
144,13,295,1936,1434,670,0
144,14,295,1936,300,623,0
144,15,295,1936,1559,2032,0
144,16,295,1936,1224,2119,0
144,17,295,1936,838,460,0
144,18,295,1936,352,2688,0
144,19,295,1936,2179,352,0
144,20,295,1936,525,672,0
144,21,295,1936,1652,2883,0
144,22,295,1936,1373,2660,0
144,23,295,1936,2814,1659,0
144,24,295,1936,1449,1659,0
144,25,295,1936,2305,1303,0
144,26,295,1936,769,677,0
144,27,295,1936,2295,2940,0
144,28,295,1936,577,2880,0
144,29,295,1936,1614,2810,0
144,30,295,1936,47,1395,0
144,31,295,1936,2664,803,0
144,32,295,1936,2309,2153,0
144,33,295,1936,2074,2182,0
144,34,295,1936,1554,11,0
144,35,295,1936,1400,2146,0
144,36,295,1936,1795,740,0
144,37,295,1936,931,567,0
144,38,295,1936,1254,1779,0
144,39,295,1936,45,883,0
144,40,295,1936,1359,119,0
144,41,295,1936,2127,1277,0
144,42,295,1936,2925,1375,0
144,43,295,1936,2505,1463,0
144,44,295,1936,1791,2744,0
144,45,295,1936,1916,1718,0
144,46,295,1936,167,2831,0
144,47,295,1936,2315,236,0
144,48,295,1936,1902,1139,0
144,49,295,1936,1443,2554,0
144,50,295,1936,194,2519,0
144,51,295,1936,301,248,0
144,52,295,1936,934,2502,0
144,53,295,1936,343,1045,0
144,54,295,1936,1542,1250,0
144,55,295,1936,2149,1171,0
144,56,295,1936,2055,1783,0
144,57,295,1936,941,1993,0
144,58,295,1936,123,1452,0
144,59,295,1936,2845,2865,0
144,60,295,1936,1089,2442,0
144,61,295,1936,859,1946,0
144,62,295,1936,1024,191,0
144,63,295,1936,640,1179,0
144,64,295,1936,2225,946,0
144,65,295,1936,349,822,0
144,66,295,1936,826,2377,0
144,67,295,1936,1638,96,0
144,68,295,1936,2727,990,0
144,69,295,1936,2915,1910,0
144,70,295,1936,1406,1407,0
144,71,295,1936,2216,2614,0
144,72,295,1936,1497,453,0
144,73,295,1936,1462,1798,0
144,74,295,1936,1212,215,0
144,75,295,1936,2881,2014,0
144,76,295,1936,32,1929,0
144,77,295,1936,2695,266,0
144,78,295,1936,2042,2855,0
144,79,295,1936,193,1354,0
144,80,295,1936,123,892,0
144,81,295,1936,2391,199,0
144,82,295,1936,738,1556,0
144,83,295,1936,656,1512,0
144,84,295,1936,2081,2886,0
144,85,295,1936,2720,2097,0
144,86,295,1936,2245,1289,0
144,87,295,1936,714,2990,0
144,88,295,1936,2800,641,0
144,89,295,1936,2389,2741,0
144,90,295,1936,538,2170,0
144,91,295,1936,2767,2393,0
144,92,295,1936,1270,693,0
144,93,295,1936,2649,133,0
144,94,295,1936,782,2023,0
144,95,295,1936,551,1308,0
144,96,295,1936,2784,254,0
144,97,295,1936,2443,1306,0
144,98,295,1936,1619,1722,0
144,99,295,1936,508,1060,0
144,100,295,1936,2201,1345,0
144,101,295,1936,2587,861,0
144,102,295,1936,2593,412,0
144,103,295,1936,2995,1976,0
144,104,295,1936,2546,755,0
144,105,295,1936,1384,10,0
144,106,295,1936,1458,697,0
144,107,295,1936,52,2157,0
144,108,295,1936,2017,217,0
144,109,295,1936,2750,1252,0
144,110,295,1936,1972,2182,0
144,111,295,1936,736,1220,0
144,112,295,1936,1701,2178,0
144,113,295,1936,27,769,0
144,114,295,1936,148,1215,0
144,115,295,1936,1308,917,0
144,116,295,1936,579,885,0
144,117,295,1936,2737,2060,0
144,118,295,1936,1739,2828,0
144,119,295,1936,1339,2055,0
144,120,295,1936,1479,618,0
144,121,295,1936,1518,2678,0
144,122,295,1936,2663,2085,0
144,123,295,1936,1536,440,0
144,124,295,1936,2347,485,0
144,125,295,1936,2244,1545,0
144,126,295,1936,1821,2562,0
144,127,295,1936,1162,1754,0
144,128,295,1936,476,1205,0
144,129,295,1936,1692,876,0
144,130,295,1936,300,1205,0
144,131,295,1936,2003,1714,0
144,132,295,1936,381,1336,0
144,133,295,1936,2948,2728,0
144,134,295,1936,1258,2583,0
144,135,295,1936,1121,2987,0
144,136,295,1936,2245,575,0
144,137,295,1936,721,430,0
144,138,295,1936,1441,992,0
144,139,295,1936,2326,2998,0
144,140,295,1936,976,329,0
144,141,295,1936,2900,191,0
144,142,295,1936,1962,1771,0
144,143,295,1936,238,1665,0
144,145,295,1936,1854,141,0
144,146,295,1936,2927,2918,0
144,147,295,1936,652,2117,0
144,148,295,1936,1281,1593,0
144,149,295,1936,1093,2355,0
144,150,295,1936,821,2889,0
144,151,295,1936,2640,293,0
144,152,295,1936,2213,1092,0
144,153,295,1936,2554,526,0
144,154,295,1936,773,2759,0
144,155,295,1936,2398,2598,0
144,156,295,1936,352,1773,1
144,157,295,1936,136,1123,0
144,158,295,1936,2533,1961,0
144,159,295,1936,1274,2648,0
144,160,295,1936,2856,1016,0
144,161,295,1936,723,68,0
144,162,295,1936,1849,735,0
144,163,295,1936,1750,564,0
144,164,295,1936,21,376,0
144,165,295,1936,2035,939,0
144,166,295,1936,1752,1825,0
144,167,295,1936,2384,871,0
144,168,295,1936,1034,788,0
144,169,295,1936,1867,2645,0
144,170,295,1936,940,504,0
144,171,295,1936,1519,1618,0
144,172,295,1936,1392,2416,0
144,173,295,1936,1843,947,0
144,174,295,1936,1387,1345,0
144,175,295,1936,2479,1210,0
144,176,295,1936,1555,1680,0
144,177,295,1936,160,2470,0
144,178,295,1936,2692,2143,0
144,179,295,1936,158,2357,0
144,180,295,1936,2335,890,0
144,181,295,1936,1761,1075,0
144,182,295,1936,2099,406,0
145,0,1854,141,1639,2892,0
145,1,1854,141,1329,745,0
145,2,1854,141,443,1218,0
145,3,1854,141,2514,1181,0
145,4,1854,141,2286,223,0
145,5,1854,141,595,2408,0
145,6,1854,141,1383,2289,0
145,7,1854,141,1795,201,0
145,8,1854,141,2598,838,0
145,9,1854,141,813,1715,0
145,10,1854,141,1135,391,0
145,11,1854,141,1132,1878,0
145,12,1854,141,2041,661,0
145,13,1854,141,1434,670,0
145,14,1854,141,300,623,0
145,15,1854,141,1559,2032,0
145,16,1854,141,1224,2119,0
145,17,1854,141,838,460,0
145,18,1854,141,352,2688,0
145,19,1854,141,2179,352,0
145,20,1854,141,525,672,0
145,21,1854,141,1652,2883,0
145,22,1854,141,1373,2660,0
145,23,1854,141,2814,1659,0
145,24,1854,141,1449,1659,0
145,25,1854,141,2305,1303,0
145,26,1854,141,769,677,0
145,27,1854,141,2295,2940,0
145,28,1854,141,577,2880,0
145,29,1854,141,1614,2810,0
145,30,1854,141,47,1395,0
145,31,1854,141,2664,803,0
145,32,1854,141,2309,2153,0
145,33,1854,141,2074,2182,0
145,34,1854,141,1554,11,0
145,35,1854,141,1400,2146,0
145,36,1854,141,1795,740,0
145,37,1854,141,931,567,0
145,38,1854,141,1254,1779,0
145,39,1854,141,45,883,0
145,40,1854,141,1359,119,0
145,41,1854,141,2127,1277,0
145,42,1854,141,2925,1375,0
145,43,1854,141,2505,1463,0
145,44,1854,141,1791,2744,0
145,45,1854,141,1916,1718,0
145,46,1854,141,167,2831,0
145,47,1854,141,2315,236,0
145,48,1854,141,1902,1139,0
145,49,1854,141,1443,2554,0
145,50,1854,141,194,2519,0
145,51,1854,141,301,248,0
145,52,1854,141,934,2502,0
145,53,1854,141,343,1045,0
145,54,1854,141,1542,1250,0
145,55,1854,141,2149,1171,0
145,56,1854,141,2055,1783,0
145,57,1854,141,941,1993,0
145,58,1854,141,123,1452,0
145,59,1854,141,2845,2865,0
145,60,1854,141,1089,2442,0
145,61,1854,141,859,1946,0
145,62,1854,141,1024,191,0
145,63,1854,141,640,1179,0
145,64,1854,141,2225,946,0
145,65,1854,141,349,822,0
145,66,1854,141,826,2377,0
145,67,1854,141,1638,96,0
145,68,1854,141,2727,990,0
145,69,1854,141,2915,1910,0
145,70,1854,141,1406,1407,0
145,71,1854,141,2216,2614,0
145,72,1854,141,1497,453,0
145,73,1854,141,1462,1798,0
145,74,1854,141,1212,215,0
145,75,1854,141,2881,2014,0
145,76,1854,141,32,1929,0
145,77,1854,141,2695,266,0
145,78,1854,141,2042,2855,0
145,79,1854,141,193,1354,0
145,80,1854,141,123,892,0
145,81,1854,141,2391,199,0
145,82,1854,141,738,1556,0
145,83,1854,141,656,1512,0
145,84,1854,141,2081,2886,0
145,85,1854,141,2720,2097,0
145,86,1854,141,2245,1289,0
145,87,1854,141,714,2990,0
145,88,1854,141,2800,641,0
145,89,1854,141,2389,2741,0
145,90,1854,141,538,2170,0
145,91,1854,141,2767,2393,0
145,92,1854,141,1270,693,0
145,93,1854,141,2649,133,0
145,94,1854,141,782,2023,0
145,95,1854,141,551,1308,0
145,96,1854,141,2784,254,0
145,97,1854,141,2443,1306,0
145,98,1854,141,1619,1722,0
145,99,1854,141,508,1060,0
145,100,1854,141,2201,1345,0
145,101,1854,141,2587,861,0
145,102,1854,141,2593,412,0
145,103,1854,141,2995,1976,0
145,104,1854,141,2546,755,0
145,105,1854,141,1384,10,0
145,106,1854,141,1458,697,0
145,107,1854,141,52,2157,0
145,108,1854,141,2017,217,1
145,109,1854,141,2750,1252,0
145,110,1854,141,1972,2182,0
145,111,1854,141,736,1220,0
145,112,1854,141,1701,2178,0
145,113,1854,141,27,769,0
145,114,1854,141,148,1215,0
145,115,1854,141,1308,917,0
145,116,1854,141,579,885,0
145,117,1854,141,2737,2060,0
145,118,1854,141,1739,2828,0
145,119,1854,141,1339,2055,0
145,120,1854,141,1479,618,0
145,121,1854,141,1518,2678,0
145,122,1854,141,2663,2085,0
145,123,1854,141,1536,440,0
145,124,1854,141,2347,485,0
145,125,1854,141,2244,1545,0
145,126,1854,141,1821,2562,0
145,127,1854,141,1162,1754,0
145,128,1854,141,476,1205,0
145,129,1854,141,1692,876,0
145,130,1854,141,300,1205,0
145,131,1854,141,2003,1714,0
145,132,1854,141,381,1336,0
145,133,1854,141,2948,2728,0
145,134,1854,141,1258,2583,0
145,135,1854,141,1121,2987,0
145,136,1854,141,2245,575,0
145,137,1854,141,721,430,0
145,138,1854,141,1441,992,0
145,139,1854,141,2326,2998,0
145,140,1854,141,976,329,0
145,141,1854,141,2900,191,0
145,142,1854,141,1962,1771,0
145,143,1854,141,238,1665,0
145,144,1854,141,295,1936,0
145,146,1854,141,2927,2918,0
145,147,1854,141,652,2117,0
145,148,1854,141,1281,1593,0
145,149,1854,141,1093,2355,0
145,150,1854,141,821,2889,0
145,151,1854,141,2640,293,0
145,152,1854,141,2213,1092,0
145,153,1854,141,2554,526,0
145,154,1854,141,773,2759,0
145,155,1854,141,2398,2598,0
145,156,1854,141,352,1773,0
145,157,1854,141,136,1123,0
145,158,1854,141,2533,1961,0
145,159,1854,141,1274,2648,0
145,160,1854,141,2856,1016,0
145,161,1854,141,723,68,0
145,162,1854,141,1849,735,0
145,163,1854,141,1750,564,0
145,164,1854,141,21,376,0
145,165,1854,141,2035,939,0
145,166,1854,141,1752,1825,0
145,167,1854,141,2384,871,0
145,168,1854,141,1034,788,0
145,169,1854,141,1867,2645,0
145,170,1854,141,940,504,0
145,171,1854,141,1519,1618,0
145,172,1854,141,1392,2416,0
145,173,1854,141,1843,947,0
145,174,1854,141,1387,1345,0
145,175,1854,141,2479,1210,0
145,176,1854,141,1555,1680,0
145,177,1854,141,160,2470,0
145,178,1854,141,2692,2143,0
145,179,1854,141,158,2357,0
145,180,1854,141,2335,890,0
145,181,1854,141,1761,1075,0
145,182,1854,141,2099,406,0
146,0,2927,2918,1639,2892,0
146,1,2927,2918,1329,745,0
146,2,2927,2918,443,1218,0
146,3,2927,2918,2514,1181,0
146,4,2927,2918,2286,223,0
146,5,2927,2918,595,2408,0
146,6,2927,2918,1383,2289,0
146,7,2927,2918,1795,201,0
146,8,2927,2918,2598,838,0
146,9,2927,2918,813,1715,0
146,10,2927,2918,1135,391,0
146,11,2927,2918,1132,1878,0
146,12,2927,2918,2041,661,0
146,13,2927,2918,1434,670,0
146,14,2927,2918,300,623,0
146,15,2927,2918,1559,2032,0
146,16,2927,2918,1224,2119,0
146,17,2927,2918,838,460,0
146,18,2927,2918,352,2688,0
146,19,2927,2918,2179,352,0
146,20,2927,2918,525,672,0
146,21,2927,2918,1652,2883,0
146,22,2927,2918,1373,2660,0
146,23,2927,2918,2814,1659,0
146,24,2927,2918,1449,1659,0
146,25,2927,2918,2305,1303,0
146,26,2927,2918,769,677,0
146,27,2927,2918,2295,2940,0
146,28,2927,2918,577,2880,0
146,29,2927,2918,1614,2810,0
146,30,2927,2918,47,1395,0
146,31,2927,2918,2664,803,0
146,32,2927,2918,2309,2153,0
146,33,2927,2918,2074,2182,0
146,34,2927,2918,1554,11,0
146,35,2927,2918,1400,2146,0
146,36,2927,2918,1795,740,0
146,37,2927,2918,931,567,0
146,38,2927,2918,1254,1779,0
146,39,2927,2918,45,883,0
146,40,2927,2918,1359,119,0
146,41,2927,2918,2127,1277,0
146,42,2927,2918,2925,1375,0
146,43,2927,2918,2505,1463,0
146,44,2927,2918,1791,2744,0
146,45,2927,2918,1916,1718,0
146,46,2927,2918,167,2831,0
146,47,2927,2918,2315,236,0
146,48,2927,2918,1902,1139,0
146,49,2927,2918,1443,2554,0
146,50,2927,2918,194,2519,0
146,51,2927,2918,301,248,0
146,52,2927,2918,934,2502,0
146,53,2927,2918,343,1045,0
146,54,2927,2918,1542,1250,0
146,55,2927,2918,2149,1171,0
146,56,2927,2918,2055,1783,0
146,57,2927,2918,941,1993,0
146,58,2927,2918,123,1452,0
146,59,2927,2918,2845,2865,1
146,60,2927,2918,1089,2442,0
146,61,2927,2918,859,1946,0
146,62,2927,2918,1024,191,0
146,63,2927,2918,640,1179,0
146,64,2927,2918,2225,946,0
146,65,2927,2918,349,822,0
146,66,2927,2918,826,2377,0
146,67,2927,2918,1638,96,0
146,68,2927,2918,2727,990,0
146,69,2927,2918,2915,1910,0
146,70,2927,2918,1406,1407,0
146,71,2927,2918,2216,2614,0
146,72,2927,2918,1497,453,0
146,73,2927,2918,1462,1798,0
146,74,2927,2918,1212,215,0
146,75,2927,2918,2881,2014,0
146,76,2927,2918,32,1929,0
146,77,2927,2918,2695,266,0
146,78,2927,2918,2042,2855,0
146,79,2927,2918,193,1354,0
146,80,2927,2918,123,892,0
146,81,2927,2918,2391,199,0
146,82,2927,2918,738,1556,0
146,83,2927,2918,656,1512,0
146,84,2927,2918,2081,2886,0
146,85,2927,2918,2720,2097,0
146,86,2927,2918,2245,1289,0
146,87,2927,2918,714,2990,0
146,88,2927,2918,2800,641,0
146,89,2927,2918,2389,2741,0
146,90,2927,2918,538,2170,0
146,91,2927,2918,2767,2393,0
146,92,2927,2918,1270,693,0
146,93,2927,2918,2649,133,0
146,94,2927,2918,782,2023,0
146,95,2927,2918,551,1308,0
146,96,2927,2918,2784,254,0
146,97,2927,2918,2443,1306,0
146,98,2927,2918,1619,1722,0
146,99,2927,2918,508,1060,0
146,100,2927,2918,2201,1345,0
146,101,2927,2918,2587,861,0
146,102,2927,2918,2593,412,0
146,103,2927,2918,2995,1976,0
146,104,2927,2918,2546,755,0
146,105,2927,2918,1384,10,0
146,106,2927,2918,1458,697,0
146,107,2927,2918,52,2157,0
146,108,2927,2918,2017,217,0
146,109,2927,2918,2750,1252,0
146,110,2927,2918,1972,2182,0
146,111,2927,2918,736,1220,0
146,112,2927,2918,1701,2178,0
146,113,2927,2918,27,769,0
146,114,2927,2918,148,1215,0
146,115,2927,2918,1308,917,0
146,116,2927,2918,579,885,0
146,117,2927,2918,2737,2060,0
146,118,2927,2918,1739,2828,0
146,119,2927,2918,1339,2055,0
146,120,2927,2918,1479,618,0
146,121,2927,2918,1518,2678,0
146,122,2927,2918,2663,2085,0
146,123,2927,2918,1536,440,0
146,124,2927,2918,2347,485,0
146,125,2927,2918,2244,1545,0
146,126,2927,2918,1821,2562,0
146,127,2927,2918,1162,1754,0
146,128,2927,2918,476,1205,0
146,129,2927,2918,1692,876,0
146,130,2927,2918,300,1205,0
146,131,2927,2918,2003,1714,0
146,132,2927,2918,381,1336,0
146,133,2927,2918,2948,2728,0
146,134,2927,2918,1258,2583,0
146,135,2927,2918,1121,2987,0
146,136,2927,2918,2245,575,0
146,137,2927,2918,721,430,0
146,138,2927,2918,1441,992,0
146,139,2927,2918,2326,2998,0
146,140,2927,2918,976,329,0
146,141,2927,2918,2900,191,0
146,142,2927,2918,1962,1771,0
146,143,2927,2918,238,1665,0
146,144,2927,2918,295,1936,0
146,145,2927,2918,1854,141,0
146,147,2927,2918,652,2117,0
146,148,2927,2918,1281,1593,0
146,149,2927,2918,1093,2355,0
146,150,2927,2918,821,2889,0
146,151,2927,2918,2640,293,0
146,152,2927,2918,2213,1092,0
146,153,2927,2918,2554,526,0
146,154,2927,2918,773,2759,0
146,155,2927,2918,2398,2598,0
146,156,2927,2918,352,1773,0
146,157,2927,2918,136,1123,0
146,158,2927,2918,2533,1961,0
146,159,2927,2918,1274,2648,0
146,160,2927,2918,2856,1016,0
146,161,2927,2918,723,68,0
146,162,2927,2918,1849,735,0
146,163,2927,2918,1750,564,0
146,164,2927,2918,21,376,0
146,165,2927,2918,2035,939,0
146,166,2927,2918,1752,1825,0
146,167,2927,2918,2384,871,0
146,168,2927,2918,1034,788,0
146,169,2927,2918,1867,2645,0
146,170,2927,2918,940,504,0
146,171,2927,2918,1519,1618,0
146,172,2927,2918,1392,2416,0
146,173,2927,2918,1843,947,0
146,174,2927,2918,1387,1345,0
146,175,2927,2918,2479,1210,0
146,176,2927,2918,1555,1680,0
146,177,2927,2918,160,2470,0
146,178,2927,2918,2692,2143,0
146,179,2927,2918,158,2357,0
146,180,2927,2918,2335,890,0
146,181,2927,2918,1761,1075,0
146,182,2927,2918,2099,406,0
147,0,652,2117,1639,2892,0
147,1,652,2117,1329,745,0
147,2,652,2117,443,1218,0
147,3,652,2117,2514,1181,0
147,4,652,2117,2286,223,0
147,5,652,2117,595,2408,0
147,6,652,2117,1383,2289,0
147,7,652,2117,1795,201,0
147,8,652,2117,2598,838,0
147,9,652,2117,813,1715,0
147,10,652,2117,1135,391,0
147,11,652,2117,1132,1878,0
147,12,652,2117,2041,661,0
147,13,652,2117,1434,670,0
147,14,652,2117,300,623,0
147,15,652,2117,1559,2032,0
147,16,652,2117,1224,2119,0
147,17,652,2117,838,460,0
147,18,652,2117,352,2688,0
147,19,652,2117,2179,352,0
147,20,652,2117,525,672,0
147,21,652,2117,1652,2883,0
147,22,652,2117,1373,2660,0
147,23,652,2117,2814,1659,0
147,24,652,2117,1449,1659,0
147,25,652,2117,2305,1303,0
147,26,652,2117,769,677,0
147,27,652,2117,2295,2940,0
147,28,652,2117,577,2880,0
147,29,652,2117,1614,2810,0
147,30,652,2117,47,1395,0
147,31,652,2117,2664,803,0
147,32,652,2117,2309,2153,0
147,33,652,2117,2074,2182,0
147,34,652,2117,1554,11,0
147,35,652,2117,1400,2146,0
147,36,652,2117,1795,740,0
147,37,652,2117,931,567,0
147,38,652,2117,1254,1779,0
147,39,652,2117,45,883,0
147,40,652,2117,1359,119,0
147,41,652,2117,2127,1277,0
147,42,652,2117,2925,1375,0
147,43,652,2117,2505,1463,0
147,44,652,2117,1791,2744,0
147,45,652,2117,1916,1718,0
147,46,652,2117,167,2831,0
147,47,652,2117,2315,236,0
147,48,652,2117,1902,1139,0
147,49,652,2117,1443,2554,0
147,50,652,2117,194,2519,0
147,51,652,2117,301,248,0
147,52,652,2117,934,2502,0
147,53,652,2117,343,1045,0
147,54,652,2117,1542,1250,0
147,55,652,2117,2149,1171,0
147,56,652,2117,2055,1783,0
147,57,652,2117,941,1993,0
147,58,652,2117,123,1452,0
147,59,652,2117,2845,2865,0
147,60,652,2117,1089,2442,0
147,61,652,2117,859,1946,0
147,62,652,2117,1024,191,0
147,63,652,2117,640,1179,0
147,64,652,2117,2225,946,0
147,65,652,2117,349,822,0
147,66,652,2117,826,2377,0
147,67,652,2117,1638,96,0
147,68,652,2117,2727,990,0
147,69,652,2117,2915,1910,0
147,70,652,2117,1406,1407,0
147,71,652,2117,2216,2614,0
147,72,652,2117,1497,453,0
147,73,652,2117,1462,1798,0
147,74,652,2117,1212,215,0
147,75,652,2117,2881,2014,0
147,76,652,2117,32,1929,0
147,77,652,2117,2695,266,0
147,78,652,2117,2042,2855,0
147,79,652,2117,193,1354,0
147,80,652,2117,123,892,0
147,81,652,2117,2391,199,0
147,82,652,2117,738,1556,0
147,83,652,2117,656,1512,0
147,84,652,2117,2081,2886,0
147,85,652,2117,2720,2097,0
147,86,652,2117,2245,1289,0
147,87,652,2117,714,2990,0
147,88,652,2117,2800,641,0
147,89,652,2117,2389,2741,0
147,90,652,2117,538,2170,1
147,91,652,2117,2767,2393,0
147,92,652,2117,1270,693,0
147,93,652,2117,2649,133,0
147,94,652,2117,782,2023,0
147,95,652,2117,551,1308,0
147,96,652,2117,2784,254,0
147,97,652,2117,2443,1306,0
147,98,652,2117,1619,1722,0
147,99,652,2117,508,1060,0
147,100,652,2117,2201,1345,0
147,101,652,2117,2587,861,0
147,102,652,2117,2593,412,0
147,103,652,2117,2995,1976,0
147,104,652,2117,2546,755,0
147,105,652,2117,1384,10,0
147,106,652,2117,1458,697,0
147,107,652,2117,52,2157,0
147,108,652,2117,2017,217,0
147,109,652,2117,2750,1252,0
147,110,652,2117,1972,2182,0
147,111,652,2117,736,1220,0
147,112,652,2117,1701,2178,0
147,113,652,2117,27,769,0
147,114,652,2117,148,1215,0
147,115,652,2117,1308,917,0
147,116,652,2117,579,885,0
147,117,652,2117,2737,2060,0
147,118,652,2117,1739,2828,0
147,119,652,2117,1339,2055,0
147,120,652,2117,1479,618,0
147,121,652,2117,1518,2678,0
147,122,652,2117,2663,2085,0
147,123,652,2117,1536,440,0
147,124,652,2117,2347,485,0
147,125,652,2117,2244,1545,0
147,126,652,2117,1821,2562,0
147,127,652,2117,1162,1754,0
147,128,652,2117,476,1205,0
147,129,652,2117,1692,876,0
147,130,652,2117,300,1205,0
147,131,652,2117,2003,1714,0
147,132,652,2117,381,1336,0
147,133,652,2117,2948,2728,0
147,134,652,2117,1258,2583,0
147,135,652,2117,1121,2987,0
147,136,652,2117,2245,575,0
147,137,652,2117,721,430,0
147,138,652,2117,1441,992,0
147,139,652,2117,2326,2998,0
147,140,652,2117,976,329,0
147,141,652,2117,2900,191,0
147,142,652,2117,1962,1771,0
147,143,652,2117,238,1665,0
147,144,652,2117,295,1936,0
147,145,652,2117,1854,141,0
147,146,652,2117,2927,2918,0
147,148,652,2117,1281,1593,0
147,149,652,2117,1093,2355,0
147,150,652,2117,821,2889,0
147,151,652,2117,2640,293,0
147,152,652,2117,2213,1092,0
147,153,652,2117,2554,526,0
147,154,652,2117,773,2759,0
147,155,652,2117,2398,2598,0
147,156,652,2117,352,1773,0
147,157,652,2117,136,1123,0
147,158,652,2117,2533,1961,0
147,159,652,2117,1274,2648,0
147,160,652,2117,2856,1016,0
147,161,652,2117,723,68,0
147,162,652,2117,1849,735,0
147,163,652,2117,1750,564,0
147,164,652,2117,21,376,0
147,165,652,2117,2035,939,0
147,166,652,2117,1752,1825,0
147,167,652,2117,2384,871,0
147,168,652,2117,1034,788,0
147,169,652,2117,1867,2645,0
147,170,652,2117,940,504,0
147,171,652,2117,1519,1618,0
147,172,652,2117,1392,2416,0
147,173,652,2117,1843,947,0
147,174,652,2117,1387,1345,0
147,175,652,2117,2479,1210,0
147,176,652,2117,1555,1680,0
147,177,652,2117,160,2470,0
147,178,652,2117,2692,2143,0
147,179,652,2117,158,2357,0
147,180,652,2117,2335,890,0
147,181,652,2117,1761,1075,0
147,182,652,2117,2099,406,0
148,0,1281,1593,1639,2892,0
148,1,1281,1593,1329,745,0
148,2,1281,1593,443,1218,0
148,3,1281,1593,2514,1181,0
148,4,1281,1593,2286,223,0
148,5,1281,1593,595,2408,0
148,6,1281,1593,1383,2289,0
148,7,1281,1593,1795,201,0
148,8,1281,1593,2598,838,0
148,9,1281,1593,813,1715,0
148,10,1281,1593,1135,391,0
148,11,1281,1593,1132,1878,0
148,12,1281,1593,2041,661,0
148,13,1281,1593,1434,670,0
148,14,1281,1593,300,623,0
148,15,1281,1593,1559,2032,0
148,16,1281,1593,1224,2119,0
148,17,1281,1593,838,460,0
148,18,1281,1593,352,2688,0
148,19,1281,1593,2179,352,0
148,20,1281,1593,525,672,0
148,21,1281,1593,1652,2883,0
148,22,1281,1593,1373,2660,0
148,23,1281,1593,2814,1659,0
148,24,1281,1593,1449,1659,0
148,25,1281,1593,2305,1303,0
148,26,1281,1593,769,677,0
148,27,1281,1593,2295,2940,0
148,28,1281,1593,577,2880,0
148,29,1281,1593,1614,2810,0
148,30,1281,1593,47,1395,0
148,31,1281,1593,2664,803,0
148,32,1281,1593,2309,2153,0
148,33,1281,1593,2074,2182,0
148,34,1281,1593,1554,11,0
148,35,1281,1593,1400,2146,0
148,36,1281,1593,1795,740,0
148,37,1281,1593,931,567,0
148,38,1281,1593,1254,1779,0
148,39,1281,1593,45,883,0
148,40,1281,1593,1359,119,0
148,41,1281,1593,2127,1277,0
148,42,1281,1593,2925,1375,0
148,43,1281,1593,2505,1463,0
148,44,1281,1593,1791,2744,0
148,45,1281,1593,1916,1718,0
148,46,1281,1593,167,2831,0
148,47,1281,1593,2315,236,0
148,48,1281,1593,1902,1139,0
148,49,1281,1593,1443,2554,0
148,50,1281,1593,194,2519,0
148,51,1281,1593,301,248,0
148,52,1281,1593,934,2502,0
148,53,1281,1593,343,1045,0
148,54,1281,1593,1542,1250,0
148,55,1281,1593,2149,1171,0
148,56,1281,1593,2055,1783,0
148,57,1281,1593,941,1993,0
148,58,1281,1593,123,1452,0
148,59,1281,1593,2845,2865,0
148,60,1281,1593,1089,2442,0
148,61,1281,1593,859,1946,0
148,62,1281,1593,1024,191,0
148,63,1281,1593,640,1179,0
148,64,1281,1593,2225,946,0
148,65,1281,1593,349,822,0
148,66,1281,1593,826,2377,0
148,67,1281,1593,1638,96,0
148,68,1281,1593,2727,990,0
148,69,1281,1593,2915,1910,0
148,70,1281,1593,1406,1407,1
148,71,1281,1593,2216,2614,0
148,72,1281,1593,1497,453,0
148,73,1281,1593,1462,1798,0
148,74,1281,1593,1212,215,0
148,75,1281,1593,2881,2014,0
148,76,1281,1593,32,1929,0
148,77,1281,1593,2695,266,0
148,78,1281,1593,2042,2855,0
148,79,1281,1593,193,1354,0
148,80,1281,1593,123,892,0
148,81,1281,1593,2391,199,0
148,82,1281,1593,738,1556,0
148,83,1281,1593,656,1512,0
148,84,1281,1593,2081,2886,0
148,85,1281,1593,2720,2097,0
148,86,1281,1593,2245,1289,0
148,87,1281,1593,714,2990,0
148,88,1281,1593,2800,641,0
148,89,1281,1593,2389,2741,0
148,90,1281,1593,538,2170,0
148,91,1281,1593,2767,2393,0
148,92,1281,1593,1270,693,0
148,93,1281,1593,2649,133,0
148,94,1281,1593,782,2023,0
148,95,1281,1593,551,1308,0
148,96,1281,1593,2784,254,0
148,97,1281,1593,2443,1306,0
148,98,1281,1593,1619,1722,0
148,99,1281,1593,508,1060,0
148,100,1281,1593,2201,1345,0
148,101,1281,1593,2587,861,0
148,102,1281,1593,2593,412,0
148,103,1281,1593,2995,1976,0
148,104,1281,1593,2546,755,0
148,105,1281,1593,1384,10,0
148,106,1281,1593,1458,697,0
148,107,1281,1593,52,2157,0
148,108,1281,1593,2017,217,0
148,109,1281,1593,2750,1252,0
148,110,1281,1593,1972,2182,0
148,111,1281,1593,736,1220,0
148,112,1281,1593,1701,2178,0
148,113,1281,1593,27,769,0
148,114,1281,1593,148,1215,0
148,115,1281,1593,1308,917,0
148,116,1281,1593,579,885,0
148,117,1281,1593,2737,2060,0
148,118,1281,1593,1739,2828,0
148,119,1281,1593,1339,2055,0
148,120,1281,1593,1479,618,0
148,121,1281,1593,1518,2678,0
148,122,1281,1593,2663,2085,0
148,123,1281,1593,1536,440,0
148,124,1281,1593,2347,485,0
148,125,1281,1593,2244,1545,0
148,126,1281,1593,1821,2562,0
148,127,1281,1593,1162,1754,0
148,128,1281,1593,476,1205,0
148,129,1281,1593,1692,876,0
148,130,1281,1593,300,1205,0
148,131,1281,1593,2003,1714,0
148,132,1281,1593,381,1336,0
148,133,1281,1593,2948,2728,0
148,134,1281,1593,1258,2583,0
148,135,1281,1593,1121,2987,0
148,136,1281,1593,2245,575,0
148,137,1281,1593,721,430,0
148,138,1281,1593,1441,992,0
148,139,1281,1593,2326,2998,0
148,140,1281,1593,976,329,0
148,141,1281,1593,2900,191,0
148,142,1281,1593,1962,1771,0
148,143,1281,1593,238,1665,0
148,144,1281,1593,295,1936,0
148,145,1281,1593,1854,141,0
148,146,1281,1593,2927,2918,0
148,147,1281,1593,652,2117,0
148,149,1281,1593,1093,2355,0
148,150,1281,1593,821,2889,0
148,151,1281,1593,2640,293,0
148,152,1281,1593,2213,1092,0
148,153,1281,1593,2554,526,0
148,154,1281,1593,773,2759,0
148,155,1281,1593,2398,2598,0
148,156,1281,1593,352,1773,0
148,157,1281,1593,136,1123,0
148,158,1281,1593,2533,1961,0
148,159,1281,1593,1274,2648,0
148,160,1281,1593,2856,1016,0
148,161,1281,1593,723,68,0
148,162,1281,1593,1849,735,0
148,163,1281,1593,1750,564,0
148,164,1281,1593,21,376,0
148,165,1281,1593,2035,939,0
148,166,1281,1593,1752,1825,0
148,167,1281,1593,2384,871,0
148,168,1281,1593,1034,788,0
148,169,1281,1593,1867,2645,0
148,170,1281,1593,940,504,0
148,171,1281,1593,1519,1618,0
148,172,1281,1593,1392,2416,0
148,173,1281,1593,1843,947,0
148,174,1281,1593,1387,1345,0
148,175,1281,1593,2479,1210,0
148,176,1281,1593,1555,1680,0
148,177,1281,1593,160,2470,0
148,178,1281,1593,2692,2143,0
148,179,1281,1593,158,2357,0
148,180,1281,1593,2335,890,0
148,181,1281,1593,1761,1075,0
148,182,1281,1593,2099,406,0
149,0,1093,2355,1639,2892,0
149,1,1093,2355,1329,745,0
149,2,1093,2355,443,1218,0
149,3,1093,2355,2514,1181,0
149,4,1093,2355,2286,223,0
149,5,1093,2355,595,2408,0
149,6,1093,2355,1383,2289,0
149,7,1093,2355,1795,201,0
149,8,1093,2355,2598,838,0
149,9,1093,2355,813,1715,0
149,10,1093,2355,1135,391,0
149,11,1093,2355,1132,1878,0
149,12,1093,2355,2041,661,0
149,13,1093,2355,1434,670,0
149,14,1093,2355,300,623,0
149,15,1093,2355,1559,2032,0
149,16,1093,2355,1224,2119,0
149,17,1093,2355,838,460,0
149,18,1093,2355,352,2688,0
149,19,1093,2355,2179,352,0
149,20,1093,2355,525,672,0
149,21,1093,2355,1652,2883,0
149,22,1093,2355,1373,2660,0
149,23,1093,2355,2814,1659,0
149,24,1093,2355,1449,1659,0
149,25,1093,2355,2305,1303,0
149,26,1093,2355,769,677,0
149,27,1093,2355,2295,2940,0
149,28,1093,2355,577,2880,0
149,29,1093,2355,1614,2810,0
149,30,1093,2355,47,1395,0
149,31,1093,2355,2664,803,0
149,32,1093,2355,2309,2153,0
149,33,1093,2355,2074,2182,0
149,34,1093,2355,1554,11,0
149,35,1093,2355,1400,2146,0
149,36,1093,2355,1795,740,0
149,37,1093,2355,931,567,0
149,38,1093,2355,1254,1779,0
149,39,1093,2355,45,883,0
149,40,1093,2355,1359,119,0
149,41,1093,2355,2127,1277,0
149,42,1093,2355,2925,1375,0
149,43,1093,2355,2505,1463,0
149,44,1093,2355,1791,2744,0
149,45,1093,2355,1916,1718,0
149,46,1093,2355,167,2831,0
149,47,1093,2355,2315,236,0
149,48,1093,2355,1902,1139,0
149,49,1093,2355,1443,2554,0
149,50,1093,2355,194,2519,0
149,51,1093,2355,301,248,0
149,52,1093,2355,934,2502,0
149,53,1093,2355,343,1045,0
149,54,1093,2355,1542,1250,0
149,55,1093,2355,2149,1171,0
149,56,1093,2355,2055,1783,0
149,57,1093,2355,941,1993,0
149,58,1093,2355,123,1452,0
149,59,1093,2355,2845,2865,0
149,60,1093,2355,1089,2442,1
149,61,1093,2355,859,1946,0
149,62,1093,2355,1024,191,0
149,63,1093,2355,640,1179,0
149,64,1093,2355,2225,946,0
149,65,1093,2355,349,822,0
149,66,1093,2355,826,2377,0
149,67,1093,2355,1638,96,0
149,68,1093,2355,2727,990,0
149,69,1093,2355,2915,1910,0
149,70,1093,2355,1406,1407,0
149,71,1093,2355,2216,2614,0
149,72,1093,2355,1497,453,0
149,73,1093,2355,1462,1798,0
149,74,1093,2355,1212,215,0
149,75,1093,2355,2881,2014,0
149,76,1093,2355,32,1929,0
149,77,1093,2355,2695,266,0
149,78,1093,2355,2042,2855,0
149,79,1093,2355,193,1354,0
149,80,1093,2355,123,892,0
149,81,1093,2355,2391,199,0
149,82,1093,2355,738,1556,0
149,83,1093,2355,656,1512,0
149,84,1093,2355,2081,2886,0
149,85,1093,2355,2720,2097,0
149,86,1093,2355,2245,1289,0
149,87,1093,2355,714,2990,0
149,88,1093,2355,2800,641,0
149,89,1093,2355,2389,2741,0
149,90,1093,2355,538,2170,0
149,91,1093,2355,2767,2393,0
149,92,1093,2355,1270,693,0
149,93,1093,2355,2649,133,0
149,94,1093,2355,782,2023,0
149,95,1093,2355,551,1308,0
149,96,1093,2355,2784,254,0
149,97,1093,2355,2443,1306,0
149,98,1093,2355,1619,1722,0
149,99,1093,2355,508,1060,0
149,100,1093,2355,2201,1345,0
149,101,1093,2355,2587,861,0
149,102,1093,2355,2593,412,0
149,103,1093,2355,2995,1976,0
149,104,1093,2355,2546,755,0
149,105,1093,2355,1384,10,0
149,106,1093,2355,1458,697,0
149,107,1093,2355,52,2157,0
149,108,1093,2355,2017,217,0
149,109,1093,2355,2750,1252,0
149,110,1093,2355,1972,2182,0
149,111,1093,2355,736,1220,0
149,112,1093,2355,1701,2178,0
149,113,1093,2355,27,769,0
149,114,1093,2355,148,1215,0
149,115,1093,2355,1308,917,0
149,116,1093,2355,579,885,0
149,117,1093,2355,2737,2060,0
149,118,1093,2355,1739,2828,0
149,119,1093,2355,1339,2055,0
149,120,1093,2355,1479,618,0
149,121,1093,2355,1518,2678,0
149,122,1093,2355,2663,2085,0
149,123,1093,2355,1536,440,0
149,124,1093,2355,2347,485,0
149,125,1093,2355,2244,1545,0
149,126,1093,2355,1821,2562,0
149,127,1093,2355,1162,1754,0
149,128,1093,2355,476,1205,0
149,129,1093,2355,1692,876,0
149,130,1093,2355,300,1205,0
149,131,1093,2355,2003,1714,0
149,132,1093,2355,381,1336,0
149,133,1093,2355,2948,2728,0
149,134,1093,2355,1258,2583,0
149,135,1093,2355,1121,2987,0
149,136,1093,2355,2245,575,0
149,137,1093,2355,721,430,0
149,138,1093,2355,1441,992,0
149,139,1093,2355,2326,2998,0
149,140,1093,2355,976,329,0
149,141,1093,2355,2900,191,0
149,142,1093,2355,1962,1771,0
149,143,1093,2355,238,1665,0
149,144,1093,2355,295,1936,0
149,145,1093,2355,1854,141,0
149,146,1093,2355,2927,2918,0
149,147,1093,2355,652,2117,0
149,148,1093,2355,1281,1593,0
149,150,1093,2355,821,2889,0
149,151,1093,2355,2640,293,0
149,152,1093,2355,2213,1092,0
149,153,1093,2355,2554,526,0
149,154,1093,2355,773,2759,0
149,155,1093,2355,2398,2598,0
149,156,1093,2355,352,1773,0
149,157,1093,2355,136,1123,0
149,158,1093,2355,2533,1961,0
149,159,1093,2355,1274,2648,0
149,160,1093,2355,2856,1016,0
149,161,1093,2355,723,68,0
149,162,1093,2355,1849,735,0
149,163,1093,2355,1750,564,0
149,164,1093,2355,21,376,0
149,165,1093,2355,2035,939,0
149,166,1093,2355,1752,1825,0
149,167,1093,2355,2384,871,0
149,168,1093,2355,1034,788,0
149,169,1093,2355,1867,2645,0
149,170,1093,2355,940,504,0
149,171,1093,2355,1519,1618,0
149,172,1093,2355,1392,2416,0
149,173,1093,2355,1843,947,0
149,174,1093,2355,1387,1345,0
149,175,1093,2355,2479,1210,0
149,176,1093,2355,1555,1680,0
149,177,1093,2355,160,2470,0
149,178,1093,2355,2692,2143,0
149,179,1093,2355,158,2357,0
149,180,1093,2355,2335,890,0
149,181,1093,2355,1761,1075,0
149,182,1093,2355,2099,406,0
150,0,821,2889,1639,2892,0
150,1,821,2889,1329,745,0
150,2,821,2889,443,1218,0
150,3,821,2889,2514,1181,0
150,4,821,2889,2286,223,0
150,5,821,2889,595,2408,0
150,6,821,2889,1383,2289,0
150,7,821,2889,1795,201,0
150,8,821,2889,2598,838,0
150,9,821,2889,813,1715,0
150,10,821,2889,1135,391,0
150,11,821,2889,1132,1878,0
150,12,821,2889,2041,661,0
150,13,821,2889,1434,670,0
150,14,821,2889,300,623,0
150,15,821,2889,1559,2032,0
150,16,821,2889,1224,2119,0
150,17,821,2889,838,460,0
150,18,821,2889,352,2688,0
150,19,821,2889,2179,352,0
150,20,821,2889,525,672,0
150,21,821,2889,1652,2883,0
150,22,821,2889,1373,2660,0
150,23,821,2889,2814,1659,0
150,24,821,2889,1449,1659,0
150,25,821,2889,2305,1303,0
150,26,821,2889,769,677,0
150,27,821,2889,2295,2940,0
150,28,821,2889,577,2880,0
150,29,821,2889,1614,2810,0
150,30,821,2889,47,1395,0
150,31,821,2889,2664,803,0
150,32,821,2889,2309,2153,0
150,33,821,2889,2074,2182,0
150,34,821,2889,1554,11,0
150,35,821,2889,1400,2146,0
150,36,821,2889,1795,740,0
150,37,821,2889,931,567,0
150,38,821,2889,1254,1779,0
150,39,821,2889,45,883,0
150,40,821,2889,1359,119,0
150,41,821,2889,2127,1277,0
150,42,821,2889,2925,1375,0
150,43,821,2889,2505,1463,0
150,44,821,2889,1791,2744,0
150,45,821,2889,1916,1718,0
150,46,821,2889,167,2831,0
150,47,821,2889,2315,236,0
150,48,821,2889,1902,1139,0
150,49,821,2889,1443,2554,0
150,50,821,2889,194,2519,0
150,51,821,2889,301,248,0
150,52,821,2889,934,2502,0
150,53,821,2889,343,1045,0
150,54,821,2889,1542,1250,0
150,55,821,2889,2149,1171,0
150,56,821,2889,2055,1783,0
150,57,821,2889,941,1993,0
150,58,821,2889,123,1452,0
150,59,821,2889,2845,2865,0
150,60,821,2889,1089,2442,0
150,61,821,2889,859,1946,0
150,62,821,2889,1024,191,0
150,63,821,2889,640,1179,0
150,64,821,2889,2225,946,0
150,65,821,2889,349,822,0
150,66,821,2889,826,2377,0
150,67,821,2889,1638,96,0
150,68,821,2889,2727,990,0
150,69,821,2889,2915,1910,0
150,70,821,2889,1406,1407,0
150,71,821,2889,2216,2614,0
150,72,821,2889,1497,453,0
150,73,821,2889,1462,1798,0
150,74,821,2889,1212,215,0
150,75,821,2889,2881,2014,0
150,76,821,2889,32,1929,0
150,77,821,2889,2695,266,0
150,78,821,2889,2042,2855,0
150,79,821,2889,193,1354,0
150,80,821,2889,123,892,0
150,81,821,2889,2391,199,0
150,82,821,2889,738,1556,0
150,83,821,2889,656,1512,0
150,84,821,2889,2081,2886,0
150,85,821,2889,2720,2097,0
150,86,821,2889,2245,1289,0
150,87,821,2889,714,2990,0
150,88,821,2889,2800,641,0
150,89,821,2889,2389,2741,0
150,90,821,2889,538,2170,0
150,91,821,2889,2767,2393,0
150,92,821,2889,1270,693,0
150,93,821,2889,2649,133,0
150,94,821,2889,782,2023,0
150,95,821,2889,551,1308,0
150,96,821,2889,2784,254,0
150,97,821,2889,2443,1306,0
150,98,821,2889,1619,1722,0
150,99,821,2889,508,1060,0
150,100,821,2889,2201,1345,0
150,101,821,2889,2587,861,0
150,102,821,2889,2593,412,0
150,103,821,2889,2995,1976,0
150,104,821,2889,2546,755,0
150,105,821,2889,1384,10,0
150,106,821,2889,1458,697,0
150,107,821,2889,52,2157,0
150,108,821,2889,2017,217,0
150,109,821,2889,2750,1252,0
150,110,821,2889,1972,2182,0
150,111,821,2889,736,1220,0
150,112,821,2889,1701,2178,0
150,113,821,2889,27,769,0
150,114,821,2889,148,1215,0
150,115,821,2889,1308,917,0
150,116,821,2889,579,885,0
150,117,821,2889,2737,2060,0
150,118,821,2889,1739,2828,0
150,119,821,2889,1339,2055,0
150,120,821,2889,1479,618,0
150,121,821,2889,1518,2678,0
150,122,821,2889,2663,2085,0
150,123,821,2889,1536,440,0
150,124,821,2889,2347,485,0
150,125,821,2889,2244,1545,0
150,126,821,2889,1821,2562,0
150,127,821,2889,1162,1754,0
150,128,821,2889,476,1205,0
150,129,821,2889,1692,876,0
150,130,821,2889,300,1205,0
150,131,821,2889,2003,1714,0
150,132,821,2889,381,1336,0
150,133,821,2889,2948,2728,0
150,134,821,2889,1258,2583,0
150,135,821,2889,1121,2987,0
150,136,821,2889,2245,575,0
150,137,821,2889,721,430,0
150,138,821,2889,1441,992,0
150,139,821,2889,2326,2998,0
150,140,821,2889,976,329,0
150,141,821,2889,2900,191,0
150,142,821,2889,1962,1771,0
150,143,821,2889,238,1665,0
150,144,821,2889,295,1936,0
150,145,821,2889,1854,141,0
150,146,821,2889,2927,2918,0
150,147,821,2889,652,2117,0
150,148,821,2889,1281,1593,0
150,149,821,2889,1093,2355,0
150,151,821,2889,2640,293,0
150,152,821,2889,2213,1092,0
150,153,821,2889,2554,526,0
150,154,821,2889,773,2759,1
150,155,821,2889,2398,2598,0
150,156,821,2889,352,1773,0
150,157,821,2889,136,1123,0
150,158,821,2889,2533,1961,0
150,159,821,2889,1274,2648,0
150,160,821,2889,2856,1016,0
150,161,821,2889,723,68,0
150,162,821,2889,1849,735,0
150,163,821,2889,1750,564,0
150,164,821,2889,21,376,0
150,165,821,2889,2035,939,0
150,166,821,2889,1752,1825,0
150,167,821,2889,2384,871,0
150,168,821,2889,1034,788,0
150,169,821,2889,1867,2645,0
150,170,821,2889,940,504,0
150,171,821,2889,1519,1618,0
150,172,821,2889,1392,2416,0
150,173,821,2889,1843,947,0
150,174,821,2889,1387,1345,0
150,175,821,2889,2479,1210,0
150,176,821,2889,1555,1680,0
150,177,821,2889,160,2470,0
150,178,821,2889,2692,2143,0
150,179,821,2889,158,2357,0
150,180,821,2889,2335,890,0
150,181,821,2889,1761,1075,0
150,182,821,2889,2099,406,0
151,0,2640,293,1639,2892,0
151,1,2640,293,1329,745,0
151,2,2640,293,443,1218,0
151,3,2640,293,2514,1181,0
151,4,2640,293,2286,223,0
151,5,2640,293,595,2408,0
151,6,2640,293,1383,2289,0
151,7,2640,293,1795,201,0
151,8,2640,293,2598,838,0
151,9,2640,293,813,1715,0
151,10,2640,293,1135,391,0
151,11,2640,293,1132,1878,0
151,12,2640,293,2041,661,0
151,13,2640,293,1434,670,0
151,14,2640,293,300,623,0
151,15,2640,293,1559,2032,0
151,16,2640,293,1224,2119,0
151,17,2640,293,838,460,0
151,18,2640,293,352,2688,0
151,19,2640,293,2179,352,0
151,20,2640,293,525,672,0
151,21,2640,293,1652,2883,0
151,22,2640,293,1373,2660,0
151,23,2640,293,2814,1659,0
151,24,2640,293,1449,1659,0
151,25,2640,293,2305,1303,0
151,26,2640,293,769,677,0
151,27,2640,293,2295,2940,0
151,28,2640,293,577,2880,0
151,29,2640,293,1614,2810,0
151,30,2640,293,47,1395,0
151,31,2640,293,2664,803,0
151,32,2640,293,2309,2153,0
151,33,2640,293,2074,2182,0
151,34,2640,293,1554,11,0
151,35,2640,293,1400,2146,0
151,36,2640,293,1795,740,0
151,37,2640,293,931,567,0
151,38,2640,293,1254,1779,0
151,39,2640,293,45,883,0
151,40,2640,293,1359,119,0
151,41,2640,293,2127,1277,0
151,42,2640,293,2925,1375,0
151,43,2640,293,2505,1463,0
151,44,2640,293,1791,2744,0
151,45,2640,293,1916,1718,0
151,46,2640,293,167,2831,0
151,47,2640,293,2315,236,0
151,48,2640,293,1902,1139,0
151,49,2640,293,1443,2554,0
151,50,2640,293,194,2519,0
151,51,2640,293,301,248,0
151,52,2640,293,934,2502,0
151,53,2640,293,343,1045,0
151,54,2640,293,1542,1250,0
151,55,2640,293,2149,1171,0
151,56,2640,293,2055,1783,0
151,57,2640,293,941,1993,0
151,58,2640,293,123,1452,0
151,59,2640,293,2845,2865,0
151,60,2640,293,1089,2442,0
151,61,2640,293,859,1946,0
151,62,2640,293,1024,191,0
151,63,2640,293,640,1179,0
151,64,2640,293,2225,946,0
151,65,2640,293,349,822,0
151,66,2640,293,826,2377,0
151,67,2640,293,1638,96,0
151,68,2640,293,2727,990,0
151,69,2640,293,2915,1910,0
151,70,2640,293,1406,1407,0
151,71,2640,293,2216,2614,0
151,72,2640,293,1497,453,0
151,73,2640,293,1462,1798,0
151,74,2640,293,1212,215,0
151,75,2640,293,2881,2014,0
151,76,2640,293,32,1929,0
151,77,2640,293,2695,266,0
151,78,2640,293,2042,2855,0
151,79,2640,293,193,1354,0
151,80,2640,293,123,892,0
151,81,2640,293,2391,199,0
151,82,2640,293,738,1556,0
151,83,2640,293,656,1512,0
151,84,2640,293,2081,2886,0
151,85,2640,293,2720,2097,0
151,86,2640,293,2245,1289,0
151,87,2640,293,714,2990,0
151,88,2640,293,2800,641,0
151,89,2640,293,2389,2741,0
151,90,2640,293,538,2170,0
151,91,2640,293,2767,2393,0
151,92,2640,293,1270,693,0
151,93,2640,293,2649,133,0
151,94,2640,293,782,2023,0
151,95,2640,293,551,1308,0
151,96,2640,293,2784,254,0
151,97,2640,293,2443,1306,0
151,98,2640,293,1619,1722,0
151,99,2640,293,508,1060,0
151,100,2640,293,2201,1345,0
151,101,2640,293,2587,861,0
151,102,2640,293,2593,412,1
151,103,2640,293,2995,1976,0
151,104,2640,293,2546,755,0
151,105,2640,293,1384,10,0
151,106,2640,293,1458,697,0
151,107,2640,293,52,2157,0
151,108,2640,293,2017,217,0
151,109,2640,293,2750,1252,0
151,110,2640,293,1972,2182,0
151,111,2640,293,736,1220,0
151,112,2640,293,1701,2178,0
151,113,2640,293,27,769,0
151,114,2640,293,148,1215,0
151,115,2640,293,1308,917,0
151,116,2640,293,579,885,0
151,117,2640,293,2737,2060,0
151,118,2640,293,1739,2828,0
151,119,2640,293,1339,2055,0
151,120,2640,293,1479,618,0
151,121,2640,293,1518,2678,0
151,122,2640,293,2663,2085,0
151,123,2640,293,1536,440,0
151,124,2640,293,2347,485,0
151,125,2640,293,2244,1545,0
151,126,2640,293,1821,2562,0
151,127,2640,293,1162,1754,0
151,128,2640,293,476,1205,0
151,129,2640,293,1692,876,0
151,130,2640,293,300,1205,0
151,131,2640,293,2003,1714,0
151,132,2640,293,381,1336,0
151,133,2640,293,2948,2728,0
151,134,2640,293,1258,2583,0
151,135,2640,293,1121,2987,0
151,136,2640,293,2245,575,0
151,137,2640,293,721,430,0
151,138,2640,293,1441,992,0
151,139,2640,293,2326,2998,0
151,140,2640,293,976,329,0
151,141,2640,293,2900,191,0
151,142,2640,293,1962,1771,0
151,143,2640,293,238,1665,0
151,144,2640,293,295,1936,0
151,145,2640,293,1854,141,0
151,146,2640,293,2927,2918,0
151,147,2640,293,652,2117,0
151,148,2640,293,1281,1593,0
151,149,2640,293,1093,2355,0
151,150,2640,293,821,2889,0
151,152,2640,293,2213,1092,0
151,153,2640,293,2554,526,0
151,154,2640,293,773,2759,0
151,155,2640,293,2398,2598,0
151,156,2640,293,352,1773,0
151,157,2640,293,136,1123,0
151,158,2640,293,2533,1961,0
151,159,2640,293,1274,2648,0
151,160,2640,293,2856,1016,0
151,161,2640,293,723,68,0
151,162,2640,293,1849,735,0
151,163,2640,293,1750,564,0
151,164,2640,293,21,376,0
151,165,2640,293,2035,939,0
151,166,2640,293,1752,1825,0
151,167,2640,293,2384,871,0
151,168,2640,293,1034,788,0
151,169,2640,293,1867,2645,0
151,170,2640,293,940,504,0
151,171,2640,293,1519,1618,0
151,172,2640,293,1392,2416,0
151,173,2640,293,1843,947,0
151,174,2640,293,1387,1345,0
151,175,2640,293,2479,1210,0
151,176,2640,293,1555,1680,0
151,177,2640,293,160,2470,0
151,178,2640,293,2692,2143,0
151,179,2640,293,158,2357,0
151,180,2640,293,2335,890,0
151,181,2640,293,1761,1075,0
151,182,2640,293,2099,406,0
152,0,2213,1092,1639,2892,0
152,1,2213,1092,1329,745,0
152,2,2213,1092,443,1218,0
152,3,2213,1092,2514,1181,0
152,4,2213,1092,2286,223,0
152,5,2213,1092,595,2408,0
152,6,2213,1092,1383,2289,0
152,7,2213,1092,1795,201,0
152,8,2213,1092,2598,838,0
152,9,2213,1092,813,1715,0
152,10,2213,1092,1135,391,0
152,11,2213,1092,1132,1878,0
152,12,2213,1092,2041,661,0
152,13,2213,1092,1434,670,0
152,14,2213,1092,300,623,0
152,15,2213,1092,1559,2032,0
152,16,2213,1092,1224,2119,0
152,17,2213,1092,838,460,0
152,18,2213,1092,352,2688,0
152,19,2213,1092,2179,352,0
152,20,2213,1092,525,672,0
152,21,2213,1092,1652,2883,0
152,22,2213,1092,1373,2660,0
152,23,2213,1092,2814,1659,0
152,24,2213,1092,1449,1659,0
152,25,2213,1092,2305,1303,0
152,26,2213,1092,769,677,0
152,27,2213,1092,2295,2940,0
152,28,2213,1092,577,2880,0
152,29,2213,1092,1614,2810,0
152,30,2213,1092,47,1395,0
152,31,2213,1092,2664,803,0
152,32,2213,1092,2309,2153,0
152,33,2213,1092,2074,2182,0
152,34,2213,1092,1554,11,0
152,35,2213,1092,1400,2146,0
152,36,2213,1092,1795,740,0
152,37,2213,1092,931,567,0
152,38,2213,1092,1254,1779,0
152,39,2213,1092,45,883,0
152,40,2213,1092,1359,119,0
152,41,2213,1092,2127,1277,0
152,42,2213,1092,2925,1375,0
152,43,2213,1092,2505,1463,0
152,44,2213,1092,1791,2744,0
152,45,2213,1092,1916,1718,0
152,46,2213,1092,167,2831,0
152,47,2213,1092,2315,236,0
152,48,2213,1092,1902,1139,0
152,49,2213,1092,1443,2554,0
152,50,2213,1092,194,2519,0
152,51,2213,1092,301,248,0
152,52,2213,1092,934,2502,0
152,53,2213,1092,343,1045,0
152,54,2213,1092,1542,1250,0
152,55,2213,1092,2149,1171,1
152,56,2213,1092,2055,1783,0
152,57,2213,1092,941,1993,0
152,58,2213,1092,123,1452,0
152,59,2213,1092,2845,2865,0
152,60,2213,1092,1089,2442,0
152,61,2213,1092,859,1946,0
152,62,2213,1092,1024,191,0
152,63,2213,1092,640,1179,0
152,64,2213,1092,2225,946,0
152,65,2213,1092,349,822,0
152,66,2213,1092,826,2377,0
152,67,2213,1092,1638,96,0
152,68,2213,1092,2727,990,0
152,69,2213,1092,2915,1910,0
152,70,2213,1092,1406,1407,0
152,71,2213,1092,2216,2614,0
152,72,2213,1092,1497,453,0
152,73,2213,1092,1462,1798,0
152,74,2213,1092,1212,215,0
152,75,2213,1092,2881,2014,0
152,76,2213,1092,32,1929,0
152,77,2213,1092,2695,266,0
152,78,2213,1092,2042,2855,0
152,79,2213,1092,193,1354,0
152,80,2213,1092,123,892,0
152,81,2213,1092,2391,199,0
152,82,2213,1092,738,1556,0
152,83,2213,1092,656,1512,0
152,84,2213,1092,2081,2886,0
152,85,2213,1092,2720,2097,0
152,86,2213,1092,2245,1289,0
152,87,2213,1092,714,2990,0
152,88,2213,1092,2800,641,0
152,89,2213,1092,2389,2741,0
152,90,2213,1092,538,2170,0
152,91,2213,1092,2767,2393,0
152,92,2213,1092,1270,693,0
152,93,2213,1092,2649,133,0
152,94,2213,1092,782,2023,0
152,95,2213,1092,551,1308,0
152,96,2213,1092,2784,254,0
152,97,2213,1092,2443,1306,0
152,98,2213,1092,1619,1722,0
152,99,2213,1092,508,1060,0
152,100,2213,1092,2201,1345,0
152,101,2213,1092,2587,861,0
152,102,2213,1092,2593,412,0
152,103,2213,1092,2995,1976,0
152,104,2213,1092,2546,755,0
152,105,2213,1092,1384,10,0
152,106,2213,1092,1458,697,0
152,107,2213,1092,52,2157,0
152,108,2213,1092,2017,217,0
152,109,2213,1092,2750,1252,0
152,110,2213,1092,1972,2182,0
152,111,2213,1092,736,1220,0
152,112,2213,1092,1701,2178,0
152,113,2213,1092,27,769,0
152,114,2213,1092,148,1215,0
152,115,2213,1092,1308,917,0
152,116,2213,1092,579,885,0
152,117,2213,1092,2737,2060,0
152,118,2213,1092,1739,2828,0
152,119,2213,1092,1339,2055,0
152,120,2213,1092,1479,618,0
152,121,2213,1092,1518,2678,0
152,122,2213,1092,2663,2085,0
152,123,2213,1092,1536,440,0
152,124,2213,1092,2347,485,0
152,125,2213,1092,2244,1545,0
152,126,2213,1092,1821,2562,0
152,127,2213,1092,1162,1754,0
152,128,2213,1092,476,1205,0
152,129,2213,1092,1692,876,0
152,130,2213,1092,300,1205,0
152,131,2213,1092,2003,1714,0
152,132,2213,1092,381,1336,0
152,133,2213,1092,2948,2728,0
152,134,2213,1092,1258,2583,0
152,135,2213,1092,1121,2987,0
152,136,2213,1092,2245,575,0
152,137,2213,1092,721,430,0
152,138,2213,1092,1441,992,0
152,139,2213,1092,2326,2998,0
152,140,2213,1092,976,329,0
152,141,2213,1092,2900,191,0
152,142,2213,1092,1962,1771,0
152,143,2213,1092,238,1665,0
152,144,2213,1092,295,1936,0
152,145,2213,1092,1854,141,0
152,146,2213,1092,2927,2918,0
152,147,2213,1092,652,2117,0
152,148,2213,1092,1281,1593,0
152,149,2213,1092,1093,2355,0
152,150,2213,1092,821,2889,0
152,151,2213,1092,2640,293,0
152,153,2213,1092,2554,526,0
152,154,2213,1092,773,2759,0
152,155,2213,1092,2398,2598,0
152,156,2213,1092,352,1773,0
152,157,2213,1092,136,1123,0
152,158,2213,1092,2533,1961,0
152,159,2213,1092,1274,2648,0
152,160,2213,1092,2856,1016,0
152,161,2213,1092,723,68,0
152,162,2213,1092,1849,735,0
152,163,2213,1092,1750,564,0
152,164,2213,1092,21,376,0
152,165,2213,1092,2035,939,0
152,166,2213,1092,1752,1825,0
152,167,2213,1092,2384,871,0
152,168,2213,1092,1034,788,0
152,169,2213,1092,1867,2645,0
152,170,2213,1092,940,504,0
152,171,2213,1092,1519,1618,0
152,172,2213,1092,1392,2416,0
152,173,2213,1092,1843,947,0
152,174,2213,1092,1387,1345,0
152,175,2213,1092,2479,1210,0
152,176,2213,1092,1555,1680,0
152,177,2213,1092,160,2470,0
152,178,2213,1092,2692,2143,0
152,179,2213,1092,158,2357,0
152,180,2213,1092,2335,890,0
152,181,2213,1092,1761,1075,0
152,182,2213,1092,2099,406,0
153,0,2554,526,1639,2892,0
153,1,2554,526,1329,745,0
153,2,2554,526,443,1218,0
153,3,2554,526,2514,1181,0
153,4,2554,526,2286,223,0
153,5,2554,526,595,2408,0
153,6,2554,526,1383,2289,0
153,7,2554,526,1795,201,0
153,8,2554,526,2598,838,0
153,9,2554,526,813,1715,0
153,10,2554,526,1135,391,0
153,11,2554,526,1132,1878,0
153,12,2554,526,2041,661,0
153,13,2554,526,1434,670,0
153,14,2554,526,300,623,0
153,15,2554,526,1559,2032,0
153,16,2554,526,1224,2119,0
153,17,2554,526,838,460,0
153,18,2554,526,352,2688,0
153,19,2554,526,2179,352,0
153,20,2554,526,525,672,0
153,21,2554,526,1652,2883,0
153,22,2554,526,1373,2660,0
153,23,2554,526,2814,1659,0
153,24,2554,526,1449,1659,0
153,25,2554,526,2305,1303,0
153,26,2554,526,769,677,0
153,27,2554,526,2295,2940,0
153,28,2554,526,577,2880,0
153,29,2554,526,1614,2810,0
153,30,2554,526,47,1395,0
153,31,2554,526,2664,803,0
153,32,2554,526,2309,2153,0
153,33,2554,526,2074,2182,0
153,34,2554,526,1554,11,0
153,35,2554,526,1400,2146,0
153,36,2554,526,1795,740,0
153,37,2554,526,931,567,0
153,38,2554,526,1254,1779,0
153,39,2554,526,45,883,0
153,40,2554,526,1359,119,0
153,41,2554,526,2127,1277,0
153,42,2554,526,2925,1375,0
153,43,2554,526,2505,1463,0
153,44,2554,526,1791,2744,0
153,45,2554,526,1916,1718,0
153,46,2554,526,167,2831,0
153,47,2554,526,2315,236,0
153,48,2554,526,1902,1139,0
153,49,2554,526,1443,2554,0
153,50,2554,526,194,2519,0
153,51,2554,526,301,248,0
153,52,2554,526,934,2502,0
153,53,2554,526,343,1045,0
153,54,2554,526,1542,1250,0
153,55,2554,526,2149,1171,0
153,56,2554,526,2055,1783,0
153,57,2554,526,941,1993,0
153,58,2554,526,123,1452,0
153,59,2554,526,2845,2865,0
153,60,2554,526,1089,2442,0
153,61,2554,526,859,1946,0
153,62,2554,526,1024,191,0
153,63,2554,526,640,1179,0
153,64,2554,526,2225,946,0
153,65,2554,526,349,822,0
153,66,2554,526,826,2377,0
153,67,2554,526,1638,96,0
153,68,2554,526,2727,990,0
153,69,2554,526,2915,1910,0
153,70,2554,526,1406,1407,0
153,71,2554,526,2216,2614,0
153,72,2554,526,1497,453,0
153,73,2554,526,1462,1798,0
153,74,2554,526,1212,215,0
153,75,2554,526,2881,2014,0
153,76,2554,526,32,1929,0
153,77,2554,526,2695,266,0
153,78,2554,526,2042,2855,0
153,79,2554,526,193,1354,0
153,80,2554,526,123,892,0
153,81,2554,526,2391,199,0
153,82,2554,526,738,1556,0
153,83,2554,526,656,1512,0
153,84,2554,526,2081,2886,0
153,85,2554,526,2720,2097,0
153,86,2554,526,2245,1289,0
153,87,2554,526,714,2990,0
153,88,2554,526,2800,641,0
153,89,2554,526,2389,2741,0
153,90,2554,526,538,2170,0
153,91,2554,526,2767,2393,0
153,92,2554,526,1270,693,0
153,93,2554,526,2649,133,0
153,94,2554,526,782,2023,0
153,95,2554,526,551,1308,0
153,96,2554,526,2784,254,0
153,97,2554,526,2443,1306,0
153,98,2554,526,1619,1722,0
153,99,2554,526,508,1060,0
153,100,2554,526,2201,1345,0
153,101,2554,526,2587,861,0
153,102,2554,526,2593,412,0
153,103,2554,526,2995,1976,0
153,104,2554,526,2546,755,0
153,105,2554,526,1384,10,0
153,106,2554,526,1458,697,0
153,107,2554,526,52,2157,0
153,108,2554,526,2017,217,0
153,109,2554,526,2750,1252,0
153,110,2554,526,1972,2182,0
153,111,2554,526,736,1220,0
153,112,2554,526,1701,2178,0
153,113,2554,526,27,769,0
153,114,2554,526,148,1215,0
153,115,2554,526,1308,917,0
153,116,2554,526,579,885,0
153,117,2554,526,2737,2060,0
153,118,2554,526,1739,2828,0
153,119,2554,526,1339,2055,0
153,120,2554,526,1479,618,0
153,121,2554,526,1518,2678,0
153,122,2554,526,2663,2085,0
153,123,2554,526,1536,440,0
153,124,2554,526,2347,485,1
153,125,2554,526,2244,1545,0
153,126,2554,526,1821,2562,0
153,127,2554,526,1162,1754,0
153,128,2554,526,476,1205,0
153,129,2554,526,1692,876,0
153,130,2554,526,300,1205,0
153,131,2554,526,2003,1714,0
153,132,2554,526,381,1336,0
153,133,2554,526,2948,2728,0
153,134,2554,526,1258,2583,0
153,135,2554,526,1121,2987,0
153,136,2554,526,2245,575,0
153,137,2554,526,721,430,0
153,138,2554,526,1441,992,0
153,139,2554,526,2326,2998,0
153,140,2554,526,976,329,0
153,141,2554,526,2900,191,0
153,142,2554,526,1962,1771,0
153,143,2554,526,238,1665,0
153,144,2554,526,295,1936,0
153,145,2554,526,1854,141,0
153,146,2554,526,2927,2918,0
153,147,2554,526,652,2117,0
153,148,2554,526,1281,1593,0
153,149,2554,526,1093,2355,0
153,150,2554,526,821,2889,0
153,151,2554,526,2640,293,0
153,152,2554,526,2213,1092,0
153,154,2554,526,773,2759,0
153,155,2554,526,2398,2598,0
153,156,2554,526,352,1773,0
153,157,2554,526,136,1123,0
153,158,2554,526,2533,1961,0
153,159,2554,526,1274,2648,0
153,160,2554,526,2856,1016,0
153,161,2554,526,723,68,0
153,162,2554,526,1849,735,0
153,163,2554,526,1750,564,0
153,164,2554,526,21,376,0
153,165,2554,526,2035,939,0
153,166,2554,526,1752,1825,0
153,167,2554,526,2384,871,0
153,168,2554,526,1034,788,0
153,169,2554,526,1867,2645,0
153,170,2554,526,940,504,0
153,171,2554,526,1519,1618,0
153,172,2554,526,1392,2416,0
153,173,2554,526,1843,947,0
153,174,2554,526,1387,1345,0
153,175,2554,526,2479,1210,0
153,176,2554,526,1555,1680,0
153,177,2554,526,160,2470,0
153,178,2554,526,2692,2143,0
153,179,2554,526,158,2357,0
153,180,2554,526,2335,890,0
153,181,2554,526,1761,1075,0
153,182,2554,526,2099,406,0
154,0,773,2759,1639,2892,0
154,1,773,2759,1329,745,0
154,2,773,2759,443,1218,0
154,3,773,2759,2514,1181,0
154,4,773,2759,2286,223,0
154,5,773,2759,595,2408,0
154,6,773,2759,1383,2289,0
154,7,773,2759,1795,201,0
154,8,773,2759,2598,838,0
154,9,773,2759,813,1715,0
154,10,773,2759,1135,391,0
154,11,773,2759,1132,1878,0
154,12,773,2759,2041,661,0
154,13,773,2759,1434,670,0
154,14,773,2759,300,623,0
154,15,773,2759,1559,2032,0
154,16,773,2759,1224,2119,0
154,17,773,2759,838,460,0
154,18,773,2759,352,2688,0
154,19,773,2759,2179,352,0
154,20,773,2759,525,672,0
154,21,773,2759,1652,2883,0
154,22,773,2759,1373,2660,0
154,23,773,2759,2814,1659,0
154,24,773,2759,1449,1659,0
154,25,773,2759,2305,1303,0
154,26,773,2759,769,677,0
154,27,773,2759,2295,2940,0
154,28,773,2759,577,2880,0
154,29,773,2759,1614,2810,0
154,30,773,2759,47,1395,0
154,31,773,2759,2664,803,0
154,32,773,2759,2309,2153,0
154,33,773,2759,2074,2182,0
154,34,773,2759,1554,11,0
154,35,773,2759,1400,2146,0
154,36,773,2759,1795,740,0
154,37,773,2759,931,567,0
154,38,773,2759,1254,1779,0
154,39,773,2759,45,883,0
154,40,773,2759,1359,119,0
154,41,773,2759,2127,1277,0
154,42,773,2759,2925,1375,0
154,43,773,2759,2505,1463,0
154,44,773,2759,1791,2744,0
154,45,773,2759,1916,1718,0
154,46,773,2759,167,2831,0
154,47,773,2759,2315,236,0
154,48,773,2759,1902,1139,0
154,49,773,2759,1443,2554,0
154,50,773,2759,194,2519,0
154,51,773,2759,301,248,0
154,52,773,2759,934,2502,0
154,53,773,2759,343,1045,0
154,54,773,2759,1542,1250,0
154,55,773,2759,2149,1171,0
154,56,773,2759,2055,1783,0
154,57,773,2759,941,1993,0
154,58,773,2759,123,1452,0
154,59,773,2759,2845,2865,0
154,60,773,2759,1089,2442,0
154,61,773,2759,859,1946,0
154,62,773,2759,1024,191,0
154,63,773,2759,640,1179,0
154,64,773,2759,2225,946,0
154,65,773,2759,349,822,0
154,66,773,2759,826,2377,0
154,67,773,2759,1638,96,0
154,68,773,2759,2727,990,0
154,69,773,2759,2915,1910,0
154,70,773,2759,1406,1407,0
154,71,773,2759,2216,2614,0
154,72,773,2759,1497,453,0
154,73,773,2759,1462,1798,0
154,74,773,2759,1212,215,0
154,75,773,2759,2881,2014,0
154,76,773,2759,32,1929,0
154,77,773,2759,2695,266,0
154,78,773,2759,2042,2855,0
154,79,773,2759,193,1354,0
154,80,773,2759,123,892,0
154,81,773,2759,2391,199,0
154,82,773,2759,738,1556,0
154,83,773,2759,656,1512,0
154,84,773,2759,2081,2886,0
154,85,773,2759,2720,2097,0
154,86,773,2759,2245,1289,0
154,87,773,2759,714,2990,1
154,88,773,2759,2800,641,0
154,89,773,2759,2389,2741,0
154,90,773,2759,538,2170,0
154,91,773,2759,2767,2393,0
154,92,773,2759,1270,693,0
154,93,773,2759,2649,133,0
154,94,773,2759,782,2023,0
154,95,773,2759,551,1308,0
154,96,773,2759,2784,254,0
154,97,773,2759,2443,1306,0
154,98,773,2759,1619,1722,0
154,99,773,2759,508,1060,0
154,100,773,2759,2201,1345,0
154,101,773,2759,2587,861,0
154,102,773,2759,2593,412,0
154,103,773,2759,2995,1976,0
154,104,773,2759,2546,755,0
154,105,773,2759,1384,10,0
154,106,773,2759,1458,697,0
154,107,773,2759,52,2157,0
154,108,773,2759,2017,217,0
154,109,773,2759,2750,1252,0
154,110,773,2759,1972,2182,0
154,111,773,2759,736,1220,0
154,112,773,2759,1701,2178,0
154,113,773,2759,27,769,0
154,114,773,2759,148,1215,0
154,115,773,2759,1308,917,0
154,116,773,2759,579,885,0
154,117,773,2759,2737,2060,0
154,118,773,2759,1739,2828,0
154,119,773,2759,1339,2055,0
154,120,773,2759,1479,618,0
154,121,773,2759,1518,2678,0
154,122,773,2759,2663,2085,0
154,123,773,2759,1536,440,0
154,124,773,2759,2347,485,0
154,125,773,2759,2244,1545,0
154,126,773,2759,1821,2562,0
154,127,773,2759,1162,1754,0
154,128,773,2759,476,1205,0
154,129,773,2759,1692,876,0
154,130,773,2759,300,1205,0
154,131,773,2759,2003,1714,0
154,132,773,2759,381,1336,0
154,133,773,2759,2948,2728,0
154,134,773,2759,1258,2583,0
154,135,773,2759,1121,2987,0
154,136,773,2759,2245,575,0
154,137,773,2759,721,430,0
154,138,773,2759,1441,992,0
154,139,773,2759,2326,2998,0
154,140,773,2759,976,329,0
154,141,773,2759,2900,191,0
154,142,773,2759,1962,1771,0
154,143,773,2759,238,1665,0
154,144,773,2759,295,1936,0
154,145,773,2759,1854,141,0
154,146,773,2759,2927,2918,0
154,147,773,2759,652,2117,0
154,148,773,2759,1281,1593,0
154,149,773,2759,1093,2355,0
154,150,773,2759,821,2889,0
154,151,773,2759,2640,293,0
154,152,773,2759,2213,1092,0
154,153,773,2759,2554,526,0
154,155,773,2759,2398,2598,0
154,156,773,2759,352,1773,0
154,157,773,2759,136,1123,0
154,158,773,2759,2533,1961,0
154,159,773,2759,1274,2648,0
154,160,773,2759,2856,1016,0
154,161,773,2759,723,68,0
154,162,773,2759,1849,735,0
154,163,773,2759,1750,564,0
154,164,773,2759,21,376,0
154,165,773,2759,2035,939,0
154,166,773,2759,1752,1825,0
154,167,773,2759,2384,871,0
154,168,773,2759,1034,788,0
154,169,773,2759,1867,2645,0
154,170,773,2759,940,504,0
154,171,773,2759,1519,1618,0
154,172,773,2759,1392,2416,0
154,173,773,2759,1843,947,0
154,174,773,2759,1387,1345,0
154,175,773,2759,2479,1210,0
154,176,773,2759,1555,1680,0
154,177,773,2759,160,2470,0
154,178,773,2759,2692,2143,0
154,179,773,2759,158,2357,0
154,180,773,2759,2335,890,0
154,181,773,2759,1761,1075,0
154,182,773,2759,2099,406,0
155,0,2398,2598,1639,2892,0
155,1,2398,2598,1329,745,0
155,2,2398,2598,443,1218,0
155,3,2398,2598,2514,1181,0
155,4,2398,2598,2286,223,0
155,5,2398,2598,595,2408,0
155,6,2398,2598,1383,2289,0
155,7,2398,2598,1795,201,0
155,8,2398,2598,2598,838,0
155,9,2398,2598,813,1715,0
155,10,2398,2598,1135,391,0
155,11,2398,2598,1132,1878,0
155,12,2398,2598,2041,661,0
155,13,2398,2598,1434,670,0
155,14,2398,2598,300,623,0
155,15,2398,2598,1559,2032,0
155,16,2398,2598,1224,2119,0
155,17,2398,2598,838,460,0
155,18,2398,2598,352,2688,0
155,19,2398,2598,2179,352,0
155,20,2398,2598,525,672,0
155,21,2398,2598,1652,2883,0
155,22,2398,2598,1373,2660,0
155,23,2398,2598,2814,1659,0
155,24,2398,2598,1449,1659,0
155,25,2398,2598,2305,1303,0
155,26,2398,2598,769,677,0
155,27,2398,2598,2295,2940,0
155,28,2398,2598,577,2880,0
155,29,2398,2598,1614,2810,0
155,30,2398,2598,47,1395,0
155,31,2398,2598,2664,803,0
155,32,2398,2598,2309,2153,0
155,33,2398,2598,2074,2182,0
155,34,2398,2598,1554,11,0
155,35,2398,2598,1400,2146,0
155,36,2398,2598,1795,740,0
155,37,2398,2598,931,567,0
155,38,2398,2598,1254,1779,0
155,39,2398,2598,45,883,0
155,40,2398,2598,1359,119,0
155,41,2398,2598,2127,1277,0
155,42,2398,2598,2925,1375,0
155,43,2398,2598,2505,1463,0
155,44,2398,2598,1791,2744,0
155,45,2398,2598,1916,1718,0
155,46,2398,2598,167,2831,0
155,47,2398,2598,2315,236,0
155,48,2398,2598,1902,1139,0
155,49,2398,2598,1443,2554,0
155,50,2398,2598,194,2519,0
155,51,2398,2598,301,248,0
155,52,2398,2598,934,2502,0
155,53,2398,2598,343,1045,0
155,54,2398,2598,1542,1250,0
155,55,2398,2598,2149,1171,0
155,56,2398,2598,2055,1783,0
155,57,2398,2598,941,1993,0
155,58,2398,2598,123,1452,0
155,59,2398,2598,2845,2865,0
155,60,2398,2598,1089,2442,0
155,61,2398,2598,859,1946,0
155,62,2398,2598,1024,191,0
155,63,2398,2598,640,1179,0
155,64,2398,2598,2225,946,0
155,65,2398,2598,349,822,0
155,66,2398,2598,826,2377,0
155,67,2398,2598,1638,96,0
155,68,2398,2598,2727,990,0
155,69,2398,2598,2915,1910,0
155,70,2398,2598,1406,1407,0
155,71,2398,2598,2216,2614,1
155,72,2398,2598,1497,453,0
155,73,2398,2598,1462,1798,0
155,74,2398,2598,1212,215,0
155,75,2398,2598,2881,2014,0
155,76,2398,2598,32,1929,0
155,77,2398,2598,2695,266,0
155,78,2398,2598,2042,2855,0
155,79,2398,2598,193,1354,0
155,80,2398,2598,123,892,0
155,81,2398,2598,2391,199,0
155,82,2398,2598,738,1556,0
155,83,2398,2598,656,1512,0
155,84,2398,2598,2081,2886,0
155,85,2398,2598,2720,2097,0
155,86,2398,2598,2245,1289,0
155,87,2398,2598,714,2990,0
155,88,2398,2598,2800,641,0
155,89,2398,2598,2389,2741,0
155,90,2398,2598,538,2170,0
155,91,2398,2598,2767,2393,0
155,92,2398,2598,1270,693,0
155,93,2398,2598,2649,133,0
155,94,2398,2598,782,2023,0
155,95,2398,2598,551,1308,0
155,96,2398,2598,2784,254,0
155,97,2398,2598,2443,1306,0
155,98,2398,2598,1619,1722,0
155,99,2398,2598,508,1060,0
155,100,2398,2598,2201,1345,0
155,101,2398,2598,2587,861,0
155,102,2398,2598,2593,412,0
155,103,2398,2598,2995,1976,0
155,104,2398,2598,2546,755,0
155,105,2398,2598,1384,10,0
155,106,2398,2598,1458,697,0
155,107,2398,2598,52,2157,0
155,108,2398,2598,2017,217,0
155,109,2398,2598,2750,1252,0
155,110,2398,2598,1972,2182,0
155,111,2398,2598,736,1220,0
155,112,2398,2598,1701,2178,0
155,113,2398,2598,27,769,0
155,114,2398,2598,148,1215,0
155,115,2398,2598,1308,917,0
155,116,2398,2598,579,885,0
155,117,2398,2598,2737,2060,0
155,118,2398,2598,1739,2828,0
155,119,2398,2598,1339,2055,0
155,120,2398,2598,1479,618,0
155,121,2398,2598,1518,2678,0
155,122,2398,2598,2663,2085,0
155,123,2398,2598,1536,440,0
155,124,2398,2598,2347,485,0
155,125,2398,2598,2244,1545,0
155,126,2398,2598,1821,2562,0
155,127,2398,2598,1162,1754,0
155,128,2398,2598,476,1205,0
155,129,2398,2598,1692,876,0
155,130,2398,2598,300,1205,0
155,131,2398,2598,2003,1714,0
155,132,2398,2598,381,1336,0
155,133,2398,2598,2948,2728,0
155,134,2398,2598,1258,2583,0
155,135,2398,2598,1121,2987,0
155,136,2398,2598,2245,575,0
155,137,2398,2598,721,430,0
155,138,2398,2598,1441,992,0
155,139,2398,2598,2326,2998,0
155,140,2398,2598,976,329,0
155,141,2398,2598,2900,191,0
155,142,2398,2598,1962,1771,0
155,143,2398,2598,238,1665,0
155,144,2398,2598,295,1936,0
155,145,2398,2598,1854,141,0
155,146,2398,2598,2927,2918,0
155,147,2398,2598,652,2117,0
155,148,2398,2598,1281,1593,0
155,149,2398,2598,1093,2355,0
155,150,2398,2598,821,2889,0
155,151,2398,2598,2640,293,0
155,152,2398,2598,2213,1092,0
155,153,2398,2598,2554,526,0
155,154,2398,2598,773,2759,0
155,156,2398,2598,352,1773,0
155,157,2398,2598,136,1123,0
155,158,2398,2598,2533,1961,0
155,159,2398,2598,1274,2648,0
155,160,2398,2598,2856,1016,0
155,161,2398,2598,723,68,0
155,162,2398,2598,1849,735,0
155,163,2398,2598,1750,564,0
155,164,2398,2598,21,376,0
155,165,2398,2598,2035,939,0
155,166,2398,2598,1752,1825,0
155,167,2398,2598,2384,871,0
155,168,2398,2598,1034,788,0
155,169,2398,2598,1867,2645,0
155,170,2398,2598,940,504,0
155,171,2398,2598,1519,1618,0
155,172,2398,2598,1392,2416,0
155,173,2398,2598,1843,947,0
155,174,2398,2598,1387,1345,0
155,175,2398,2598,2479,1210,0
155,176,2398,2598,1555,1680,0
155,177,2398,2598,160,2470,0
155,178,2398,2598,2692,2143,0
155,179,2398,2598,158,2357,0
155,180,2398,2598,2335,890,0
155,181,2398,2598,1761,1075,0
155,182,2398,2598,2099,406,0
156,0,352,1773,1639,2892,0
156,1,352,1773,1329,745,0
156,2,352,1773,443,1218,0
156,3,352,1773,2514,1181,0
156,4,352,1773,2286,223,0
156,5,352,1773,595,2408,0
156,6,352,1773,1383,2289,0
156,7,352,1773,1795,201,0
156,8,352,1773,2598,838,0
156,9,352,1773,813,1715,0
156,10,352,1773,1135,391,0
156,11,352,1773,1132,1878,0
156,12,352,1773,2041,661,0
156,13,352,1773,1434,670,0
156,14,352,1773,300,623,0
156,15,352,1773,1559,2032,0
156,16,352,1773,1224,2119,0
156,17,352,1773,838,460,0
156,18,352,1773,352,2688,0
156,19,352,1773,2179,352,0
156,20,352,1773,525,672,0
156,21,352,1773,1652,2883,0
156,22,352,1773,1373,2660,0
156,23,352,1773,2814,1659,0
156,24,352,1773,1449,1659,0
156,25,352,1773,2305,1303,0
156,26,352,1773,769,677,0
156,27,352,1773,2295,2940,0
156,28,352,1773,577,2880,0
156,29,352,1773,1614,2810,0
156,30,352,1773,47,1395,0
156,31,352,1773,2664,803,0
156,32,352,1773,2309,2153,0
156,33,352,1773,2074,2182,0
156,34,352,1773,1554,11,0
156,35,352,1773,1400,2146,0
156,36,352,1773,1795,740,0
156,37,352,1773,931,567,0
156,38,352,1773,1254,1779,0
156,39,352,1773,45,883,0
156,40,352,1773,1359,119,0
156,41,352,1773,2127,1277,0
156,42,352,1773,2925,1375,0
156,43,352,1773,2505,1463,0
156,44,352,1773,1791,2744,0
156,45,352,1773,1916,1718,0
156,46,352,1773,167,2831,0
156,47,352,1773,2315,236,0
156,48,352,1773,1902,1139,0
156,49,352,1773,1443,2554,0
156,50,352,1773,194,2519,0
156,51,352,1773,301,248,0
156,52,352,1773,934,2502,0
156,53,352,1773,343,1045,0
156,54,352,1773,1542,1250,0
156,55,352,1773,2149,1171,0
156,56,352,1773,2055,1783,0
156,57,352,1773,941,1993,0
156,58,352,1773,123,1452,0
156,59,352,1773,2845,2865,0
156,60,352,1773,1089,2442,0
156,61,352,1773,859,1946,0
156,62,352,1773,1024,191,0
156,63,352,1773,640,1179,0
156,64,352,1773,2225,946,0
156,65,352,1773,349,822,0
156,66,352,1773,826,2377,0
156,67,352,1773,1638,96,0
156,68,352,1773,2727,990,0
156,69,352,1773,2915,1910,0
156,70,352,1773,1406,1407,0
156,71,352,1773,2216,2614,0
156,72,352,1773,1497,453,0
156,73,352,1773,1462,1798,0
156,74,352,1773,1212,215,0
156,75,352,1773,2881,2014,0
156,76,352,1773,32,1929,0
156,77,352,1773,2695,266,0
156,78,352,1773,2042,2855,0
156,79,352,1773,193,1354,0
156,80,352,1773,123,892,0
156,81,352,1773,2391,199,0
156,82,352,1773,738,1556,0
156,83,352,1773,656,1512,0
156,84,352,1773,2081,2886,0
156,85,352,1773,2720,2097,0
156,86,352,1773,2245,1289,0
156,87,352,1773,714,2990,0
156,88,352,1773,2800,641,0
156,89,352,1773,2389,2741,0
156,90,352,1773,538,2170,0
156,91,352,1773,2767,2393,0
156,92,352,1773,1270,693,0
156,93,352,1773,2649,133,0
156,94,352,1773,782,2023,0
156,95,352,1773,551,1308,0
156,96,352,1773,2784,254,0
156,97,352,1773,2443,1306,0
156,98,352,1773,1619,1722,0
156,99,352,1773,508,1060,0
156,100,352,1773,2201,1345,0
156,101,352,1773,2587,861,0
156,102,352,1773,2593,412,0
156,103,352,1773,2995,1976,0
156,104,352,1773,2546,755,0
156,105,352,1773,1384,10,0
156,106,352,1773,1458,697,0
156,107,352,1773,52,2157,0
156,108,352,1773,2017,217,0
156,109,352,1773,2750,1252,0
156,110,352,1773,1972,2182,0
156,111,352,1773,736,1220,0
156,112,352,1773,1701,2178,0
156,113,352,1773,27,769,0
156,114,352,1773,148,1215,0
156,115,352,1773,1308,917,0
156,116,352,1773,579,885,0
156,117,352,1773,2737,2060,0
156,118,352,1773,1739,2828,0
156,119,352,1773,1339,2055,0
156,120,352,1773,1479,618,0
156,121,352,1773,1518,2678,0
156,122,352,1773,2663,2085,0
156,123,352,1773,1536,440,0
156,124,352,1773,2347,485,0
156,125,352,1773,2244,1545,0
156,126,352,1773,1821,2562,0
156,127,352,1773,1162,1754,0
156,128,352,1773,476,1205,0
156,129,352,1773,1692,876,0
156,130,352,1773,300,1205,0
156,131,352,1773,2003,1714,0
156,132,352,1773,381,1336,0
156,133,352,1773,2948,2728,0
156,134,352,1773,1258,2583,0
156,135,352,1773,1121,2987,0
156,136,352,1773,2245,575,0
156,137,352,1773,721,430,0
156,138,352,1773,1441,992,0
156,139,352,1773,2326,2998,0
156,140,352,1773,976,329,0
156,141,352,1773,2900,191,0
156,142,352,1773,1962,1771,0
156,143,352,1773,238,1665,1
156,144,352,1773,295,1936,0
156,145,352,1773,1854,141,0
156,146,352,1773,2927,2918,0
156,147,352,1773,652,2117,0
156,148,352,1773,1281,1593,0
156,149,352,1773,1093,2355,0
156,150,352,1773,821,2889,0
156,151,352,1773,2640,293,0
156,152,352,1773,2213,1092,0
156,153,352,1773,2554,526,0
156,154,352,1773,773,2759,0
156,155,352,1773,2398,2598,0
156,157,352,1773,136,1123,0
156,158,352,1773,2533,1961,0
156,159,352,1773,1274,2648,0
156,160,352,1773,2856,1016,0
156,161,352,1773,723,68,0
156,162,352,1773,1849,735,0
156,163,352,1773,1750,564,0
156,164,352,1773,21,376,0
156,165,352,1773,2035,939,0
156,166,352,1773,1752,1825,0
156,167,352,1773,2384,871,0
156,168,352,1773,1034,788,0
156,169,352,1773,1867,2645,0
156,170,352,1773,940,504,0
156,171,352,1773,1519,1618,0
156,172,352,1773,1392,2416,0
156,173,352,1773,1843,947,0
156,174,352,1773,1387,1345,0
156,175,352,1773,2479,1210,0
156,176,352,1773,1555,1680,0
156,177,352,1773,160,2470,0
156,178,352,1773,2692,2143,0
156,179,352,1773,158,2357,0
156,180,352,1773,2335,890,0
156,181,352,1773,1761,1075,0
156,182,352,1773,2099,406,0
157,0,136,1123,1639,2892,0
157,1,136,1123,1329,745,0
157,2,136,1123,443,1218,0
157,3,136,1123,2514,1181,0
157,4,136,1123,2286,223,0
157,5,136,1123,595,2408,0
157,6,136,1123,1383,2289,0
157,7,136,1123,1795,201,0
157,8,136,1123,2598,838,0
157,9,136,1123,813,1715,0
157,10,136,1123,1135,391,0
157,11,136,1123,1132,1878,0
157,12,136,1123,2041,661,0
157,13,136,1123,1434,670,0
157,14,136,1123,300,623,0
157,15,136,1123,1559,2032,0
157,16,136,1123,1224,2119,0
157,17,136,1123,838,460,0
157,18,136,1123,352,2688,0
157,19,136,1123,2179,352,0
157,20,136,1123,525,672,0
157,21,136,1123,1652,2883,0
157,22,136,1123,1373,2660,0
157,23,136,1123,2814,1659,0
157,24,136,1123,1449,1659,0
157,25,136,1123,2305,1303,0
157,26,136,1123,769,677,0
157,27,136,1123,2295,2940,0
157,28,136,1123,577,2880,0
157,29,136,1123,1614,2810,0
157,30,136,1123,47,1395,0
157,31,136,1123,2664,803,0
157,32,136,1123,2309,2153,0
157,33,136,1123,2074,2182,0
157,34,136,1123,1554,11,0
157,35,136,1123,1400,2146,0
157,36,136,1123,1795,740,0
157,37,136,1123,931,567,0
157,38,136,1123,1254,1779,0
157,39,136,1123,45,883,0
157,40,136,1123,1359,119,0
157,41,136,1123,2127,1277,0
157,42,136,1123,2925,1375,0
157,43,136,1123,2505,1463,0
157,44,136,1123,1791,2744,0
157,45,136,1123,1916,1718,0
157,46,136,1123,167,2831,0
157,47,136,1123,2315,236,0
157,48,136,1123,1902,1139,0
157,49,136,1123,1443,2554,0
157,50,136,1123,194,2519,0
157,51,136,1123,301,248,0
157,52,136,1123,934,2502,0
157,53,136,1123,343,1045,0
157,54,136,1123,1542,1250,0
157,55,136,1123,2149,1171,0
157,56,136,1123,2055,1783,0
157,57,136,1123,941,1993,0
157,58,136,1123,123,1452,0
157,59,136,1123,2845,2865,0
157,60,136,1123,1089,2442,0
157,61,136,1123,859,1946,0
157,62,136,1123,1024,191,0
157,63,136,1123,640,1179,0
157,64,136,1123,2225,946,0
157,65,136,1123,349,822,0
157,66,136,1123,826,2377,0
157,67,136,1123,1638,96,0
157,68,136,1123,2727,990,0
157,69,136,1123,2915,1910,0
157,70,136,1123,1406,1407,0
157,71,136,1123,2216,2614,0
157,72,136,1123,1497,453,0
157,73,136,1123,1462,1798,0
157,74,136,1123,1212,215,0
157,75,136,1123,2881,2014,0
157,76,136,1123,32,1929,0
157,77,136,1123,2695,266,0
157,78,136,1123,2042,2855,0
157,79,136,1123,193,1354,0
157,80,136,1123,123,892,1
157,81,136,1123,2391,199,0
157,82,136,1123,738,1556,0
157,83,136,1123,656,1512,0
157,84,136,1123,2081,2886,0
157,85,136,1123,2720,2097,0
157,86,136,1123,2245,1289,0
157,87,136,1123,714,2990,0
157,88,136,1123,2800,641,0
157,89,136,1123,2389,2741,0
157,90,136,1123,538,2170,0
157,91,136,1123,2767,2393,0
157,92,136,1123,1270,693,0
157,93,136,1123,2649,133,0
157,94,136,1123,782,2023,0
157,95,136,1123,551,1308,0
157,96,136,1123,2784,254,0
157,97,136,1123,2443,1306,0
157,98,136,1123,1619,1722,0
157,99,136,1123,508,1060,0
157,100,136,1123,2201,1345,0
157,101,136,1123,2587,861,0
157,102,136,1123,2593,412,0
157,103,136,1123,2995,1976,0
157,104,136,1123,2546,755,0
157,105,136,1123,1384,10,0
157,106,136,1123,1458,697,0
157,107,136,1123,52,2157,0
157,108,136,1123,2017,217,0
157,109,136,1123,2750,1252,0
157,110,136,1123,1972,2182,0
157,111,136,1123,736,1220,0
157,112,136,1123,1701,2178,0
157,113,136,1123,27,769,0
157,114,136,1123,148,1215,0
157,115,136,1123,1308,917,0
157,116,136,1123,579,885,0
157,117,136,1123,2737,2060,0
157,118,136,1123,1739,2828,0
157,119,136,1123,1339,2055,0
157,120,136,1123,1479,618,0
157,121,136,1123,1518,2678,0
157,122,136,1123,2663,2085,0
157,123,136,1123,1536,440,0
157,124,136,1123,2347,485,0
157,125,136,1123,2244,1545,0
157,126,136,1123,1821,2562,0
157,127,136,1123,1162,1754,0
157,128,136,1123,476,1205,0
157,129,136,1123,1692,876,0
157,130,136,1123,300,1205,0
157,131,136,1123,2003,1714,0
157,132,136,1123,381,1336,0
157,133,136,1123,2948,2728,0
157,134,136,1123,1258,2583,0
157,135,136,1123,1121,2987,0
157,136,136,1123,2245,575,0
157,137,136,1123,721,430,0
157,138,136,1123,1441,992,0
157,139,136,1123,2326,2998,0
157,140,136,1123,976,329,0
157,141,136,1123,2900,191,0
157,142,136,1123,1962,1771,0
157,143,136,1123,238,1665,0
157,144,136,1123,295,1936,0
157,145,136,1123,1854,141,0
157,146,136,1123,2927,2918,0
157,147,136,1123,652,2117,0
157,148,136,1123,1281,1593,0
157,149,136,1123,1093,2355,0
157,150,136,1123,821,2889,0
157,151,136,1123,2640,293,0
157,152,136,1123,2213,1092,0
157,153,136,1123,2554,526,0
157,154,136,1123,773,2759,0
157,155,136,1123,2398,2598,0
157,156,136,1123,352,1773,0
157,158,136,1123,2533,1961,0
157,159,136,1123,1274,2648,0
157,160,136,1123,2856,1016,0
157,161,136,1123,723,68,0
157,162,136,1123,1849,735,0
157,163,136,1123,1750,564,0
157,164,136,1123,21,376,0
157,165,136,1123,2035,939,0
157,166,136,1123,1752,1825,0
157,167,136,1123,2384,871,0
157,168,136,1123,1034,788,0
157,169,136,1123,1867,2645,0
157,170,136,1123,940,504,0
157,171,136,1123,1519,1618,0
157,172,136,1123,1392,2416,0
157,173,136,1123,1843,947,0
157,174,136,1123,1387,1345,0
157,175,136,1123,2479,1210,0
157,176,136,1123,1555,1680,0
157,177,136,1123,160,2470,0
157,178,136,1123,2692,2143,0
157,179,136,1123,158,2357,0
157,180,136,1123,2335,890,0
157,181,136,1123,1761,1075,0
157,182,136,1123,2099,406,0
158,0,2533,1961,1639,2892,0
158,1,2533,1961,1329,745,0
158,2,2533,1961,443,1218,0
158,3,2533,1961,2514,1181,0
158,4,2533,1961,2286,223,0
158,5,2533,1961,595,2408,0
158,6,2533,1961,1383,2289,0
158,7,2533,1961,1795,201,0
158,8,2533,1961,2598,838,0
158,9,2533,1961,813,1715,0
158,10,2533,1961,1135,391,0
158,11,2533,1961,1132,1878,0
158,12,2533,1961,2041,661,0
158,13,2533,1961,1434,670,0
158,14,2533,1961,300,623,0
158,15,2533,1961,1559,2032,0
158,16,2533,1961,1224,2119,0
158,17,2533,1961,838,460,0
158,18,2533,1961,352,2688,0
158,19,2533,1961,2179,352,0
158,20,2533,1961,525,672,0
158,21,2533,1961,1652,2883,0
158,22,2533,1961,1373,2660,0
158,23,2533,1961,2814,1659,0
158,24,2533,1961,1449,1659,0
158,25,2533,1961,2305,1303,0
158,26,2533,1961,769,677,0
158,27,2533,1961,2295,2940,0
158,28,2533,1961,577,2880,0
158,29,2533,1961,1614,2810,0
158,30,2533,1961,47,1395,0
158,31,2533,1961,2664,803,0
158,32,2533,1961,2309,2153,0
158,33,2533,1961,2074,2182,0
158,34,2533,1961,1554,11,0
158,35,2533,1961,1400,2146,0
158,36,2533,1961,1795,740,0
158,37,2533,1961,931,567,0
158,38,2533,1961,1254,1779,0
158,39,2533,1961,45,883,0
158,40,2533,1961,1359,119,0
158,41,2533,1961,2127,1277,0
158,42,2533,1961,2925,1375,0
158,43,2533,1961,2505,1463,0
158,44,2533,1961,1791,2744,0
158,45,2533,1961,1916,1718,0
158,46,2533,1961,167,2831,0
158,47,2533,1961,2315,236,0
158,48,2533,1961,1902,1139,0
158,49,2533,1961,1443,2554,0
158,50,2533,1961,194,2519,0
158,51,2533,1961,301,248,0
158,52,2533,1961,934,2502,0
158,53,2533,1961,343,1045,0
158,54,2533,1961,1542,1250,0
158,55,2533,1961,2149,1171,0
158,56,2533,1961,2055,1783,0
158,57,2533,1961,941,1993,0
158,58,2533,1961,123,1452,0
158,59,2533,1961,2845,2865,0
158,60,2533,1961,1089,2442,0
158,61,2533,1961,859,1946,0
158,62,2533,1961,1024,191,0
158,63,2533,1961,640,1179,0
158,64,2533,1961,2225,946,0
158,65,2533,1961,349,822,0
158,66,2533,1961,826,2377,0
158,67,2533,1961,1638,96,0
158,68,2533,1961,2727,990,0
158,69,2533,1961,2915,1910,0
158,70,2533,1961,1406,1407,0
158,71,2533,1961,2216,2614,0
158,72,2533,1961,1497,453,0
158,73,2533,1961,1462,1798,0
158,74,2533,1961,1212,215,0
158,75,2533,1961,2881,2014,0
158,76,2533,1961,32,1929,0
158,77,2533,1961,2695,266,0
158,78,2533,1961,2042,2855,0
158,79,2533,1961,193,1354,0
158,80,2533,1961,123,892,0
158,81,2533,1961,2391,199,0
158,82,2533,1961,738,1556,0
158,83,2533,1961,656,1512,0
158,84,2533,1961,2081,2886,0
158,85,2533,1961,2720,2097,0
158,86,2533,1961,2245,1289,0
158,87,2533,1961,714,2990,0
158,88,2533,1961,2800,641,0
158,89,2533,1961,2389,2741,0
158,90,2533,1961,538,2170,0
158,91,2533,1961,2767,2393,0
158,92,2533,1961,1270,693,0
158,93,2533,1961,2649,133,0
158,94,2533,1961,782,2023,0
158,95,2533,1961,551,1308,0
158,96,2533,1961,2784,254,0
158,97,2533,1961,2443,1306,0
158,98,2533,1961,1619,1722,0
158,99,2533,1961,508,1060,0
158,100,2533,1961,2201,1345,0
158,101,2533,1961,2587,861,0
158,102,2533,1961,2593,412,0
158,103,2533,1961,2995,1976,0
158,104,2533,1961,2546,755,0
158,105,2533,1961,1384,10,0
158,106,2533,1961,1458,697,0
158,107,2533,1961,52,2157,0
158,108,2533,1961,2017,217,0
158,109,2533,1961,2750,1252,0
158,110,2533,1961,1972,2182,0
158,111,2533,1961,736,1220,0
158,112,2533,1961,1701,2178,0
158,113,2533,1961,27,769,0
158,114,2533,1961,148,1215,0
158,115,2533,1961,1308,917,0
158,116,2533,1961,579,885,0
158,117,2533,1961,2737,2060,0
158,118,2533,1961,1739,2828,0
158,119,2533,1961,1339,2055,0
158,120,2533,1961,1479,618,0
158,121,2533,1961,1518,2678,0
158,122,2533,1961,2663,2085,1
158,123,2533,1961,1536,440,0
158,124,2533,1961,2347,485,0
158,125,2533,1961,2244,1545,0
158,126,2533,1961,1821,2562,0
158,127,2533,1961,1162,1754,0
158,128,2533,1961,476,1205,0
158,129,2533,1961,1692,876,0
158,130,2533,1961,300,1205,0
158,131,2533,1961,2003,1714,0
158,132,2533,1961,381,1336,0
158,133,2533,1961,2948,2728,0
158,134,2533,1961,1258,2583,0
158,135,2533,1961,1121,2987,0
158,136,2533,1961,2245,575,0
158,137,2533,1961,721,430,0
158,138,2533,1961,1441,992,0
158,139,2533,1961,2326,2998,0
158,140,2533,1961,976,329,0
158,141,2533,1961,2900,191,0
158,142,2533,1961,1962,1771,0
158,143,2533,1961,238,1665,0
158,144,2533,1961,295,1936,0
158,145,2533,1961,1854,141,0
158,146,2533,1961,2927,2918,0
158,147,2533,1961,652,2117,0
158,148,2533,1961,1281,1593,0
158,149,2533,1961,1093,2355,0
158,150,2533,1961,821,2889,0
158,151,2533,1961,2640,293,0
158,152,2533,1961,2213,1092,0
158,153,2533,1961,2554,526,0
158,154,2533,1961,773,2759,0
158,155,2533,1961,2398,2598,0
158,156,2533,1961,352,1773,0
158,157,2533,1961,136,1123,0
158,159,2533,1961,1274,2648,0
158,160,2533,1961,2856,1016,0
158,161,2533,1961,723,68,0
158,162,2533,1961,1849,735,0
158,163,2533,1961,1750,564,0
158,164,2533,1961,21,376,0
158,165,2533,1961,2035,939,0
158,166,2533,1961,1752,1825,0
158,167,2533,1961,2384,871,0
158,168,2533,1961,1034,788,0
158,169,2533,1961,1867,2645,0
158,170,2533,1961,940,504,0
158,171,2533,1961,1519,1618,0
158,172,2533,1961,1392,2416,0
158,173,2533,1961,1843,947,0
158,174,2533,1961,1387,1345,0
158,175,2533,1961,2479,1210,0
158,176,2533,1961,1555,1680,0
158,177,2533,1961,160,2470,0
158,178,2533,1961,2692,2143,0
158,179,2533,1961,158,2357,0
158,180,2533,1961,2335,890,0
158,181,2533,1961,1761,1075,0
158,182,2533,1961,2099,406,0
159,0,1274,2648,1639,2892,0
159,1,1274,2648,1329,745,0
159,2,1274,2648,443,1218,0
159,3,1274,2648,2514,1181,0
159,4,1274,2648,2286,223,0
159,5,1274,2648,595,2408,0
159,6,1274,2648,1383,2289,0
159,7,1274,2648,1795,201,0
159,8,1274,2648,2598,838,0
159,9,1274,2648,813,1715,0
159,10,1274,2648,1135,391,0
159,11,1274,2648,1132,1878,0
159,12,1274,2648,2041,661,0
159,13,1274,2648,1434,670,0
159,14,1274,2648,300,623,0
159,15,1274,2648,1559,2032,0
159,16,1274,2648,1224,2119,0
159,17,1274,2648,838,460,0
159,18,1274,2648,352,2688,0
159,19,1274,2648,2179,352,0
159,20,1274,2648,525,672,0
159,21,1274,2648,1652,2883,0
159,22,1274,2648,1373,2660,0
159,23,1274,2648,2814,1659,0
159,24,1274,2648,1449,1659,0
159,25,1274,2648,2305,1303,0
159,26,1274,2648,769,677,0
159,27,1274,2648,2295,2940,0
159,28,1274,2648,577,2880,0
159,29,1274,2648,1614,2810,0
159,30,1274,2648,47,1395,0
159,31,1274,2648,2664,803,0
159,32,1274,2648,2309,2153,0
159,33,1274,2648,2074,2182,0
159,34,1274,2648,1554,11,0
159,35,1274,2648,1400,2146,0
159,36,1274,2648,1795,740,0
159,37,1274,2648,931,567,0
159,38,1274,2648,1254,1779,0
159,39,1274,2648,45,883,0
159,40,1274,2648,1359,119,0
159,41,1274,2648,2127,1277,0
159,42,1274,2648,2925,1375,0
159,43,1274,2648,2505,1463,0
159,44,1274,2648,1791,2744,0
159,45,1274,2648,1916,1718,0
159,46,1274,2648,167,2831,0
159,47,1274,2648,2315,236,0
159,48,1274,2648,1902,1139,0
159,49,1274,2648,1443,2554,0
159,50,1274,2648,194,2519,0
159,51,1274,2648,301,248,0
159,52,1274,2648,934,2502,0
159,53,1274,2648,343,1045,0
159,54,1274,2648,1542,1250,0
159,55,1274,2648,2149,1171,0
159,56,1274,2648,2055,1783,0
159,57,1274,2648,941,1993,0
159,58,1274,2648,123,1452,0
159,59,1274,2648,2845,2865,0
159,60,1274,2648,1089,2442,0
159,61,1274,2648,859,1946,0
159,62,1274,2648,1024,191,0
159,63,1274,2648,640,1179,0
159,64,1274,2648,2225,946,0
159,65,1274,2648,349,822,0
159,66,1274,2648,826,2377,0
159,67,1274,2648,1638,96,0
159,68,1274,2648,2727,990,0
159,69,1274,2648,2915,1910,0
159,70,1274,2648,1406,1407,0
159,71,1274,2648,2216,2614,0
159,72,1274,2648,1497,453,0
159,73,1274,2648,1462,1798,0
159,74,1274,2648,1212,215,0
159,75,1274,2648,2881,2014,0
159,76,1274,2648,32,1929,0
159,77,1274,2648,2695,266,0
159,78,1274,2648,2042,2855,0
159,79,1274,2648,193,1354,0
159,80,1274,2648,123,892,0
159,81,1274,2648,2391,199,0
159,82,1274,2648,738,1556,0
159,83,1274,2648,656,1512,0
159,84,1274,2648,2081,2886,0
159,85,1274,2648,2720,2097,0
159,86,1274,2648,2245,1289,0
159,87,1274,2648,714,2990,0
159,88,1274,2648,2800,641,0
159,89,1274,2648,2389,2741,0
159,90,1274,2648,538,2170,0
159,91,1274,2648,2767,2393,0
159,92,1274,2648,1270,693,0
159,93,1274,2648,2649,133,0
159,94,1274,2648,782,2023,0
159,95,1274,2648,551,1308,0
159,96,1274,2648,2784,254,0
159,97,1274,2648,2443,1306,0
159,98,1274,2648,1619,1722,0
159,99,1274,2648,508,1060,0
159,100,1274,2648,2201,1345,0
159,101,1274,2648,2587,861,0
159,102,1274,2648,2593,412,0
159,103,1274,2648,2995,1976,0
159,104,1274,2648,2546,755,0
159,105,1274,2648,1384,10,0
159,106,1274,2648,1458,697,0
159,107,1274,2648,52,2157,0
159,108,1274,2648,2017,217,0
159,109,1274,2648,2750,1252,0
159,110,1274,2648,1972,2182,0
159,111,1274,2648,736,1220,0
159,112,1274,2648,1701,2178,0
159,113,1274,2648,27,769,0
159,114,1274,2648,148,1215,0
159,115,1274,2648,1308,917,0
159,116,1274,2648,579,885,0
159,117,1274,2648,2737,2060,0
159,118,1274,2648,1739,2828,0
159,119,1274,2648,1339,2055,0
159,120,1274,2648,1479,618,0
159,121,1274,2648,1518,2678,0
159,122,1274,2648,2663,2085,0
159,123,1274,2648,1536,440,0
159,124,1274,2648,2347,485,0
159,125,1274,2648,2244,1545,0
159,126,1274,2648,1821,2562,0
159,127,1274,2648,1162,1754,0
159,128,1274,2648,476,1205,0
159,129,1274,2648,1692,876,0
159,130,1274,2648,300,1205,0
159,131,1274,2648,2003,1714,0
159,132,1274,2648,381,1336,0
159,133,1274,2648,2948,2728,0
159,134,1274,2648,1258,2583,0
159,135,1274,2648,1121,2987,1
159,136,1274,2648,2245,575,0
159,137,1274,2648,721,430,0
159,138,1274,2648,1441,992,0
159,139,1274,2648,2326,2998,0
159,140,1274,2648,976,329,0
159,141,1274,2648,2900,191,0
159,142,1274,2648,1962,1771,0
159,143,1274,2648,238,1665,0
159,144,1274,2648,295,1936,0
159,145,1274,2648,1854,141,0
159,146,1274,2648,2927,2918,0
159,147,1274,2648,652,2117,0
159,148,1274,2648,1281,1593,0
159,149,1274,2648,1093,2355,0
159,150,1274,2648,821,2889,0
159,151,1274,2648,2640,293,0
159,152,1274,2648,2213,1092,0
159,153,1274,2648,2554,526,0
159,154,1274,2648,773,2759,0
159,155,1274,2648,2398,2598,0
159,156,1274,2648,352,1773,0
159,157,1274,2648,136,1123,0
159,158,1274,2648,2533,1961,0
159,160,1274,2648,2856,1016,0
159,161,1274,2648,723,68,0
159,162,1274,2648,1849,735,0
159,163,1274,2648,1750,564,0
159,164,1274,2648,21,376,0
159,165,1274,2648,2035,939,0
159,166,1274,2648,1752,1825,0
159,167,1274,2648,2384,871,0
159,168,1274,2648,1034,788,0
159,169,1274,2648,1867,2645,0
159,170,1274,2648,940,504,0
159,171,1274,2648,1519,1618,0
159,172,1274,2648,1392,2416,0
159,173,1274,2648,1843,947,0
159,174,1274,2648,1387,1345,0
159,175,1274,2648,2479,1210,0
159,176,1274,2648,1555,1680,0
159,177,1274,2648,160,2470,0
159,178,1274,2648,2692,2143,0
159,179,1274,2648,158,2357,0
159,180,1274,2648,2335,890,0
159,181,1274,2648,1761,1075,0
159,182,1274,2648,2099,406,0
160,0,2856,1016,1639,2892,0
160,1,2856,1016,1329,745,0
160,2,2856,1016,443,1218,0
160,3,2856,1016,2514,1181,0
160,4,2856,1016,2286,223,0
160,5,2856,1016,595,2408,0
160,6,2856,1016,1383,2289,0
160,7,2856,1016,1795,201,0
160,8,2856,1016,2598,838,0
160,9,2856,1016,813,1715,0
160,10,2856,1016,1135,391,0
160,11,2856,1016,1132,1878,0
160,12,2856,1016,2041,661,0
160,13,2856,1016,1434,670,0
160,14,2856,1016,300,623,0
160,15,2856,1016,1559,2032,0
160,16,2856,1016,1224,2119,0
160,17,2856,1016,838,460,0
160,18,2856,1016,352,2688,0
160,19,2856,1016,2179,352,0
160,20,2856,1016,525,672,0
160,21,2856,1016,1652,2883,0
160,22,2856,1016,1373,2660,0
160,23,2856,1016,2814,1659,0
160,24,2856,1016,1449,1659,0
160,25,2856,1016,2305,1303,0
160,26,2856,1016,769,677,0
160,27,2856,1016,2295,2940,0
160,28,2856,1016,577,2880,0
160,29,2856,1016,1614,2810,0
160,30,2856,1016,47,1395,0
160,31,2856,1016,2664,803,0
160,32,2856,1016,2309,2153,0
160,33,2856,1016,2074,2182,0
160,34,2856,1016,1554,11,0
160,35,2856,1016,1400,2146,0
160,36,2856,1016,1795,740,0
160,37,2856,1016,931,567,0
160,38,2856,1016,1254,1779,0
160,39,2856,1016,45,883,0
160,40,2856,1016,1359,119,0
160,41,2856,1016,2127,1277,0
160,42,2856,1016,2925,1375,0
160,43,2856,1016,2505,1463,0
160,44,2856,1016,1791,2744,0
160,45,2856,1016,1916,1718,0
160,46,2856,1016,167,2831,0
160,47,2856,1016,2315,236,0
160,48,2856,1016,1902,1139,0
160,49,2856,1016,1443,2554,0
160,50,2856,1016,194,2519,0
160,51,2856,1016,301,248,0
160,52,2856,1016,934,2502,0
160,53,2856,1016,343,1045,0
160,54,2856,1016,1542,1250,0
160,55,2856,1016,2149,1171,0
160,56,2856,1016,2055,1783,0
160,57,2856,1016,941,1993,0
160,58,2856,1016,123,1452,0
160,59,2856,1016,2845,2865,0
160,60,2856,1016,1089,2442,0
160,61,2856,1016,859,1946,0
160,62,2856,1016,1024,191,0
160,63,2856,1016,640,1179,0
160,64,2856,1016,2225,946,0
160,65,2856,1016,349,822,0
160,66,2856,1016,826,2377,0
160,67,2856,1016,1638,96,0
160,68,2856,1016,2727,990,0
160,69,2856,1016,2915,1910,0
160,70,2856,1016,1406,1407,0
160,71,2856,1016,2216,2614,0
160,72,2856,1016,1497,453,0
160,73,2856,1016,1462,1798,0
160,74,2856,1016,1212,215,0
160,75,2856,1016,2881,2014,0
160,76,2856,1016,32,1929,0
160,77,2856,1016,2695,266,0
160,78,2856,1016,2042,2855,0
160,79,2856,1016,193,1354,0
160,80,2856,1016,123,892,0
160,81,2856,1016,2391,199,0
160,82,2856,1016,738,1556,0
160,83,2856,1016,656,1512,0
160,84,2856,1016,2081,2886,0
160,85,2856,1016,2720,2097,0
160,86,2856,1016,2245,1289,0
160,87,2856,1016,714,2990,0
160,88,2856,1016,2800,641,0
160,89,2856,1016,2389,2741,0
160,90,2856,1016,538,2170,0
160,91,2856,1016,2767,2393,0
160,92,2856,1016,1270,693,0
160,93,2856,1016,2649,133,0
160,94,2856,1016,782,2023,0
160,95,2856,1016,551,1308,0
160,96,2856,1016,2784,254,0
160,97,2856,1016,2443,1306,0
160,98,2856,1016,1619,1722,0
160,99,2856,1016,508,1060,0
160,100,2856,1016,2201,1345,0
160,101,2856,1016,2587,861,0
160,102,2856,1016,2593,412,0
160,103,2856,1016,2995,1976,0
160,104,2856,1016,2546,755,0
160,105,2856,1016,1384,10,0
160,106,2856,1016,1458,697,0
160,107,2856,1016,52,2157,0
160,108,2856,1016,2017,217,0
160,109,2856,1016,2750,1252,1
160,110,2856,1016,1972,2182,0
160,111,2856,1016,736,1220,0
160,112,2856,1016,1701,2178,0
160,113,2856,1016,27,769,0
160,114,2856,1016,148,1215,0
160,115,2856,1016,1308,917,0
160,116,2856,1016,579,885,0
160,117,2856,1016,2737,2060,0
160,118,2856,1016,1739,2828,0
160,119,2856,1016,1339,2055,0
160,120,2856,1016,1479,618,0
160,121,2856,1016,1518,2678,0
160,122,2856,1016,2663,2085,0
160,123,2856,1016,1536,440,0
160,124,2856,1016,2347,485,0
160,125,2856,1016,2244,1545,0
160,126,2856,1016,1821,2562,0
160,127,2856,1016,1162,1754,0
160,128,2856,1016,476,1205,0
160,129,2856,1016,1692,876,0
160,130,2856,1016,300,1205,0
160,131,2856,1016,2003,1714,0
160,132,2856,1016,381,1336,0
160,133,2856,1016,2948,2728,0
160,134,2856,1016,1258,2583,0
160,135,2856,1016,1121,2987,0
160,136,2856,1016,2245,575,0
160,137,2856,1016,721,430,0
160,138,2856,1016,1441,992,0
160,139,2856,1016,2326,2998,0
160,140,2856,1016,976,329,0
160,141,2856,1016,2900,191,0
160,142,2856,1016,1962,1771,0
160,143,2856,1016,238,1665,0
160,144,2856,1016,295,1936,0
160,145,2856,1016,1854,141,0
160,146,2856,1016,2927,2918,0
160,147,2856,1016,652,2117,0
160,148,2856,1016,1281,1593,0
160,149,2856,1016,1093,2355,0
160,150,2856,1016,821,2889,0
160,151,2856,1016,2640,293,0
160,152,2856,1016,2213,1092,0
160,153,2856,1016,2554,526,0
160,154,2856,1016,773,2759,0
160,155,2856,1016,2398,2598,0
160,156,2856,1016,352,1773,0
160,157,2856,1016,136,1123,0
160,158,2856,1016,2533,1961,0
160,159,2856,1016,1274,2648,0
160,161,2856,1016,723,68,0
160,162,2856,1016,1849,735,0
160,163,2856,1016,1750,564,0
160,164,2856,1016,21,376,0
160,165,2856,1016,2035,939,0
160,166,2856,1016,1752,1825,0
160,167,2856,1016,2384,871,0
160,168,2856,1016,1034,788,0
160,169,2856,1016,1867,2645,0
160,170,2856,1016,940,504,0
160,171,2856,1016,1519,1618,0
160,172,2856,1016,1392,2416,0
160,173,2856,1016,1843,947,0
160,174,2856,1016,1387,1345,0
160,175,2856,1016,2479,1210,0
160,176,2856,1016,1555,1680,0
160,177,2856,1016,160,2470,0
160,178,2856,1016,2692,2143,0
160,179,2856,1016,158,2357,0
160,180,2856,1016,2335,890,0
160,181,2856,1016,1761,1075,0
160,182,2856,1016,2099,406,0
161,0,723,68,1639,2892,0
161,1,723,68,1329,745,0
161,2,723,68,443,1218,0
161,3,723,68,2514,1181,0
161,4,723,68,2286,223,0
161,5,723,68,595,2408,0
161,6,723,68,1383,2289,0
161,7,723,68,1795,201,0
161,8,723,68,2598,838,0
161,9,723,68,813,1715,0
161,10,723,68,1135,391,0
161,11,723,68,1132,1878,0
161,12,723,68,2041,661,0
161,13,723,68,1434,670,0
161,14,723,68,300,623,0
161,15,723,68,1559,2032,0
161,16,723,68,1224,2119,0
161,17,723,68,838,460,0
161,18,723,68,352,2688,0
161,19,723,68,2179,352,0
161,20,723,68,525,672,0
161,21,723,68,1652,2883,0
161,22,723,68,1373,2660,0
161,23,723,68,2814,1659,0
161,24,723,68,1449,1659,0
161,25,723,68,2305,1303,0
161,26,723,68,769,677,0
161,27,723,68,2295,2940,0
161,28,723,68,577,2880,0
161,29,723,68,1614,2810,0
161,30,723,68,47,1395,0
161,31,723,68,2664,803,0
161,32,723,68,2309,2153,0
161,33,723,68,2074,2182,0
161,34,723,68,1554,11,0
161,35,723,68,1400,2146,0
161,36,723,68,1795,740,0
161,37,723,68,931,567,0
161,38,723,68,1254,1779,0
161,39,723,68,45,883,0
161,40,723,68,1359,119,0
161,41,723,68,2127,1277,0
161,42,723,68,2925,1375,0
161,43,723,68,2505,1463,0
161,44,723,68,1791,2744,0
161,45,723,68,1916,1718,0
161,46,723,68,167,2831,0
161,47,723,68,2315,236,0
161,48,723,68,1902,1139,0
161,49,723,68,1443,2554,0
161,50,723,68,194,2519,0
161,51,723,68,301,248,0
161,52,723,68,934,2502,0
161,53,723,68,343,1045,0
161,54,723,68,1542,1250,0
161,55,723,68,2149,1171,0
161,56,723,68,2055,1783,0
161,57,723,68,941,1993,0
161,58,723,68,123,1452,0
161,59,723,68,2845,2865,0
161,60,723,68,1089,2442,0
161,61,723,68,859,1946,0
161,62,723,68,1024,191,1
161,63,723,68,640,1179,0
161,64,723,68,2225,946,0
161,65,723,68,349,822,0
161,66,723,68,826,2377,0
161,67,723,68,1638,96,0
161,68,723,68,2727,990,0
161,69,723,68,2915,1910,0
161,70,723,68,1406,1407,0
161,71,723,68,2216,2614,0
161,72,723,68,1497,453,0
161,73,723,68,1462,1798,0
161,74,723,68,1212,215,0
161,75,723,68,2881,2014,0
161,76,723,68,32,1929,0
161,77,723,68,2695,266,0
161,78,723,68,2042,2855,0
161,79,723,68,193,1354,0
161,80,723,68,123,892,0
161,81,723,68,2391,199,0
161,82,723,68,738,1556,0
161,83,723,68,656,1512,0
161,84,723,68,2081,2886,0
161,85,723,68,2720,2097,0
161,86,723,68,2245,1289,0
161,87,723,68,714,2990,0
161,88,723,68,2800,641,0
161,89,723,68,2389,2741,0
161,90,723,68,538,2170,0
161,91,723,68,2767,2393,0
161,92,723,68,1270,693,0
161,93,723,68,2649,133,0
161,94,723,68,782,2023,0
161,95,723,68,551,1308,0
161,96,723,68,2784,254,0
161,97,723,68,2443,1306,0
161,98,723,68,1619,1722,0
161,99,723,68,508,1060,0
161,100,723,68,2201,1345,0
161,101,723,68,2587,861,0
161,102,723,68,2593,412,0
161,103,723,68,2995,1976,0
161,104,723,68,2546,755,0
161,105,723,68,1384,10,0
161,106,723,68,1458,697,0
161,107,723,68,52,2157,0
161,108,723,68,2017,217,0
161,109,723,68,2750,1252,0
161,110,723,68,1972,2182,0
161,111,723,68,736,1220,0
161,112,723,68,1701,2178,0
161,113,723,68,27,769,0
161,114,723,68,148,1215,0
161,115,723,68,1308,917,0
161,116,723,68,579,885,0
161,117,723,68,2737,2060,0
161,118,723,68,1739,2828,0
161,119,723,68,1339,2055,0
161,120,723,68,1479,618,0
161,121,723,68,1518,2678,0
161,122,723,68,2663,2085,0
161,123,723,68,1536,440,0
161,124,723,68,2347,485,0
161,125,723,68,2244,1545,0
161,126,723,68,1821,2562,0
161,127,723,68,1162,1754,0
161,128,723,68,476,1205,0
161,129,723,68,1692,876,0
161,130,723,68,300,1205,0
161,131,723,68,2003,1714,0
161,132,723,68,381,1336,0
161,133,723,68,2948,2728,0
161,134,723,68,1258,2583,0
161,135,723,68,1121,2987,0
161,136,723,68,2245,575,0
161,137,723,68,721,430,0
161,138,723,68,1441,992,0
161,139,723,68,2326,2998,0
161,140,723,68,976,329,0
161,141,723,68,2900,191,0
161,142,723,68,1962,1771,0
161,143,723,68,238,1665,0
161,144,723,68,295,1936,0
161,145,723,68,1854,141,0
161,146,723,68,2927,2918,0
161,147,723,68,652,2117,0
161,148,723,68,1281,1593,0
161,149,723,68,1093,2355,0
161,150,723,68,821,2889,0
161,151,723,68,2640,293,0
161,152,723,68,2213,1092,0
161,153,723,68,2554,526,0
161,154,723,68,773,2759,0
161,155,723,68,2398,2598,0
161,156,723,68,352,1773,0
161,157,723,68,136,1123,0
161,158,723,68,2533,1961,0
161,159,723,68,1274,2648,0
161,160,723,68,2856,1016,0
161,162,723,68,1849,735,0
161,163,723,68,1750,564,0
161,164,723,68,21,376,0
161,165,723,68,2035,939,0
161,166,723,68,1752,1825,0
161,167,723,68,2384,871,0
161,168,723,68,1034,788,0
161,169,723,68,1867,2645,0
161,170,723,68,940,504,0
161,171,723,68,1519,1618,0
161,172,723,68,1392,2416,0
161,173,723,68,1843,947,0
161,174,723,68,1387,1345,0
161,175,723,68,2479,1210,0
161,176,723,68,1555,1680,0
161,177,723,68,160,2470,0
161,178,723,68,2692,2143,0
161,179,723,68,158,2357,0
161,180,723,68,2335,890,0
161,181,723,68,1761,1075,0
161,182,723,68,2099,406,0
162,0,1849,735,1639,2892,0
162,1,1849,735,1329,745,0
162,2,1849,735,443,1218,0
162,3,1849,735,2514,1181,0
162,4,1849,735,2286,223,0
162,5,1849,735,595,2408,0
162,6,1849,735,1383,2289,0
162,7,1849,735,1795,201,0
162,8,1849,735,2598,838,0
162,9,1849,735,813,1715,0
162,10,1849,735,1135,391,0
162,11,1849,735,1132,1878,0
162,12,1849,735,2041,661,0
162,13,1849,735,1434,670,0
162,14,1849,735,300,623,0
162,15,1849,735,1559,2032,0
162,16,1849,735,1224,2119,0
162,17,1849,735,838,460,0
162,18,1849,735,352,2688,0
162,19,1849,735,2179,352,0
162,20,1849,735,525,672,0
162,21,1849,735,1652,2883,0
162,22,1849,735,1373,2660,0
162,23,1849,735,2814,1659,0
162,24,1849,735,1449,1659,0
162,25,1849,735,2305,1303,0
162,26,1849,735,769,677,0
162,27,1849,735,2295,2940,0
162,28,1849,735,577,2880,0
162,29,1849,735,1614,2810,0
162,30,1849,735,47,1395,0
162,31,1849,735,2664,803,0
162,32,1849,735,2309,2153,0
162,33,1849,735,2074,2182,0
162,34,1849,735,1554,11,0
162,35,1849,735,1400,2146,0
162,36,1849,735,1795,740,1
162,37,1849,735,931,567,0
162,38,1849,735,1254,1779,0
162,39,1849,735,45,883,0
162,40,1849,735,1359,119,0
162,41,1849,735,2127,1277,0
162,42,1849,735,2925,1375,0
162,43,1849,735,2505,1463,0
162,44,1849,735,1791,2744,0
162,45,1849,735,1916,1718,0
162,46,1849,735,167,2831,0
162,47,1849,735,2315,236,0
162,48,1849,735,1902,1139,0
162,49,1849,735,1443,2554,0
162,50,1849,735,194,2519,0
162,51,1849,735,301,248,0
162,52,1849,735,934,2502,0
162,53,1849,735,343,1045,0
162,54,1849,735,1542,1250,0
162,55,1849,735,2149,1171,0
162,56,1849,735,2055,1783,0
162,57,1849,735,941,1993,0
162,58,1849,735,123,1452,0
162,59,1849,735,2845,2865,0
162,60,1849,735,1089,2442,0
162,61,1849,735,859,1946,0
162,62,1849,735,1024,191,0
162,63,1849,735,640,1179,0
162,64,1849,735,2225,946,0
162,65,1849,735,349,822,0
162,66,1849,735,826,2377,0
162,67,1849,735,1638,96,0
162,68,1849,735,2727,990,0
162,69,1849,735,2915,1910,0
162,70,1849,735,1406,1407,0
162,71,1849,735,2216,2614,0
162,72,1849,735,1497,453,0
162,73,1849,735,1462,1798,0
162,74,1849,735,1212,215,0
162,75,1849,735,2881,2014,0
162,76,1849,735,32,1929,0
162,77,1849,735,2695,266,0
162,78,1849,735,2042,2855,0
162,79,1849,735,193,1354,0
162,80,1849,735,123,892,0
162,81,1849,735,2391,199,0
162,82,1849,735,738,1556,0
162,83,1849,735,656,1512,0
162,84,1849,735,2081,2886,0
162,85,1849,735,2720,2097,0
162,86,1849,735,2245,1289,0
162,87,1849,735,714,2990,0
162,88,1849,735,2800,641,0
162,89,1849,735,2389,2741,0
162,90,1849,735,538,2170,0
162,91,1849,735,2767,2393,0
162,92,1849,735,1270,693,0
162,93,1849,735,2649,133,0
162,94,1849,735,782,2023,0
162,95,1849,735,551,1308,0
162,96,1849,735,2784,254,0
162,97,1849,735,2443,1306,0
162,98,1849,735,1619,1722,0
162,99,1849,735,508,1060,0
162,100,1849,735,2201,1345,0
162,101,1849,735,2587,861,0
162,102,1849,735,2593,412,0
162,103,1849,735,2995,1976,0
162,104,1849,735,2546,755,0
162,105,1849,735,1384,10,0
162,106,1849,735,1458,697,0
162,107,1849,735,52,2157,0
162,108,1849,735,2017,217,0
162,109,1849,735,2750,1252,0
162,110,1849,735,1972,2182,0
162,111,1849,735,736,1220,0
162,112,1849,735,1701,2178,0
162,113,1849,735,27,769,0
162,114,1849,735,148,1215,0
162,115,1849,735,1308,917,0
162,116,1849,735,579,885,0
162,117,1849,735,2737,2060,0
162,118,1849,735,1739,2828,0
162,119,1849,735,1339,2055,0
162,120,1849,735,1479,618,0
162,121,1849,735,1518,2678,0
162,122,1849,735,2663,2085,0
162,123,1849,735,1536,440,0
162,124,1849,735,2347,485,0
162,125,1849,735,2244,1545,0
162,126,1849,735,1821,2562,0
162,127,1849,735,1162,1754,0
162,128,1849,735,476,1205,0
162,129,1849,735,1692,876,0
162,130,1849,735,300,1205,0
162,131,1849,735,2003,1714,0
162,132,1849,735,381,1336,0
162,133,1849,735,2948,2728,0
162,134,1849,735,1258,2583,0
162,135,1849,735,1121,2987,0
162,136,1849,735,2245,575,0
162,137,1849,735,721,430,0
162,138,1849,735,1441,992,0
162,139,1849,735,2326,2998,0
162,140,1849,735,976,329,0
162,141,1849,735,2900,191,0
162,142,1849,735,1962,1771,0
162,143,1849,735,238,1665,0
162,144,1849,735,295,1936,0
162,145,1849,735,1854,141,0
162,146,1849,735,2927,2918,0
162,147,1849,735,652,2117,0
162,148,1849,735,1281,1593,0
162,149,1849,735,1093,2355,0
162,150,1849,735,821,2889,0
162,151,1849,735,2640,293,0
162,152,1849,735,2213,1092,0
162,153,1849,735,2554,526,0
162,154,1849,735,773,2759,0
162,155,1849,735,2398,2598,0
162,156,1849,735,352,1773,0
162,157,1849,735,136,1123,0
162,158,1849,735,2533,1961,0
162,159,1849,735,1274,2648,0
162,160,1849,735,2856,1016,0
162,161,1849,735,723,68,0
162,163,1849,735,1750,564,0
162,164,1849,735,21,376,0
162,165,1849,735,2035,939,0
162,166,1849,735,1752,1825,0
162,167,1849,735,2384,871,0
162,168,1849,735,1034,788,0
162,169,1849,735,1867,2645,0
162,170,1849,735,940,504,0
162,171,1849,735,1519,1618,0
162,172,1849,735,1392,2416,0
162,173,1849,735,1843,947,0
162,174,1849,735,1387,1345,0
162,175,1849,735,2479,1210,0
162,176,1849,735,1555,1680,0
162,177,1849,735,160,2470,0
162,178,1849,735,2692,2143,0
162,179,1849,735,158,2357,0
162,180,1849,735,2335,890,0
162,181,1849,735,1761,1075,0
162,182,1849,735,2099,406,0
163,0,1750,564,1639,2892,0
163,1,1750,564,1329,745,0
163,2,1750,564,443,1218,0
163,3,1750,564,2514,1181,0
163,4,1750,564,2286,223,0
163,5,1750,564,595,2408,0
163,6,1750,564,1383,2289,0
163,7,1750,564,1795,201,0
163,8,1750,564,2598,838,0
163,9,1750,564,813,1715,0
163,10,1750,564,1135,391,0
163,11,1750,564,1132,1878,0
163,12,1750,564,2041,661,0
163,13,1750,564,1434,670,0
163,14,1750,564,300,623,0
163,15,1750,564,1559,2032,0
163,16,1750,564,1224,2119,0
163,17,1750,564,838,460,0
163,18,1750,564,352,2688,0
163,19,1750,564,2179,352,0
163,20,1750,564,525,672,0
163,21,1750,564,1652,2883,0
163,22,1750,564,1373,2660,0
163,23,1750,564,2814,1659,0
163,24,1750,564,1449,1659,0
163,25,1750,564,2305,1303,0
163,26,1750,564,769,677,0
163,27,1750,564,2295,2940,0
163,28,1750,564,577,2880,0
163,29,1750,564,1614,2810,0
163,30,1750,564,47,1395,0
163,31,1750,564,2664,803,0
163,32,1750,564,2309,2153,0
163,33,1750,564,2074,2182,0
163,34,1750,564,1554,11,0
163,35,1750,564,1400,2146,0
163,36,1750,564,1795,740,0
163,37,1750,564,931,567,0
163,38,1750,564,1254,1779,0
163,39,1750,564,45,883,0
163,40,1750,564,1359,119,0
163,41,1750,564,2127,1277,0
163,42,1750,564,2925,1375,0
163,43,1750,564,2505,1463,0
163,44,1750,564,1791,2744,0
163,45,1750,564,1916,1718,0
163,46,1750,564,167,2831,0
163,47,1750,564,2315,236,0
163,48,1750,564,1902,1139,0
163,49,1750,564,1443,2554,0
163,50,1750,564,194,2519,0
163,51,1750,564,301,248,0
163,52,1750,564,934,2502,0
163,53,1750,564,343,1045,0
163,54,1750,564,1542,1250,0
163,55,1750,564,2149,1171,0
163,56,1750,564,2055,1783,0
163,57,1750,564,941,1993,0
163,58,1750,564,123,1452,0
163,59,1750,564,2845,2865,0
163,60,1750,564,1089,2442,0
163,61,1750,564,859,1946,0
163,62,1750,564,1024,191,0
163,63,1750,564,640,1179,0
163,64,1750,564,2225,946,0
163,65,1750,564,349,822,0
163,66,1750,564,826,2377,0
163,67,1750,564,1638,96,0
163,68,1750,564,2727,990,0
163,69,1750,564,2915,1910,0
163,70,1750,564,1406,1407,0
163,71,1750,564,2216,2614,0
163,72,1750,564,1497,453,0
163,73,1750,564,1462,1798,0
163,74,1750,564,1212,215,0
163,75,1750,564,2881,2014,0
163,76,1750,564,32,1929,0
163,77,1750,564,2695,266,0
163,78,1750,564,2042,2855,0
163,79,1750,564,193,1354,0
163,80,1750,564,123,892,0
163,81,1750,564,2391,199,0
163,82,1750,564,738,1556,0
163,83,1750,564,656,1512,0
163,84,1750,564,2081,2886,0
163,85,1750,564,2720,2097,0
163,86,1750,564,2245,1289,0
163,87,1750,564,714,2990,0
163,88,1750,564,2800,641,0
163,89,1750,564,2389,2741,0
163,90,1750,564,538,2170,0
163,91,1750,564,2767,2393,0
163,92,1750,564,1270,693,0
163,93,1750,564,2649,133,0
163,94,1750,564,782,2023,0
163,95,1750,564,551,1308,0
163,96,1750,564,2784,254,0
163,97,1750,564,2443,1306,0
163,98,1750,564,1619,1722,0
163,99,1750,564,508,1060,0
163,100,1750,564,2201,1345,0
163,101,1750,564,2587,861,0
163,102,1750,564,2593,412,0
163,103,1750,564,2995,1976,0
163,104,1750,564,2546,755,0
163,105,1750,564,1384,10,0
163,106,1750,564,1458,697,0
163,107,1750,564,52,2157,0
163,108,1750,564,2017,217,0
163,109,1750,564,2750,1252,0
163,110,1750,564,1972,2182,0
163,111,1750,564,736,1220,0
163,112,1750,564,1701,2178,0
163,113,1750,564,27,769,0
163,114,1750,564,148,1215,0
163,115,1750,564,1308,917,0
163,116,1750,564,579,885,0
163,117,1750,564,2737,2060,0
163,118,1750,564,1739,2828,0
163,119,1750,564,1339,2055,0
163,120,1750,564,1479,618,0
163,121,1750,564,1518,2678,0
163,122,1750,564,2663,2085,0
163,123,1750,564,1536,440,1
163,124,1750,564,2347,485,0
163,125,1750,564,2244,1545,0
163,126,1750,564,1821,2562,0
163,127,1750,564,1162,1754,0
163,128,1750,564,476,1205,0
163,129,1750,564,1692,876,0
163,130,1750,564,300,1205,0
163,131,1750,564,2003,1714,0
163,132,1750,564,381,1336,0
163,133,1750,564,2948,2728,0
163,134,1750,564,1258,2583,0
163,135,1750,564,1121,2987,0
163,136,1750,564,2245,575,0
163,137,1750,564,721,430,0
163,138,1750,564,1441,992,0
163,139,1750,564,2326,2998,0
163,140,1750,564,976,329,0
163,141,1750,564,2900,191,0
163,142,1750,564,1962,1771,0
163,143,1750,564,238,1665,0
163,144,1750,564,295,1936,0
163,145,1750,564,1854,141,0
163,146,1750,564,2927,2918,0
163,147,1750,564,652,2117,0
163,148,1750,564,1281,1593,0
163,149,1750,564,1093,2355,0
163,150,1750,564,821,2889,0
163,151,1750,564,2640,293,0
163,152,1750,564,2213,1092,0
163,153,1750,564,2554,526,0
163,154,1750,564,773,2759,0
163,155,1750,564,2398,2598,0
163,156,1750,564,352,1773,0
163,157,1750,564,136,1123,0
163,158,1750,564,2533,1961,0
163,159,1750,564,1274,2648,0
163,160,1750,564,2856,1016,0
163,161,1750,564,723,68,0
163,162,1750,564,1849,735,0
163,164,1750,564,21,376,0
163,165,1750,564,2035,939,0
163,166,1750,564,1752,1825,0
163,167,1750,564,2384,871,0
163,168,1750,564,1034,788,0
163,169,1750,564,1867,2645,0
163,170,1750,564,940,504,0
163,171,1750,564,1519,1618,0
163,172,1750,564,1392,2416,0
163,173,1750,564,1843,947,0
163,174,1750,564,1387,1345,0
163,175,1750,564,2479,1210,0
163,176,1750,564,1555,1680,0
163,177,1750,564,160,2470,0
163,178,1750,564,2692,2143,0
163,179,1750,564,158,2357,0
163,180,1750,564,2335,890,0
163,181,1750,564,1761,1075,0
163,182,1750,564,2099,406,0
164,0,21,376,1639,2892,0
164,1,21,376,1329,745,0
164,2,21,376,443,1218,0
164,3,21,376,2514,1181,0
164,4,21,376,2286,223,0
164,5,21,376,595,2408,0
164,6,21,376,1383,2289,0
164,7,21,376,1795,201,0
164,8,21,376,2598,838,0
164,9,21,376,813,1715,0
164,10,21,376,1135,391,0
164,11,21,376,1132,1878,0
164,12,21,376,2041,661,0
164,13,21,376,1434,670,0
164,14,21,376,300,623,0
164,15,21,376,1559,2032,0
164,16,21,376,1224,2119,0
164,17,21,376,838,460,0
164,18,21,376,352,2688,0
164,19,21,376,2179,352,0
164,20,21,376,525,672,0
164,21,21,376,1652,2883,0
164,22,21,376,1373,2660,0
164,23,21,376,2814,1659,0
164,24,21,376,1449,1659,0
164,25,21,376,2305,1303,0
164,26,21,376,769,677,0
164,27,21,376,2295,2940,0
164,28,21,376,577,2880,0
164,29,21,376,1614,2810,0
164,30,21,376,47,1395,0
164,31,21,376,2664,803,0
164,32,21,376,2309,2153,0
164,33,21,376,2074,2182,0
164,34,21,376,1554,11,0
164,35,21,376,1400,2146,0
164,36,21,376,1795,740,0
164,37,21,376,931,567,0
164,38,21,376,1254,1779,0
164,39,21,376,45,883,0
164,40,21,376,1359,119,0
164,41,21,376,2127,1277,0
164,42,21,376,2925,1375,0
164,43,21,376,2505,1463,0
164,44,21,376,1791,2744,0
164,45,21,376,1916,1718,0
164,46,21,376,167,2831,0
164,47,21,376,2315,236,0
164,48,21,376,1902,1139,0
164,49,21,376,1443,2554,0
164,50,21,376,194,2519,0
164,51,21,376,301,248,1
164,52,21,376,934,2502,0
164,53,21,376,343,1045,0
164,54,21,376,1542,1250,0
164,55,21,376,2149,1171,0
164,56,21,376,2055,1783,0
164,57,21,376,941,1993,0
164,58,21,376,123,1452,0
164,59,21,376,2845,2865,0
164,60,21,376,1089,2442,0
164,61,21,376,859,1946,0
164,62,21,376,1024,191,0
164,63,21,376,640,1179,0
164,64,21,376,2225,946,0
164,65,21,376,349,822,0
164,66,21,376,826,2377,0
164,67,21,376,1638,96,0
164,68,21,376,2727,990,0
164,69,21,376,2915,1910,0
164,70,21,376,1406,1407,0
164,71,21,376,2216,2614,0
164,72,21,376,1497,453,0
164,73,21,376,1462,1798,0
164,74,21,376,1212,215,0
164,75,21,376,2881,2014,0
164,76,21,376,32,1929,0
164,77,21,376,2695,266,0
164,78,21,376,2042,2855,0
164,79,21,376,193,1354,0
164,80,21,376,123,892,0
164,81,21,376,2391,199,0
164,82,21,376,738,1556,0
164,83,21,376,656,1512,0
164,84,21,376,2081,2886,0
164,85,21,376,2720,2097,0
164,86,21,376,2245,1289,0
164,87,21,376,714,2990,0
164,88,21,376,2800,641,0
164,89,21,376,2389,2741,0
164,90,21,376,538,2170,0
164,91,21,376,2767,2393,0
164,92,21,376,1270,693,0
164,93,21,376,2649,133,0
164,94,21,376,782,2023,0
164,95,21,376,551,1308,0
164,96,21,376,2784,254,0
164,97,21,376,2443,1306,0
164,98,21,376,1619,1722,0
164,99,21,376,508,1060,0
164,100,21,376,2201,1345,0
164,101,21,376,2587,861,0
164,102,21,376,2593,412,0
164,103,21,376,2995,1976,0
164,104,21,376,2546,755,0
164,105,21,376,1384,10,0
164,106,21,376,1458,697,0
164,107,21,376,52,2157,0
164,108,21,376,2017,217,0
164,109,21,376,2750,1252,0
164,110,21,376,1972,2182,0
164,111,21,376,736,1220,0
164,112,21,376,1701,2178,0
164,113,21,376,27,769,0
164,114,21,376,148,1215,0
164,115,21,376,1308,917,0
164,116,21,376,579,885,0
164,117,21,376,2737,2060,0
164,118,21,376,1739,2828,0
164,119,21,376,1339,2055,0
164,120,21,376,1479,618,0
164,121,21,376,1518,2678,0
164,122,21,376,2663,2085,0
164,123,21,376,1536,440,0
164,124,21,376,2347,485,0
164,125,21,376,2244,1545,0
164,126,21,376,1821,2562,0
164,127,21,376,1162,1754,0
164,128,21,376,476,1205,0
164,129,21,376,1692,876,0
164,130,21,376,300,1205,0
164,131,21,376,2003,1714,0
164,132,21,376,381,1336,0
164,133,21,376,2948,2728,0
164,134,21,376,1258,2583,0
164,135,21,376,1121,2987,0
164,136,21,376,2245,575,0
164,137,21,376,721,430,0
164,138,21,376,1441,992,0
164,139,21,376,2326,2998,0
164,140,21,376,976,329,0
164,141,21,376,2900,191,0
164,142,21,376,1962,1771,0
164,143,21,376,238,1665,0
164,144,21,376,295,1936,0
164,145,21,376,1854,141,0
164,146,21,376,2927,2918,0
164,147,21,376,652,2117,0
164,148,21,376,1281,1593,0
164,149,21,376,1093,2355,0
164,150,21,376,821,2889,0
164,151,21,376,2640,293,0
164,152,21,376,2213,1092,0
164,153,21,376,2554,526,0
164,154,21,376,773,2759,0
164,155,21,376,2398,2598,0
164,156,21,376,352,1773,0
164,157,21,376,136,1123,0
164,158,21,376,2533,1961,0
164,159,21,376,1274,2648,0
164,160,21,376,2856,1016,0
164,161,21,376,723,68,0
164,162,21,376,1849,735,0
164,163,21,376,1750,564,0
164,165,21,376,2035,939,0
164,166,21,376,1752,1825,0
164,167,21,376,2384,871,0
164,168,21,376,1034,788,0
164,169,21,376,1867,2645,0
164,170,21,376,940,504,0
164,171,21,376,1519,1618,0
164,172,21,376,1392,2416,0
164,173,21,376,1843,947,0
164,174,21,376,1387,1345,0
164,175,21,376,2479,1210,0
164,176,21,376,1555,1680,0
164,177,21,376,160,2470,0
164,178,21,376,2692,2143,0
164,179,21,376,158,2357,0
164,180,21,376,2335,890,0
164,181,21,376,1761,1075,0
164,182,21,376,2099,406,0
165,0,2035,939,1639,2892,0
165,1,2035,939,1329,745,0
165,2,2035,939,443,1218,0
165,3,2035,939,2514,1181,0
165,4,2035,939,2286,223,0
165,5,2035,939,595,2408,0
165,6,2035,939,1383,2289,0
165,7,2035,939,1795,201,0
165,8,2035,939,2598,838,0
165,9,2035,939,813,1715,0
165,10,2035,939,1135,391,0
165,11,2035,939,1132,1878,0
165,12,2035,939,2041,661,0
165,13,2035,939,1434,670,0
165,14,2035,939,300,623,0
165,15,2035,939,1559,2032,0
165,16,2035,939,1224,2119,0
165,17,2035,939,838,460,0
165,18,2035,939,352,2688,0
165,19,2035,939,2179,352,0
165,20,2035,939,525,672,0
165,21,2035,939,1652,2883,0
165,22,2035,939,1373,2660,0
165,23,2035,939,2814,1659,0
165,24,2035,939,1449,1659,0
165,25,2035,939,2305,1303,0
165,26,2035,939,769,677,0
165,27,2035,939,2295,2940,0
165,28,2035,939,577,2880,0
165,29,2035,939,1614,2810,0
165,30,2035,939,47,1395,0
165,31,2035,939,2664,803,0
165,32,2035,939,2309,2153,0
165,33,2035,939,2074,2182,0
165,34,2035,939,1554,11,0
165,35,2035,939,1400,2146,0
165,36,2035,939,1795,740,0
165,37,2035,939,931,567,0
165,38,2035,939,1254,1779,0
165,39,2035,939,45,883,0
165,40,2035,939,1359,119,0
165,41,2035,939,2127,1277,0
165,42,2035,939,2925,1375,0
165,43,2035,939,2505,1463,0
165,44,2035,939,1791,2744,0
165,45,2035,939,1916,1718,0
165,46,2035,939,167,2831,0
165,47,2035,939,2315,236,0
165,48,2035,939,1902,1139,0
165,49,2035,939,1443,2554,0
165,50,2035,939,194,2519,0
165,51,2035,939,301,248,0
165,52,2035,939,934,2502,0
165,53,2035,939,343,1045,0
165,54,2035,939,1542,1250,0
165,55,2035,939,2149,1171,0
165,56,2035,939,2055,1783,0
165,57,2035,939,941,1993,0
165,58,2035,939,123,1452,0
165,59,2035,939,2845,2865,0
165,60,2035,939,1089,2442,0
165,61,2035,939,859,1946,0
165,62,2035,939,1024,191,0
165,63,2035,939,640,1179,0
165,64,2035,939,2225,946,1
165,65,2035,939,349,822,0
165,66,2035,939,826,2377,0
165,67,2035,939,1638,96,0
165,68,2035,939,2727,990,0
165,69,2035,939,2915,1910,0
165,70,2035,939,1406,1407,0
165,71,2035,939,2216,2614,0
165,72,2035,939,1497,453,0
165,73,2035,939,1462,1798,0
165,74,2035,939,1212,215,0
165,75,2035,939,2881,2014,0
165,76,2035,939,32,1929,0
165,77,2035,939,2695,266,0
165,78,2035,939,2042,2855,0
165,79,2035,939,193,1354,0
165,80,2035,939,123,892,0
165,81,2035,939,2391,199,0
165,82,2035,939,738,1556,0
165,83,2035,939,656,1512,0
165,84,2035,939,2081,2886,0
165,85,2035,939,2720,2097,0
165,86,2035,939,2245,1289,0
165,87,2035,939,714,2990,0
165,88,2035,939,2800,641,0
165,89,2035,939,2389,2741,0
165,90,2035,939,538,2170,0
165,91,2035,939,2767,2393,0
165,92,2035,939,1270,693,0
165,93,2035,939,2649,133,0
165,94,2035,939,782,2023,0
165,95,2035,939,551,1308,0
165,96,2035,939,2784,254,0
165,97,2035,939,2443,1306,0
165,98,2035,939,1619,1722,0
165,99,2035,939,508,1060,0
165,100,2035,939,2201,1345,0
165,101,2035,939,2587,861,0
165,102,2035,939,2593,412,0
165,103,2035,939,2995,1976,0
165,104,2035,939,2546,755,0
165,105,2035,939,1384,10,0
165,106,2035,939,1458,697,0
165,107,2035,939,52,2157,0
165,108,2035,939,2017,217,0
165,109,2035,939,2750,1252,0
165,110,2035,939,1972,2182,0
165,111,2035,939,736,1220,0
165,112,2035,939,1701,2178,0
165,113,2035,939,27,769,0
165,114,2035,939,148,1215,0
165,115,2035,939,1308,917,0
165,116,2035,939,579,885,0
165,117,2035,939,2737,2060,0
165,118,2035,939,1739,2828,0
165,119,2035,939,1339,2055,0
165,120,2035,939,1479,618,0
165,121,2035,939,1518,2678,0
165,122,2035,939,2663,2085,0
165,123,2035,939,1536,440,0
165,124,2035,939,2347,485,0
165,125,2035,939,2244,1545,0
165,126,2035,939,1821,2562,0
165,127,2035,939,1162,1754,0
165,128,2035,939,476,1205,0
165,129,2035,939,1692,876,0
165,130,2035,939,300,1205,0
165,131,2035,939,2003,1714,0
165,132,2035,939,381,1336,0
165,133,2035,939,2948,2728,0
165,134,2035,939,1258,2583,0
165,135,2035,939,1121,2987,0
165,136,2035,939,2245,575,0
165,137,2035,939,721,430,0
165,138,2035,939,1441,992,0
165,139,2035,939,2326,2998,0
165,140,2035,939,976,329,0
165,141,2035,939,2900,191,0
165,142,2035,939,1962,1771,0
165,143,2035,939,238,1665,0
165,144,2035,939,295,1936,0
165,145,2035,939,1854,141,0
165,146,2035,939,2927,2918,0
165,147,2035,939,652,2117,0
165,148,2035,939,1281,1593,0
165,149,2035,939,1093,2355,0
165,150,2035,939,821,2889,0
165,151,2035,939,2640,293,0
165,152,2035,939,2213,1092,0
165,153,2035,939,2554,526,0
165,154,2035,939,773,2759,0
165,155,2035,939,2398,2598,0
165,156,2035,939,352,1773,0
165,157,2035,939,136,1123,0
165,158,2035,939,2533,1961,0
165,159,2035,939,1274,2648,0
165,160,2035,939,2856,1016,0
165,161,2035,939,723,68,0
165,162,2035,939,1849,735,0
165,163,2035,939,1750,564,0
165,164,2035,939,21,376,0
165,166,2035,939,1752,1825,0
165,167,2035,939,2384,871,0
165,168,2035,939,1034,788,0
165,169,2035,939,1867,2645,0
165,170,2035,939,940,504,0
165,171,2035,939,1519,1618,0
165,172,2035,939,1392,2416,0
165,173,2035,939,1843,947,0
165,174,2035,939,1387,1345,0
165,175,2035,939,2479,1210,0
165,176,2035,939,1555,1680,0
165,177,2035,939,160,2470,0
165,178,2035,939,2692,2143,0
165,179,2035,939,158,2357,0
165,180,2035,939,2335,890,0
165,181,2035,939,1761,1075,0
165,182,2035,939,2099,406,0
166,0,1752,1825,1639,2892,0
166,1,1752,1825,1329,745,0
166,2,1752,1825,443,1218,0
166,3,1752,1825,2514,1181,0
166,4,1752,1825,2286,223,0
166,5,1752,1825,595,2408,0
166,6,1752,1825,1383,2289,0
166,7,1752,1825,1795,201,0
166,8,1752,1825,2598,838,0
166,9,1752,1825,813,1715,0
166,10,1752,1825,1135,391,0
166,11,1752,1825,1132,1878,0
166,12,1752,1825,2041,661,0
166,13,1752,1825,1434,670,0
166,14,1752,1825,300,623,0
166,15,1752,1825,1559,2032,0
166,16,1752,1825,1224,2119,0
166,17,1752,1825,838,460,0
166,18,1752,1825,352,2688,0
166,19,1752,1825,2179,352,0
166,20,1752,1825,525,672,0
166,21,1752,1825,1652,2883,0
166,22,1752,1825,1373,2660,0
166,23,1752,1825,2814,1659,0
166,24,1752,1825,1449,1659,0
166,25,1752,1825,2305,1303,0
166,26,1752,1825,769,677,0
166,27,1752,1825,2295,2940,0
166,28,1752,1825,577,2880,0
166,29,1752,1825,1614,2810,0
166,30,1752,1825,47,1395,0
166,31,1752,1825,2664,803,0
166,32,1752,1825,2309,2153,0
166,33,1752,1825,2074,2182,0
166,34,1752,1825,1554,11,0
166,35,1752,1825,1400,2146,0
166,36,1752,1825,1795,740,0
166,37,1752,1825,931,567,0
166,38,1752,1825,1254,1779,0
166,39,1752,1825,45,883,0
166,40,1752,1825,1359,119,0
166,41,1752,1825,2127,1277,0
166,42,1752,1825,2925,1375,0
166,43,1752,1825,2505,1463,0
166,44,1752,1825,1791,2744,0
166,45,1752,1825,1916,1718,0
166,46,1752,1825,167,2831,0
166,47,1752,1825,2315,236,0
166,48,1752,1825,1902,1139,0
166,49,1752,1825,1443,2554,0
166,50,1752,1825,194,2519,0
166,51,1752,1825,301,248,0
166,52,1752,1825,934,2502,0
166,53,1752,1825,343,1045,0
166,54,1752,1825,1542,1250,0
166,55,1752,1825,2149,1171,0
166,56,1752,1825,2055,1783,0
166,57,1752,1825,941,1993,0
166,58,1752,1825,123,1452,0
166,59,1752,1825,2845,2865,0
166,60,1752,1825,1089,2442,0
166,61,1752,1825,859,1946,0
166,62,1752,1825,1024,191,0
166,63,1752,1825,640,1179,0
166,64,1752,1825,2225,946,0
166,65,1752,1825,349,822,0
166,66,1752,1825,826,2377,0
166,67,1752,1825,1638,96,0
166,68,1752,1825,2727,990,0
166,69,1752,1825,2915,1910,0
166,70,1752,1825,1406,1407,0
166,71,1752,1825,2216,2614,0
166,72,1752,1825,1497,453,0
166,73,1752,1825,1462,1798,0
166,74,1752,1825,1212,215,0
166,75,1752,1825,2881,2014,0
166,76,1752,1825,32,1929,0
166,77,1752,1825,2695,266,0
166,78,1752,1825,2042,2855,0
166,79,1752,1825,193,1354,0
166,80,1752,1825,123,892,0
166,81,1752,1825,2391,199,0
166,82,1752,1825,738,1556,0
166,83,1752,1825,656,1512,0
166,84,1752,1825,2081,2886,0
166,85,1752,1825,2720,2097,0
166,86,1752,1825,2245,1289,0
166,87,1752,1825,714,2990,0
166,88,1752,1825,2800,641,0
166,89,1752,1825,2389,2741,0
166,90,1752,1825,538,2170,0
166,91,1752,1825,2767,2393,0
166,92,1752,1825,1270,693,0
166,93,1752,1825,2649,133,0
166,94,1752,1825,782,2023,0
166,95,1752,1825,551,1308,0
166,96,1752,1825,2784,254,0
166,97,1752,1825,2443,1306,0
166,98,1752,1825,1619,1722,1
166,99,1752,1825,508,1060,0
166,100,1752,1825,2201,1345,0
166,101,1752,1825,2587,861,0
166,102,1752,1825,2593,412,0
166,103,1752,1825,2995,1976,0
166,104,1752,1825,2546,755,0
166,105,1752,1825,1384,10,0
166,106,1752,1825,1458,697,0
166,107,1752,1825,52,2157,0
166,108,1752,1825,2017,217,0
166,109,1752,1825,2750,1252,0
166,110,1752,1825,1972,2182,0
166,111,1752,1825,736,1220,0
166,112,1752,1825,1701,2178,0
166,113,1752,1825,27,769,0
166,114,1752,1825,148,1215,0
166,115,1752,1825,1308,917,0
166,116,1752,1825,579,885,0
166,117,1752,1825,2737,2060,0
166,118,1752,1825,1739,2828,0
166,119,1752,1825,1339,2055,0
166,120,1752,1825,1479,618,0
166,121,1752,1825,1518,2678,0
166,122,1752,1825,2663,2085,0
166,123,1752,1825,1536,440,0
166,124,1752,1825,2347,485,0
166,125,1752,1825,2244,1545,0
166,126,1752,1825,1821,2562,0
166,127,1752,1825,1162,1754,0
166,128,1752,1825,476,1205,0
166,129,1752,1825,1692,876,0
166,130,1752,1825,300,1205,0
166,131,1752,1825,2003,1714,0
166,132,1752,1825,381,1336,0
166,133,1752,1825,2948,2728,0
166,134,1752,1825,1258,2583,0
166,135,1752,1825,1121,2987,0
166,136,1752,1825,2245,575,0
166,137,1752,1825,721,430,0
166,138,1752,1825,1441,992,0
166,139,1752,1825,2326,2998,0
166,140,1752,1825,976,329,0
166,141,1752,1825,2900,191,0
166,142,1752,1825,1962,1771,0
166,143,1752,1825,238,1665,0
166,144,1752,1825,295,1936,0
166,145,1752,1825,1854,141,0
166,146,1752,1825,2927,2918,0
166,147,1752,1825,652,2117,0
166,148,1752,1825,1281,1593,0
166,149,1752,1825,1093,2355,0
166,150,1752,1825,821,2889,0
166,151,1752,1825,2640,293,0
166,152,1752,1825,2213,1092,0
166,153,1752,1825,2554,526,0
166,154,1752,1825,773,2759,0
166,155,1752,1825,2398,2598,0
166,156,1752,1825,352,1773,0
166,157,1752,1825,136,1123,0
166,158,1752,1825,2533,1961,0
166,159,1752,1825,1274,2648,0
166,160,1752,1825,2856,1016,0
166,161,1752,1825,723,68,0
166,162,1752,1825,1849,735,0
166,163,1752,1825,1750,564,0
166,164,1752,1825,21,376,0
166,165,1752,1825,2035,939,0
166,167,1752,1825,2384,871,0
166,168,1752,1825,1034,788,0
166,169,1752,1825,1867,2645,0
166,170,1752,1825,940,504,0
166,171,1752,1825,1519,1618,0
166,172,1752,1825,1392,2416,0
166,173,1752,1825,1843,947,0
166,174,1752,1825,1387,1345,0
166,175,1752,1825,2479,1210,0
166,176,1752,1825,1555,1680,0
166,177,1752,1825,160,2470,0
166,178,1752,1825,2692,2143,0
166,179,1752,1825,158,2357,0
166,180,1752,1825,2335,890,0
166,181,1752,1825,1761,1075,0
166,182,1752,1825,2099,406,0
167,0,2384,871,1639,2892,0
167,1,2384,871,1329,745,0
167,2,2384,871,443,1218,0
167,3,2384,871,2514,1181,0
167,4,2384,871,2286,223,0
167,5,2384,871,595,2408,0
167,6,2384,871,1383,2289,0
167,7,2384,871,1795,201,0
167,8,2384,871,2598,838,0
167,9,2384,871,813,1715,0
167,10,2384,871,1135,391,0
167,11,2384,871,1132,1878,0
167,12,2384,871,2041,661,0
167,13,2384,871,1434,670,0
167,14,2384,871,300,623,0
167,15,2384,871,1559,2032,0
167,16,2384,871,1224,2119,0
167,17,2384,871,838,460,0
167,18,2384,871,352,2688,0
167,19,2384,871,2179,352,0
167,20,2384,871,525,672,0
167,21,2384,871,1652,2883,0
167,22,2384,871,1373,2660,0
167,23,2384,871,2814,1659,0
167,24,2384,871,1449,1659,0
167,25,2384,871,2305,1303,0
167,26,2384,871,769,677,0
167,27,2384,871,2295,2940,0
167,28,2384,871,577,2880,0
167,29,2384,871,1614,2810,0
167,30,2384,871,47,1395,0
167,31,2384,871,2664,803,0
167,32,2384,871,2309,2153,0
167,33,2384,871,2074,2182,0
167,34,2384,871,1554,11,0
167,35,2384,871,1400,2146,0
167,36,2384,871,1795,740,0
167,37,2384,871,931,567,0
167,38,2384,871,1254,1779,0
167,39,2384,871,45,883,0
167,40,2384,871,1359,119,0
167,41,2384,871,2127,1277,0
167,42,2384,871,2925,1375,0
167,43,2384,871,2505,1463,0
167,44,2384,871,1791,2744,0
167,45,2384,871,1916,1718,0
167,46,2384,871,167,2831,0
167,47,2384,871,2315,236,0
167,48,2384,871,1902,1139,0
167,49,2384,871,1443,2554,0
167,50,2384,871,194,2519,0
167,51,2384,871,301,248,0
167,52,2384,871,934,2502,0
167,53,2384,871,343,1045,0
167,54,2384,871,1542,1250,0
167,55,2384,871,2149,1171,0
167,56,2384,871,2055,1783,0
167,57,2384,871,941,1993,0
167,58,2384,871,123,1452,0
167,59,2384,871,2845,2865,0
167,60,2384,871,1089,2442,0
167,61,2384,871,859,1946,0
167,62,2384,871,1024,191,0
167,63,2384,871,640,1179,0
167,64,2384,871,2225,946,0
167,65,2384,871,349,822,0
167,66,2384,871,826,2377,0
167,67,2384,871,1638,96,0
167,68,2384,871,2727,990,0
167,69,2384,871,2915,1910,0
167,70,2384,871,1406,1407,0
167,71,2384,871,2216,2614,0
167,72,2384,871,1497,453,0
167,73,2384,871,1462,1798,0
167,74,2384,871,1212,215,0
167,75,2384,871,2881,2014,0
167,76,2384,871,32,1929,0
167,77,2384,871,2695,266,0
167,78,2384,871,2042,2855,0
167,79,2384,871,193,1354,0
167,80,2384,871,123,892,0
167,81,2384,871,2391,199,0
167,82,2384,871,738,1556,0
167,83,2384,871,656,1512,0
167,84,2384,871,2081,2886,0
167,85,2384,871,2720,2097,0
167,86,2384,871,2245,1289,0
167,87,2384,871,714,2990,0
167,88,2384,871,2800,641,0
167,89,2384,871,2389,2741,0
167,90,2384,871,538,2170,0
167,91,2384,871,2767,2393,0
167,92,2384,871,1270,693,0
167,93,2384,871,2649,133,0
167,94,2384,871,782,2023,0
167,95,2384,871,551,1308,0
167,96,2384,871,2784,254,0
167,97,2384,871,2443,1306,0
167,98,2384,871,1619,1722,0
167,99,2384,871,508,1060,0
167,100,2384,871,2201,1345,0
167,101,2384,871,2587,861,0
167,102,2384,871,2593,412,0
167,103,2384,871,2995,1976,0
167,104,2384,871,2546,755,1
167,105,2384,871,1384,10,0
167,106,2384,871,1458,697,0
167,107,2384,871,52,2157,0
167,108,2384,871,2017,217,0
167,109,2384,871,2750,1252,0
167,110,2384,871,1972,2182,0
167,111,2384,871,736,1220,0
167,112,2384,871,1701,2178,0
167,113,2384,871,27,769,0
167,114,2384,871,148,1215,0
167,115,2384,871,1308,917,0
167,116,2384,871,579,885,0
167,117,2384,871,2737,2060,0
167,118,2384,871,1739,2828,0
167,119,2384,871,1339,2055,0
167,120,2384,871,1479,618,0
167,121,2384,871,1518,2678,0
167,122,2384,871,2663,2085,0
167,123,2384,871,1536,440,0
167,124,2384,871,2347,485,0
167,125,2384,871,2244,1545,0
167,126,2384,871,1821,2562,0
167,127,2384,871,1162,1754,0
167,128,2384,871,476,1205,0
167,129,2384,871,1692,876,0
167,130,2384,871,300,1205,0
167,131,2384,871,2003,1714,0
167,132,2384,871,381,1336,0
167,133,2384,871,2948,2728,0
167,134,2384,871,1258,2583,0
167,135,2384,871,1121,2987,0
167,136,2384,871,2245,575,0
167,137,2384,871,721,430,0
167,138,2384,871,1441,992,0
167,139,2384,871,2326,2998,0
167,140,2384,871,976,329,0
167,141,2384,871,2900,191,0
167,142,2384,871,1962,1771,0
167,143,2384,871,238,1665,0
167,144,2384,871,295,1936,0
167,145,2384,871,1854,141,0
167,146,2384,871,2927,2918,0
167,147,2384,871,652,2117,0
167,148,2384,871,1281,1593,0
167,149,2384,871,1093,2355,0
167,150,2384,871,821,2889,0
167,151,2384,871,2640,293,0
167,152,2384,871,2213,1092,0
167,153,2384,871,2554,526,0
167,154,2384,871,773,2759,0
167,155,2384,871,2398,2598,0
167,156,2384,871,352,1773,0
167,157,2384,871,136,1123,0
167,158,2384,871,2533,1961,0
167,159,2384,871,1274,2648,0
167,160,2384,871,2856,1016,0
167,161,2384,871,723,68,0
167,162,2384,871,1849,735,0
167,163,2384,871,1750,564,0
167,164,2384,871,21,376,0
167,165,2384,871,2035,939,0
167,166,2384,871,1752,1825,0
167,168,2384,871,1034,788,0
167,169,2384,871,1867,2645,0
167,170,2384,871,940,504,0
167,171,2384,871,1519,1618,0
167,172,2384,871,1392,2416,0
167,173,2384,871,1843,947,0
167,174,2384,871,1387,1345,0
167,175,2384,871,2479,1210,0
167,176,2384,871,1555,1680,0
167,177,2384,871,160,2470,0
167,178,2384,871,2692,2143,0
167,179,2384,871,158,2357,0
167,180,2384,871,2335,890,0
167,181,2384,871,1761,1075,0
167,182,2384,871,2099,406,0
168,0,1034,788,1639,2892,0
168,1,1034,788,1329,745,0
168,2,1034,788,443,1218,0
168,3,1034,788,2514,1181,0
168,4,1034,788,2286,223,0
168,5,1034,788,595,2408,0
168,6,1034,788,1383,2289,0
168,7,1034,788,1795,201,0
168,8,1034,788,2598,838,0
168,9,1034,788,813,1715,0
168,10,1034,788,1135,391,0
168,11,1034,788,1132,1878,0
168,12,1034,788,2041,661,0
168,13,1034,788,1434,670,0
168,14,1034,788,300,623,0
168,15,1034,788,1559,2032,0
168,16,1034,788,1224,2119,0
168,17,1034,788,838,460,0
168,18,1034,788,352,2688,0
168,19,1034,788,2179,352,0
168,20,1034,788,525,672,0
168,21,1034,788,1652,2883,0
168,22,1034,788,1373,2660,0
168,23,1034,788,2814,1659,0
168,24,1034,788,1449,1659,0
168,25,1034,788,2305,1303,0
168,26,1034,788,769,677,0
168,27,1034,788,2295,2940,0
168,28,1034,788,577,2880,0
168,29,1034,788,1614,2810,0
168,30,1034,788,47,1395,0
168,31,1034,788,2664,803,0
168,32,1034,788,2309,2153,0
168,33,1034,788,2074,2182,0
168,34,1034,788,1554,11,0
168,35,1034,788,1400,2146,0
168,36,1034,788,1795,740,0
168,37,1034,788,931,567,1
168,38,1034,788,1254,1779,0
168,39,1034,788,45,883,0
168,40,1034,788,1359,119,0
168,41,1034,788,2127,1277,0
168,42,1034,788,2925,1375,0
168,43,1034,788,2505,1463,0
168,44,1034,788,1791,2744,0
168,45,1034,788,1916,1718,0
168,46,1034,788,167,2831,0
168,47,1034,788,2315,236,0
168,48,1034,788,1902,1139,0
168,49,1034,788,1443,2554,0
168,50,1034,788,194,2519,0
168,51,1034,788,301,248,0
168,52,1034,788,934,2502,0
168,53,1034,788,343,1045,0
168,54,1034,788,1542,1250,0
168,55,1034,788,2149,1171,0
168,56,1034,788,2055,1783,0
168,57,1034,788,941,1993,0
168,58,1034,788,123,1452,0
168,59,1034,788,2845,2865,0
168,60,1034,788,1089,2442,0
168,61,1034,788,859,1946,0
168,62,1034,788,1024,191,0
168,63,1034,788,640,1179,0
168,64,1034,788,2225,946,0
168,65,1034,788,349,822,0
168,66,1034,788,826,2377,0
168,67,1034,788,1638,96,0
168,68,1034,788,2727,990,0
168,69,1034,788,2915,1910,0
168,70,1034,788,1406,1407,0
168,71,1034,788,2216,2614,0
168,72,1034,788,1497,453,0
168,73,1034,788,1462,1798,0
168,74,1034,788,1212,215,0
168,75,1034,788,2881,2014,0
168,76,1034,788,32,1929,0
168,77,1034,788,2695,266,0
168,78,1034,788,2042,2855,0
168,79,1034,788,193,1354,0
168,80,1034,788,123,892,0
168,81,1034,788,2391,199,0
168,82,1034,788,738,1556,0
168,83,1034,788,656,1512,0
168,84,1034,788,2081,2886,0
168,85,1034,788,2720,2097,0
168,86,1034,788,2245,1289,0
168,87,1034,788,714,2990,0
168,88,1034,788,2800,641,0
168,89,1034,788,2389,2741,0
168,90,1034,788,538,2170,0
168,91,1034,788,2767,2393,0
168,92,1034,788,1270,693,0
168,93,1034,788,2649,133,0
168,94,1034,788,782,2023,0
168,95,1034,788,551,1308,0
168,96,1034,788,2784,254,0
168,97,1034,788,2443,1306,0
168,98,1034,788,1619,1722,0
168,99,1034,788,508,1060,0
168,100,1034,788,2201,1345,0
168,101,1034,788,2587,861,0
168,102,1034,788,2593,412,0
168,103,1034,788,2995,1976,0
168,104,1034,788,2546,755,0
168,105,1034,788,1384,10,0
168,106,1034,788,1458,697,0
168,107,1034,788,52,2157,0
168,108,1034,788,2017,217,0
168,109,1034,788,2750,1252,0
168,110,1034,788,1972,2182,0
168,111,1034,788,736,1220,0
168,112,1034,788,1701,2178,0
168,113,1034,788,27,769,0
168,114,1034,788,148,1215,0
168,115,1034,788,1308,917,0
168,116,1034,788,579,885,0
168,117,1034,788,2737,2060,0
168,118,1034,788,1739,2828,0
168,119,1034,788,1339,2055,0
168,120,1034,788,1479,618,0
168,121,1034,788,1518,2678,0
168,122,1034,788,2663,2085,0
168,123,1034,788,1536,440,0
168,124,1034,788,2347,485,0
168,125,1034,788,2244,1545,0
168,126,1034,788,1821,2562,0
168,127,1034,788,1162,1754,0
168,128,1034,788,476,1205,0
168,129,1034,788,1692,876,0
168,130,1034,788,300,1205,0
168,131,1034,788,2003,1714,0
168,132,1034,788,381,1336,0
168,133,1034,788,2948,2728,0
168,134,1034,788,1258,2583,0
168,135,1034,788,1121,2987,0
168,136,1034,788,2245,575,0
168,137,1034,788,721,430,0
168,138,1034,788,1441,992,0
168,139,1034,788,2326,2998,0
168,140,1034,788,976,329,0
168,141,1034,788,2900,191,0
168,142,1034,788,1962,1771,0
168,143,1034,788,238,1665,0
168,144,1034,788,295,1936,0
168,145,1034,788,1854,141,0
168,146,1034,788,2927,2918,0
168,147,1034,788,652,2117,0
168,148,1034,788,1281,1593,0
168,149,1034,788,1093,2355,0
168,150,1034,788,821,2889,0
168,151,1034,788,2640,293,0
168,152,1034,788,2213,1092,0
168,153,1034,788,2554,526,0
168,154,1034,788,773,2759,0
168,155,1034,788,2398,2598,0
168,156,1034,788,352,1773,0
168,157,1034,788,136,1123,0
168,158,1034,788,2533,1961,0
168,159,1034,788,1274,2648,0
168,160,1034,788,2856,1016,0
168,161,1034,788,723,68,0
168,162,1034,788,1849,735,0
168,163,1034,788,1750,564,0
168,164,1034,788,21,376,0
168,165,1034,788,2035,939,0
168,166,1034,788,1752,1825,0
168,167,1034,788,2384,871,0
168,169,1034,788,1867,2645,0
168,170,1034,788,940,504,0
168,171,1034,788,1519,1618,0
168,172,1034,788,1392,2416,0
168,173,1034,788,1843,947,0
168,174,1034,788,1387,1345,0
168,175,1034,788,2479,1210,0
168,176,1034,788,1555,1680,0
168,177,1034,788,160,2470,0
168,178,1034,788,2692,2143,0
168,179,1034,788,158,2357,0
168,180,1034,788,2335,890,0
168,181,1034,788,1761,1075,0
168,182,1034,788,2099,406,0
169,0,1867,2645,1639,2892,0
169,1,1867,2645,1329,745,0
169,2,1867,2645,443,1218,0
169,3,1867,2645,2514,1181,0
169,4,1867,2645,2286,223,0
169,5,1867,2645,595,2408,0
169,6,1867,2645,1383,2289,0
169,7,1867,2645,1795,201,0
169,8,1867,2645,2598,838,0
169,9,1867,2645,813,1715,0
169,10,1867,2645,1135,391,0
169,11,1867,2645,1132,1878,0
169,12,1867,2645,2041,661,0
169,13,1867,2645,1434,670,0
169,14,1867,2645,300,623,0
169,15,1867,2645,1559,2032,0
169,16,1867,2645,1224,2119,0
169,17,1867,2645,838,460,0
169,18,1867,2645,352,2688,0
169,19,1867,2645,2179,352,0
169,20,1867,2645,525,672,0
169,21,1867,2645,1652,2883,0
169,22,1867,2645,1373,2660,0
169,23,1867,2645,2814,1659,0
169,24,1867,2645,1449,1659,0
169,25,1867,2645,2305,1303,0
169,26,1867,2645,769,677,0
169,27,1867,2645,2295,2940,0
169,28,1867,2645,577,2880,0
169,29,1867,2645,1614,2810,0
169,30,1867,2645,47,1395,0
169,31,1867,2645,2664,803,0
169,32,1867,2645,2309,2153,0
169,33,1867,2645,2074,2182,0
169,34,1867,2645,1554,11,0
169,35,1867,2645,1400,2146,0
169,36,1867,2645,1795,740,0
169,37,1867,2645,931,567,0
169,38,1867,2645,1254,1779,0
169,39,1867,2645,45,883,0
169,40,1867,2645,1359,119,0
169,41,1867,2645,2127,1277,0
169,42,1867,2645,2925,1375,0
169,43,1867,2645,2505,1463,0
169,44,1867,2645,1791,2744,0
169,45,1867,2645,1916,1718,0
169,46,1867,2645,167,2831,0
169,47,1867,2645,2315,236,0
169,48,1867,2645,1902,1139,0
169,49,1867,2645,1443,2554,0
169,50,1867,2645,194,2519,0
169,51,1867,2645,301,248,0
169,52,1867,2645,934,2502,0
169,53,1867,2645,343,1045,0
169,54,1867,2645,1542,1250,0
169,55,1867,2645,2149,1171,0
169,56,1867,2645,2055,1783,0
169,57,1867,2645,941,1993,0
169,58,1867,2645,123,1452,0
169,59,1867,2645,2845,2865,0
169,60,1867,2645,1089,2442,0
169,61,1867,2645,859,1946,0
169,62,1867,2645,1024,191,0
169,63,1867,2645,640,1179,0
169,64,1867,2645,2225,946,0
169,65,1867,2645,349,822,0
169,66,1867,2645,826,2377,0
169,67,1867,2645,1638,96,0
169,68,1867,2645,2727,990,0
169,69,1867,2645,2915,1910,0
169,70,1867,2645,1406,1407,0
169,71,1867,2645,2216,2614,0
169,72,1867,2645,1497,453,0
169,73,1867,2645,1462,1798,0
169,74,1867,2645,1212,215,0
169,75,1867,2645,2881,2014,0
169,76,1867,2645,32,1929,0
169,77,1867,2645,2695,266,0
169,78,1867,2645,2042,2855,0
169,79,1867,2645,193,1354,0
169,80,1867,2645,123,892,0
169,81,1867,2645,2391,199,0
169,82,1867,2645,738,1556,0
169,83,1867,2645,656,1512,0
169,84,1867,2645,2081,2886,0
169,85,1867,2645,2720,2097,0
169,86,1867,2645,2245,1289,0
169,87,1867,2645,714,2990,0
169,88,1867,2645,2800,641,0
169,89,1867,2645,2389,2741,0
169,90,1867,2645,538,2170,0
169,91,1867,2645,2767,2393,0
169,92,1867,2645,1270,693,0
169,93,1867,2645,2649,133,0
169,94,1867,2645,782,2023,0
169,95,1867,2645,551,1308,0
169,96,1867,2645,2784,254,0
169,97,1867,2645,2443,1306,0
169,98,1867,2645,1619,1722,0
169,99,1867,2645,508,1060,0
169,100,1867,2645,2201,1345,0
169,101,1867,2645,2587,861,0
169,102,1867,2645,2593,412,0
169,103,1867,2645,2995,1976,0
169,104,1867,2645,2546,755,0
169,105,1867,2645,1384,10,0
169,106,1867,2645,1458,697,0
169,107,1867,2645,52,2157,0
169,108,1867,2645,2017,217,0
169,109,1867,2645,2750,1252,0
169,110,1867,2645,1972,2182,0
169,111,1867,2645,736,1220,0
169,112,1867,2645,1701,2178,0
169,113,1867,2645,27,769,0
169,114,1867,2645,148,1215,0
169,115,1867,2645,1308,917,0
169,116,1867,2645,579,885,0
169,117,1867,2645,2737,2060,0
169,118,1867,2645,1739,2828,0
169,119,1867,2645,1339,2055,0
169,120,1867,2645,1479,618,0
169,121,1867,2645,1518,2678,0
169,122,1867,2645,2663,2085,0
169,123,1867,2645,1536,440,0
169,124,1867,2645,2347,485,0
169,125,1867,2645,2244,1545,0
169,126,1867,2645,1821,2562,1
169,127,1867,2645,1162,1754,0
169,128,1867,2645,476,1205,0
169,129,1867,2645,1692,876,0
169,130,1867,2645,300,1205,0
169,131,1867,2645,2003,1714,0
169,132,1867,2645,381,1336,0
169,133,1867,2645,2948,2728,0
169,134,1867,2645,1258,2583,0
169,135,1867,2645,1121,2987,0
169,136,1867,2645,2245,575,0
169,137,1867,2645,721,430,0
169,138,1867,2645,1441,992,0
169,139,1867,2645,2326,2998,0
169,140,1867,2645,976,329,0
169,141,1867,2645,2900,191,0
169,142,1867,2645,1962,1771,0
169,143,1867,2645,238,1665,0
169,144,1867,2645,295,1936,0
169,145,1867,2645,1854,141,0
169,146,1867,2645,2927,2918,0
169,147,1867,2645,652,2117,0
169,148,1867,2645,1281,1593,0
169,149,1867,2645,1093,2355,0
169,150,1867,2645,821,2889,0
169,151,1867,2645,2640,293,0
169,152,1867,2645,2213,1092,0
169,153,1867,2645,2554,526,0
169,154,1867,2645,773,2759,0
169,155,1867,2645,2398,2598,0
169,156,1867,2645,352,1773,0
169,157,1867,2645,136,1123,0
169,158,1867,2645,2533,1961,0
169,159,1867,2645,1274,2648,0
169,160,1867,2645,2856,1016,0
169,161,1867,2645,723,68,0
169,162,1867,2645,1849,735,0
169,163,1867,2645,1750,564,0
169,164,1867,2645,21,376,0
169,165,1867,2645,2035,939,0
169,166,1867,2645,1752,1825,0
169,167,1867,2645,2384,871,0
169,168,1867,2645,1034,788,0
169,170,1867,2645,940,504,0
169,171,1867,2645,1519,1618,0
169,172,1867,2645,1392,2416,0
169,173,1867,2645,1843,947,0
169,174,1867,2645,1387,1345,0
169,175,1867,2645,2479,1210,0
169,176,1867,2645,1555,1680,0
169,177,1867,2645,160,2470,0
169,178,1867,2645,2692,2143,0
169,179,1867,2645,158,2357,0
169,180,1867,2645,2335,890,0
169,181,1867,2645,1761,1075,0
169,182,1867,2645,2099,406,0
170,0,940,504,1639,2892,0
170,1,940,504,1329,745,0
170,2,940,504,443,1218,0
170,3,940,504,2514,1181,0
170,4,940,504,2286,223,0
170,5,940,504,595,2408,0
170,6,940,504,1383,2289,0
170,7,940,504,1795,201,0
170,8,940,504,2598,838,0
170,9,940,504,813,1715,0
170,10,940,504,1135,391,0
170,11,940,504,1132,1878,0
170,12,940,504,2041,661,0
170,13,940,504,1434,670,0
170,14,940,504,300,623,0
170,15,940,504,1559,2032,0
170,16,940,504,1224,2119,0
170,17,940,504,838,460,1
170,18,940,504,352,2688,0
170,19,940,504,2179,352,0
170,20,940,504,525,672,0
170,21,940,504,1652,2883,0
170,22,940,504,1373,2660,0
170,23,940,504,2814,1659,0
170,24,940,504,1449,1659,0
170,25,940,504,2305,1303,0
170,26,940,504,769,677,0
170,27,940,504,2295,2940,0
170,28,940,504,577,2880,0
170,29,940,504,1614,2810,0
170,30,940,504,47,1395,0
170,31,940,504,2664,803,0
170,32,940,504,2309,2153,0
170,33,940,504,2074,2182,0
170,34,940,504,1554,11,0
170,35,940,504,1400,2146,0
170,36,940,504,1795,740,0
170,37,940,504,931,567,0
170,38,940,504,1254,1779,0
170,39,940,504,45,883,0
170,40,940,504,1359,119,0
170,41,940,504,2127,1277,0
170,42,940,504,2925,1375,0
170,43,940,504,2505,1463,0
170,44,940,504,1791,2744,0
170,45,940,504,1916,1718,0
170,46,940,504,167,2831,0
170,47,940,504,2315,236,0
170,48,940,504,1902,1139,0
170,49,940,504,1443,2554,0
170,50,940,504,194,2519,0
170,51,940,504,301,248,0
170,52,940,504,934,2502,0
170,53,940,504,343,1045,0
170,54,940,504,1542,1250,0
170,55,940,504,2149,1171,0
170,56,940,504,2055,1783,0
170,57,940,504,941,1993,0
170,58,940,504,123,1452,0
170,59,940,504,2845,2865,0
170,60,940,504,1089,2442,0
170,61,940,504,859,1946,0
170,62,940,504,1024,191,0
170,63,940,504,640,1179,0
170,64,940,504,2225,946,0
170,65,940,504,349,822,0
170,66,940,504,826,2377,0
170,67,940,504,1638,96,0
170,68,940,504,2727,990,0
170,69,940,504,2915,1910,0
170,70,940,504,1406,1407,0
170,71,940,504,2216,2614,0
170,72,940,504,1497,453,0
170,73,940,504,1462,1798,0
170,74,940,504,1212,215,0
170,75,940,504,2881,2014,0
170,76,940,504,32,1929,0
170,77,940,504,2695,266,0
170,78,940,504,2042,2855,0
170,79,940,504,193,1354,0
170,80,940,504,123,892,0
170,81,940,504,2391,199,0
170,82,940,504,738,1556,0
170,83,940,504,656,1512,0
170,84,940,504,2081,2886,0
170,85,940,504,2720,2097,0
170,86,940,504,2245,1289,0
170,87,940,504,714,2990,0
170,88,940,504,2800,641,0
170,89,940,504,2389,2741,0
170,90,940,504,538,2170,0
170,91,940,504,2767,2393,0
170,92,940,504,1270,693,0
170,93,940,504,2649,133,0
170,94,940,504,782,2023,0
170,95,940,504,551,1308,0
170,96,940,504,2784,254,0
170,97,940,504,2443,1306,0
170,98,940,504,1619,1722,0
170,99,940,504,508,1060,0
170,100,940,504,2201,1345,0
170,101,940,504,2587,861,0
170,102,940,504,2593,412,0
170,103,940,504,2995,1976,0
170,104,940,504,2546,755,0
170,105,940,504,1384,10,0
170,106,940,504,1458,697,0
170,107,940,504,52,2157,0
170,108,940,504,2017,217,0
170,109,940,504,2750,1252,0
170,110,940,504,1972,2182,0
170,111,940,504,736,1220,0
170,112,940,504,1701,2178,0
170,113,940,504,27,769,0
170,114,940,504,148,1215,0
170,115,940,504,1308,917,0
170,116,940,504,579,885,0
170,117,940,504,2737,2060,0
170,118,940,504,1739,2828,0
170,119,940,504,1339,2055,0
170,120,940,504,1479,618,0
170,121,940,504,1518,2678,0
170,122,940,504,2663,2085,0
170,123,940,504,1536,440,0
170,124,940,504,2347,485,0
170,125,940,504,2244,1545,0
170,126,940,504,1821,2562,0
170,127,940,504,1162,1754,0
170,128,940,504,476,1205,0
170,129,940,504,1692,876,0
170,130,940,504,300,1205,0
170,131,940,504,2003,1714,0
170,132,940,504,381,1336,0
170,133,940,504,2948,2728,0
170,134,940,504,1258,2583,0
170,135,940,504,1121,2987,0
170,136,940,504,2245,575,0
170,137,940,504,721,430,0
170,138,940,504,1441,992,0
170,139,940,504,2326,2998,0
170,140,940,504,976,329,0
170,141,940,504,2900,191,0
170,142,940,504,1962,1771,0
170,143,940,504,238,1665,0
170,144,940,504,295,1936,0
170,145,940,504,1854,141,0
170,146,940,504,2927,2918,0
170,147,940,504,652,2117,0
170,148,940,504,1281,1593,0
170,149,940,504,1093,2355,0
170,150,940,504,821,2889,0
170,151,940,504,2640,293,0
170,152,940,504,2213,1092,0
170,153,940,504,2554,526,0
170,154,940,504,773,2759,0
170,155,940,504,2398,2598,0
170,156,940,504,352,1773,0
170,157,940,504,136,1123,0
170,158,940,504,2533,1961,0
170,159,940,504,1274,2648,0
170,160,940,504,2856,1016,0
170,161,940,504,723,68,0
170,162,940,504,1849,735,0
170,163,940,504,1750,564,0
170,164,940,504,21,376,0
170,165,940,504,2035,939,0
170,166,940,504,1752,1825,0
170,167,940,504,2384,871,0
170,168,940,504,1034,788,0
170,169,940,504,1867,2645,0
170,171,940,504,1519,1618,0
170,172,940,504,1392,2416,0
170,173,940,504,1843,947,0
170,174,940,504,1387,1345,0
170,175,940,504,2479,1210,0
170,176,940,504,1555,1680,0
170,177,940,504,160,2470,0
170,178,940,504,2692,2143,0
170,179,940,504,158,2357,0
170,180,940,504,2335,890,0
170,181,940,504,1761,1075,0
170,182,940,504,2099,406,0
171,0,1519,1618,1639,2892,0
171,1,1519,1618,1329,745,0
171,2,1519,1618,443,1218,0
171,3,1519,1618,2514,1181,0
171,4,1519,1618,2286,223,0
171,5,1519,1618,595,2408,0
171,6,1519,1618,1383,2289,0
171,7,1519,1618,1795,201,0
171,8,1519,1618,2598,838,0
171,9,1519,1618,813,1715,0
171,10,1519,1618,1135,391,0
171,11,1519,1618,1132,1878,0
171,12,1519,1618,2041,661,0
171,13,1519,1618,1434,670,0
171,14,1519,1618,300,623,0
171,15,1519,1618,1559,2032,0
171,16,1519,1618,1224,2119,0
171,17,1519,1618,838,460,0
171,18,1519,1618,352,2688,0
171,19,1519,1618,2179,352,0
171,20,1519,1618,525,672,0
171,21,1519,1618,1652,2883,0
171,22,1519,1618,1373,2660,0
171,23,1519,1618,2814,1659,0
171,24,1519,1618,1449,1659,1
171,25,1519,1618,2305,1303,0
171,26,1519,1618,769,677,0
171,27,1519,1618,2295,2940,0
171,28,1519,1618,577,2880,0
171,29,1519,1618,1614,2810,0
171,30,1519,1618,47,1395,0
171,31,1519,1618,2664,803,0
171,32,1519,1618,2309,2153,0
171,33,1519,1618,2074,2182,0
171,34,1519,1618,1554,11,0
171,35,1519,1618,1400,2146,0
171,36,1519,1618,1795,740,0
171,37,1519,1618,931,567,0
171,38,1519,1618,1254,1779,0
171,39,1519,1618,45,883,0
171,40,1519,1618,1359,119,0
171,41,1519,1618,2127,1277,0
171,42,1519,1618,2925,1375,0
171,43,1519,1618,2505,1463,0
171,44,1519,1618,1791,2744,0
171,45,1519,1618,1916,1718,0
171,46,1519,1618,167,2831,0
171,47,1519,1618,2315,236,0
171,48,1519,1618,1902,1139,0
171,49,1519,1618,1443,2554,0
171,50,1519,1618,194,2519,0
171,51,1519,1618,301,248,0
171,52,1519,1618,934,2502,0
171,53,1519,1618,343,1045,0
171,54,1519,1618,1542,1250,0
171,55,1519,1618,2149,1171,0
171,56,1519,1618,2055,1783,0
171,57,1519,1618,941,1993,0
171,58,1519,1618,123,1452,0
171,59,1519,1618,2845,2865,0
171,60,1519,1618,1089,2442,0
171,61,1519,1618,859,1946,0
171,62,1519,1618,1024,191,0
171,63,1519,1618,640,1179,0
171,64,1519,1618,2225,946,0
171,65,1519,1618,349,822,0
171,66,1519,1618,826,2377,0
171,67,1519,1618,1638,96,0
171,68,1519,1618,2727,990,0
171,69,1519,1618,2915,1910,0
171,70,1519,1618,1406,1407,0
171,71,1519,1618,2216,2614,0
171,72,1519,1618,1497,453,0
171,73,1519,1618,1462,1798,0
171,74,1519,1618,1212,215,0
171,75,1519,1618,2881,2014,0
171,76,1519,1618,32,1929,0
171,77,1519,1618,2695,266,0
171,78,1519,1618,2042,2855,0
171,79,1519,1618,193,1354,0
171,80,1519,1618,123,892,0
171,81,1519,1618,2391,199,0
171,82,1519,1618,738,1556,0
171,83,1519,1618,656,1512,0
171,84,1519,1618,2081,2886,0
171,85,1519,1618,2720,2097,0
171,86,1519,1618,2245,1289,0
171,87,1519,1618,714,2990,0
171,88,1519,1618,2800,641,0
171,89,1519,1618,2389,2741,0
171,90,1519,1618,538,2170,0
171,91,1519,1618,2767,2393,0
171,92,1519,1618,1270,693,0
171,93,1519,1618,2649,133,0
171,94,1519,1618,782,2023,0
171,95,1519,1618,551,1308,0
171,96,1519,1618,2784,254,0
171,97,1519,1618,2443,1306,0
171,98,1519,1618,1619,1722,0
171,99,1519,1618,508,1060,0
171,100,1519,1618,2201,1345,0
171,101,1519,1618,2587,861,0
171,102,1519,1618,2593,412,0
171,103,1519,1618,2995,1976,0
171,104,1519,1618,2546,755,0
171,105,1519,1618,1384,10,0
171,106,1519,1618,1458,697,0
171,107,1519,1618,52,2157,0
171,108,1519,1618,2017,217,0
171,109,1519,1618,2750,1252,0
171,110,1519,1618,1972,2182,0
171,111,1519,1618,736,1220,0
171,112,1519,1618,1701,2178,0
171,113,1519,1618,27,769,0
171,114,1519,1618,148,1215,0
171,115,1519,1618,1308,917,0
171,116,1519,1618,579,885,0
171,117,1519,1618,2737,2060,0
171,118,1519,1618,1739,2828,0
171,119,1519,1618,1339,2055,0
171,120,1519,1618,1479,618,0
171,121,1519,1618,1518,2678,0
171,122,1519,1618,2663,2085,0
171,123,1519,1618,1536,440,0
171,124,1519,1618,2347,485,0
171,125,1519,1618,2244,1545,0
171,126,1519,1618,1821,2562,0
171,127,1519,1618,1162,1754,0
171,128,1519,1618,476,1205,0
171,129,1519,1618,1692,876,0
171,130,1519,1618,300,1205,0
171,131,1519,1618,2003,1714,0
171,132,1519,1618,381,1336,0
171,133,1519,1618,2948,2728,0
171,134,1519,1618,1258,2583,0
171,135,1519,1618,1121,2987,0
171,136,1519,1618,2245,575,0
171,137,1519,1618,721,430,0
171,138,1519,1618,1441,992,0
171,139,1519,1618,2326,2998,0
171,140,1519,1618,976,329,0
171,141,1519,1618,2900,191,0
171,142,1519,1618,1962,1771,0
171,143,1519,1618,238,1665,0
171,144,1519,1618,295,1936,0
171,145,1519,1618,1854,141,0
171,146,1519,1618,2927,2918,0
171,147,1519,1618,652,2117,0
171,148,1519,1618,1281,1593,0
171,149,1519,1618,1093,2355,0
171,150,1519,1618,821,2889,0
171,151,1519,1618,2640,293,0
171,152,1519,1618,2213,1092,0
171,153,1519,1618,2554,526,0
171,154,1519,1618,773,2759,0
171,155,1519,1618,2398,2598,0
171,156,1519,1618,352,1773,0
171,157,1519,1618,136,1123,0
171,158,1519,1618,2533,1961,0
171,159,1519,1618,1274,2648,0
171,160,1519,1618,2856,1016,0
171,161,1519,1618,723,68,0
171,162,1519,1618,1849,735,0
171,163,1519,1618,1750,564,0
171,164,1519,1618,21,376,0
171,165,1519,1618,2035,939,0
171,166,1519,1618,1752,1825,0
171,167,1519,1618,2384,871,0
171,168,1519,1618,1034,788,0
171,169,1519,1618,1867,2645,0
171,170,1519,1618,940,504,0
171,172,1519,1618,1392,2416,0
171,173,1519,1618,1843,947,0
171,174,1519,1618,1387,1345,0
171,175,1519,1618,2479,1210,0
171,176,1519,1618,1555,1680,0
171,177,1519,1618,160,2470,0
171,178,1519,1618,2692,2143,0
171,179,1519,1618,158,2357,0
171,180,1519,1618,2335,890,0
171,181,1519,1618,1761,1075,0
171,182,1519,1618,2099,406,0
172,0,1392,2416,1639,2892,0
172,1,1392,2416,1329,745,0
172,2,1392,2416,443,1218,0
172,3,1392,2416,2514,1181,0
172,4,1392,2416,2286,223,0
172,5,1392,2416,595,2408,0
172,6,1392,2416,1383,2289,1
172,7,1392,2416,1795,201,0
172,8,1392,2416,2598,838,0
172,9,1392,2416,813,1715,0
172,10,1392,2416,1135,391,0
172,11,1392,2416,1132,1878,0
172,12,1392,2416,2041,661,0
172,13,1392,2416,1434,670,0
172,14,1392,2416,300,623,0
172,15,1392,2416,1559,2032,0
172,16,1392,2416,1224,2119,0
172,17,1392,2416,838,460,0
172,18,1392,2416,352,2688,0
172,19,1392,2416,2179,352,0
172,20,1392,2416,525,672,0
172,21,1392,2416,1652,2883,0
172,22,1392,2416,1373,2660,0
172,23,1392,2416,2814,1659,0
172,24,1392,2416,1449,1659,0
172,25,1392,2416,2305,1303,0
172,26,1392,2416,769,677,0
172,27,1392,2416,2295,2940,0
172,28,1392,2416,577,2880,0
172,29,1392,2416,1614,2810,0
172,30,1392,2416,47,1395,0
172,31,1392,2416,2664,803,0
172,32,1392,2416,2309,2153,0
172,33,1392,2416,2074,2182,0
172,34,1392,2416,1554,11,0
172,35,1392,2416,1400,2146,0
172,36,1392,2416,1795,740,0
172,37,1392,2416,931,567,0
172,38,1392,2416,1254,1779,0
172,39,1392,2416,45,883,0
172,40,1392,2416,1359,119,0
172,41,1392,2416,2127,1277,0
172,42,1392,2416,2925,1375,0
172,43,1392,2416,2505,1463,0
172,44,1392,2416,1791,2744,0
172,45,1392,2416,1916,1718,0
172,46,1392,2416,167,2831,0
172,47,1392,2416,2315,236,0
172,48,1392,2416,1902,1139,0
172,49,1392,2416,1443,2554,0
172,50,1392,2416,194,2519,0
172,51,1392,2416,301,248,0
172,52,1392,2416,934,2502,0
172,53,1392,2416,343,1045,0
172,54,1392,2416,1542,1250,0
172,55,1392,2416,2149,1171,0
172,56,1392,2416,2055,1783,0
172,57,1392,2416,941,1993,0
172,58,1392,2416,123,1452,0
172,59,1392,2416,2845,2865,0
172,60,1392,2416,1089,2442,0
172,61,1392,2416,859,1946,0
172,62,1392,2416,1024,191,0
172,63,1392,2416,640,1179,0
172,64,1392,2416,2225,946,0
172,65,1392,2416,349,822,0
172,66,1392,2416,826,2377,0
172,67,1392,2416,1638,96,0
172,68,1392,2416,2727,990,0
172,69,1392,2416,2915,1910,0
172,70,1392,2416,1406,1407,0
172,71,1392,2416,2216,2614,0
172,72,1392,2416,1497,453,0
172,73,1392,2416,1462,1798,0
172,74,1392,2416,1212,215,0
172,75,1392,2416,2881,2014,0
172,76,1392,2416,32,1929,0
172,77,1392,2416,2695,266,0
172,78,1392,2416,2042,2855,0
172,79,1392,2416,193,1354,0
172,80,1392,2416,123,892,0
172,81,1392,2416,2391,199,0
172,82,1392,2416,738,1556,0
172,83,1392,2416,656,1512,0
172,84,1392,2416,2081,2886,0
172,85,1392,2416,2720,2097,0
172,86,1392,2416,2245,1289,0
172,87,1392,2416,714,2990,0
172,88,1392,2416,2800,641,0
172,89,1392,2416,2389,2741,0
172,90,1392,2416,538,2170,0
172,91,1392,2416,2767,2393,0
172,92,1392,2416,1270,693,0
172,93,1392,2416,2649,133,0
172,94,1392,2416,782,2023,0
172,95,1392,2416,551,1308,0
172,96,1392,2416,2784,254,0
172,97,1392,2416,2443,1306,0
172,98,1392,2416,1619,1722,0
172,99,1392,2416,508,1060,0
172,100,1392,2416,2201,1345,0
172,101,1392,2416,2587,861,0
172,102,1392,2416,2593,412,0
172,103,1392,2416,2995,1976,0
172,104,1392,2416,2546,755,0
172,105,1392,2416,1384,10,0
172,106,1392,2416,1458,697,0
172,107,1392,2416,52,2157,0
172,108,1392,2416,2017,217,0
172,109,1392,2416,2750,1252,0
172,110,1392,2416,1972,2182,0
172,111,1392,2416,736,1220,0
172,112,1392,2416,1701,2178,0
172,113,1392,2416,27,769,0
172,114,1392,2416,148,1215,0
172,115,1392,2416,1308,917,0
172,116,1392,2416,579,885,0
172,117,1392,2416,2737,2060,0
172,118,1392,2416,1739,2828,0
172,119,1392,2416,1339,2055,0
172,120,1392,2416,1479,618,0
172,121,1392,2416,1518,2678,0
172,122,1392,2416,2663,2085,0
172,123,1392,2416,1536,440,0
172,124,1392,2416,2347,485,0
172,125,1392,2416,2244,1545,0
172,126,1392,2416,1821,2562,0
172,127,1392,2416,1162,1754,0
172,128,1392,2416,476,1205,0
172,129,1392,2416,1692,876,0
172,130,1392,2416,300,1205,0
172,131,1392,2416,2003,1714,0
172,132,1392,2416,381,1336,0
172,133,1392,2416,2948,2728,0
172,134,1392,2416,1258,2583,0
172,135,1392,2416,1121,2987,0
172,136,1392,2416,2245,575,0
172,137,1392,2416,721,430,0
172,138,1392,2416,1441,992,0
172,139,1392,2416,2326,2998,0
172,140,1392,2416,976,329,0
172,141,1392,2416,2900,191,0
172,142,1392,2416,1962,1771,0
172,143,1392,2416,238,1665,0
172,144,1392,2416,295,1936,0
172,145,1392,2416,1854,141,0
172,146,1392,2416,2927,2918,0
172,147,1392,2416,652,2117,0
172,148,1392,2416,1281,1593,0
172,149,1392,2416,1093,2355,0
172,150,1392,2416,821,2889,0
172,151,1392,2416,2640,293,0
172,152,1392,2416,2213,1092,0
172,153,1392,2416,2554,526,0
172,154,1392,2416,773,2759,0
172,155,1392,2416,2398,2598,0
172,156,1392,2416,352,1773,0
172,157,1392,2416,136,1123,0
172,158,1392,2416,2533,1961,0
172,159,1392,2416,1274,2648,0
172,160,1392,2416,2856,1016,0
172,161,1392,2416,723,68,0
172,162,1392,2416,1849,735,0
172,163,1392,2416,1750,564,0
172,164,1392,2416,21,376,0
172,165,1392,2416,2035,939,0
172,166,1392,2416,1752,1825,0
172,167,1392,2416,2384,871,0
172,168,1392,2416,1034,788,0
172,169,1392,2416,1867,2645,0
172,170,1392,2416,940,504,0
172,171,1392,2416,1519,1618,0
172,173,1392,2416,1843,947,0
172,174,1392,2416,1387,1345,0
172,175,1392,2416,2479,1210,0
172,176,1392,2416,1555,1680,0
172,177,1392,2416,160,2470,0
172,178,1392,2416,2692,2143,0
172,179,1392,2416,158,2357,0
172,180,1392,2416,2335,890,0
172,181,1392,2416,1761,1075,0
172,182,1392,2416,2099,406,0
173,0,1843,947,1639,2892,0
173,1,1843,947,1329,745,0
173,2,1843,947,443,1218,0
173,3,1843,947,2514,1181,0
173,4,1843,947,2286,223,0
173,5,1843,947,595,2408,0
173,6,1843,947,1383,2289,0
173,7,1843,947,1795,201,0
173,8,1843,947,2598,838,0
173,9,1843,947,813,1715,0
173,10,1843,947,1135,391,0
173,11,1843,947,1132,1878,0
173,12,1843,947,2041,661,0
173,13,1843,947,1434,670,0
173,14,1843,947,300,623,0
173,15,1843,947,1559,2032,0
173,16,1843,947,1224,2119,0
173,17,1843,947,838,460,0
173,18,1843,947,352,2688,0
173,19,1843,947,2179,352,0
173,20,1843,947,525,672,0
173,21,1843,947,1652,2883,0
173,22,1843,947,1373,2660,0
173,23,1843,947,2814,1659,0
173,24,1843,947,1449,1659,0
173,25,1843,947,2305,1303,0
173,26,1843,947,769,677,0
173,27,1843,947,2295,2940,0
173,28,1843,947,577,2880,0
173,29,1843,947,1614,2810,0
173,30,1843,947,47,1395,0
173,31,1843,947,2664,803,0
173,32,1843,947,2309,2153,0
173,33,1843,947,2074,2182,0
173,34,1843,947,1554,11,0
173,35,1843,947,1400,2146,0
173,36,1843,947,1795,740,0
173,37,1843,947,931,567,0
173,38,1843,947,1254,1779,0
173,39,1843,947,45,883,0
173,40,1843,947,1359,119,0
173,41,1843,947,2127,1277,0
173,42,1843,947,2925,1375,0
173,43,1843,947,2505,1463,0
173,44,1843,947,1791,2744,0
173,45,1843,947,1916,1718,0
173,46,1843,947,167,2831,0
173,47,1843,947,2315,236,0
173,48,1843,947,1902,1139,0
173,49,1843,947,1443,2554,0
173,50,1843,947,194,2519,0
173,51,1843,947,301,248,0
173,52,1843,947,934,2502,0
173,53,1843,947,343,1045,0
173,54,1843,947,1542,1250,0
173,55,1843,947,2149,1171,0
173,56,1843,947,2055,1783,0
173,57,1843,947,941,1993,0
173,58,1843,947,123,1452,0
173,59,1843,947,2845,2865,0
173,60,1843,947,1089,2442,0
173,61,1843,947,859,1946,0
173,62,1843,947,1024,191,0
173,63,1843,947,640,1179,0
173,64,1843,947,2225,946,0
173,65,1843,947,349,822,0
173,66,1843,947,826,2377,0
173,67,1843,947,1638,96,0
173,68,1843,947,2727,990,0
173,69,1843,947,2915,1910,0
173,70,1843,947,1406,1407,0
173,71,1843,947,2216,2614,0
173,72,1843,947,1497,453,0
173,73,1843,947,1462,1798,0
173,74,1843,947,1212,215,0
173,75,1843,947,2881,2014,0
173,76,1843,947,32,1929,0
173,77,1843,947,2695,266,0
173,78,1843,947,2042,2855,0
173,79,1843,947,193,1354,0
173,80,1843,947,123,892,0
173,81,1843,947,2391,199,0
173,82,1843,947,738,1556,0
173,83,1843,947,656,1512,0
173,84,1843,947,2081,2886,0
173,85,1843,947,2720,2097,0
173,86,1843,947,2245,1289,0
173,87,1843,947,714,2990,0
173,88,1843,947,2800,641,0
173,89,1843,947,2389,2741,0
173,90,1843,947,538,2170,0
173,91,1843,947,2767,2393,0
173,92,1843,947,1270,693,0
173,93,1843,947,2649,133,0
173,94,1843,947,782,2023,0
173,95,1843,947,551,1308,0
173,96,1843,947,2784,254,0
173,97,1843,947,2443,1306,0
173,98,1843,947,1619,1722,0
173,99,1843,947,508,1060,0
173,100,1843,947,2201,1345,0
173,101,1843,947,2587,861,0
173,102,1843,947,2593,412,0
173,103,1843,947,2995,1976,0
173,104,1843,947,2546,755,0
173,105,1843,947,1384,10,0
173,106,1843,947,1458,697,0
173,107,1843,947,52,2157,0
173,108,1843,947,2017,217,0
173,109,1843,947,2750,1252,0
173,110,1843,947,1972,2182,0
173,111,1843,947,736,1220,0
173,112,1843,947,1701,2178,0
173,113,1843,947,27,769,0
173,114,1843,947,148,1215,0
173,115,1843,947,1308,917,0
173,116,1843,947,579,885,0
173,117,1843,947,2737,2060,0
173,118,1843,947,1739,2828,0
173,119,1843,947,1339,2055,0
173,120,1843,947,1479,618,0
173,121,1843,947,1518,2678,0
173,122,1843,947,2663,2085,0
173,123,1843,947,1536,440,0
173,124,1843,947,2347,485,0
173,125,1843,947,2244,1545,0
173,126,1843,947,1821,2562,0
173,127,1843,947,1162,1754,0
173,128,1843,947,476,1205,0
173,129,1843,947,1692,876,0
173,130,1843,947,300,1205,0
173,131,1843,947,2003,1714,0
173,132,1843,947,381,1336,0
173,133,1843,947,2948,2728,0
173,134,1843,947,1258,2583,0
173,135,1843,947,1121,2987,0
173,136,1843,947,2245,575,0
173,137,1843,947,721,430,0
173,138,1843,947,1441,992,0
173,139,1843,947,2326,2998,0
173,140,1843,947,976,329,0
173,141,1843,947,2900,191,0
173,142,1843,947,1962,1771,0
173,143,1843,947,238,1665,0
173,144,1843,947,295,1936,0
173,145,1843,947,1854,141,0
173,146,1843,947,2927,2918,0
173,147,1843,947,652,2117,0
173,148,1843,947,1281,1593,0
173,149,1843,947,1093,2355,0
173,150,1843,947,821,2889,0
173,151,1843,947,2640,293,0
173,152,1843,947,2213,1092,0
173,153,1843,947,2554,526,0
173,154,1843,947,773,2759,0
173,155,1843,947,2398,2598,0
173,156,1843,947,352,1773,0
173,157,1843,947,136,1123,0
173,158,1843,947,2533,1961,0
173,159,1843,947,1274,2648,0
173,160,1843,947,2856,1016,0
173,161,1843,947,723,68,0
173,162,1843,947,1849,735,0
173,163,1843,947,1750,564,0
173,164,1843,947,21,376,0
173,165,1843,947,2035,939,0
173,166,1843,947,1752,1825,0
173,167,1843,947,2384,871,0
173,168,1843,947,1034,788,0
173,169,1843,947,1867,2645,0
173,170,1843,947,940,504,0
173,171,1843,947,1519,1618,0
173,172,1843,947,1392,2416,0
173,174,1843,947,1387,1345,0
173,175,1843,947,2479,1210,0
173,176,1843,947,1555,1680,0
173,177,1843,947,160,2470,0
173,178,1843,947,2692,2143,0
173,179,1843,947,158,2357,0
173,180,1843,947,2335,890,0
173,181,1843,947,1761,1075,1
173,182,1843,947,2099,406,0
174,0,1387,1345,1639,2892,0
174,1,1387,1345,1329,745,0
174,2,1387,1345,443,1218,0
174,3,1387,1345,2514,1181,0
174,4,1387,1345,2286,223,0
174,5,1387,1345,595,2408,0
174,6,1387,1345,1383,2289,0
174,7,1387,1345,1795,201,0
174,8,1387,1345,2598,838,0
174,9,1387,1345,813,1715,0
174,10,1387,1345,1135,391,0
174,11,1387,1345,1132,1878,0
174,12,1387,1345,2041,661,0
174,13,1387,1345,1434,670,0
174,14,1387,1345,300,623,0
174,15,1387,1345,1559,2032,0
174,16,1387,1345,1224,2119,0
174,17,1387,1345,838,460,0
174,18,1387,1345,352,2688,0
174,19,1387,1345,2179,352,0
174,20,1387,1345,525,672,0
174,21,1387,1345,1652,2883,0
174,22,1387,1345,1373,2660,0
174,23,1387,1345,2814,1659,0
174,24,1387,1345,1449,1659,0
174,25,1387,1345,2305,1303,0
174,26,1387,1345,769,677,0
174,27,1387,1345,2295,2940,0
174,28,1387,1345,577,2880,0
174,29,1387,1345,1614,2810,0
174,30,1387,1345,47,1395,0
174,31,1387,1345,2664,803,0
174,32,1387,1345,2309,2153,0
174,33,1387,1345,2074,2182,0
174,34,1387,1345,1554,11,0
174,35,1387,1345,1400,2146,0
174,36,1387,1345,1795,740,0
174,37,1387,1345,931,567,0
174,38,1387,1345,1254,1779,0
174,39,1387,1345,45,883,0
174,40,1387,1345,1359,119,0
174,41,1387,1345,2127,1277,0
174,42,1387,1345,2925,1375,0
174,43,1387,1345,2505,1463,0
174,44,1387,1345,1791,2744,0
174,45,1387,1345,1916,1718,0
174,46,1387,1345,167,2831,0
174,47,1387,1345,2315,236,0
174,48,1387,1345,1902,1139,0
174,49,1387,1345,1443,2554,0
174,50,1387,1345,194,2519,0
174,51,1387,1345,301,248,0
174,52,1387,1345,934,2502,0
174,53,1387,1345,343,1045,0
174,54,1387,1345,1542,1250,1
174,55,1387,1345,2149,1171,0
174,56,1387,1345,2055,1783,0
174,57,1387,1345,941,1993,0
174,58,1387,1345,123,1452,0
174,59,1387,1345,2845,2865,0
174,60,1387,1345,1089,2442,0
174,61,1387,1345,859,1946,0
174,62,1387,1345,1024,191,0
174,63,1387,1345,640,1179,0
174,64,1387,1345,2225,946,0
174,65,1387,1345,349,822,0
174,66,1387,1345,826,2377,0
174,67,1387,1345,1638,96,0
174,68,1387,1345,2727,990,0
174,69,1387,1345,2915,1910,0
174,70,1387,1345,1406,1407,0
174,71,1387,1345,2216,2614,0
174,72,1387,1345,1497,453,0
174,73,1387,1345,1462,1798,0
174,74,1387,1345,1212,215,0
174,75,1387,1345,2881,2014,0
174,76,1387,1345,32,1929,0
174,77,1387,1345,2695,266,0
174,78,1387,1345,2042,2855,0
174,79,1387,1345,193,1354,0
174,80,1387,1345,123,892,0
174,81,1387,1345,2391,199,0
174,82,1387,1345,738,1556,0
174,83,1387,1345,656,1512,0
174,84,1387,1345,2081,2886,0
174,85,1387,1345,2720,2097,0
174,86,1387,1345,2245,1289,0
174,87,1387,1345,714,2990,0
174,88,1387,1345,2800,641,0
174,89,1387,1345,2389,2741,0
174,90,1387,1345,538,2170,0
174,91,1387,1345,2767,2393,0
174,92,1387,1345,1270,693,0
174,93,1387,1345,2649,133,0
174,94,1387,1345,782,2023,0
174,95,1387,1345,551,1308,0
174,96,1387,1345,2784,254,0
174,97,1387,1345,2443,1306,0
174,98,1387,1345,1619,1722,0
174,99,1387,1345,508,1060,0
174,100,1387,1345,2201,1345,0
174,101,1387,1345,2587,861,0
174,102,1387,1345,2593,412,0
174,103,1387,1345,2995,1976,0
174,104,1387,1345,2546,755,0
174,105,1387,1345,1384,10,0
174,106,1387,1345,1458,697,0
174,107,1387,1345,52,2157,0
174,108,1387,1345,2017,217,0
174,109,1387,1345,2750,1252,0
174,110,1387,1345,1972,2182,0
174,111,1387,1345,736,1220,0
174,112,1387,1345,1701,2178,0
174,113,1387,1345,27,769,0
174,114,1387,1345,148,1215,0
174,115,1387,1345,1308,917,0
174,116,1387,1345,579,885,0
174,117,1387,1345,2737,2060,0
174,118,1387,1345,1739,2828,0
174,119,1387,1345,1339,2055,0
174,120,1387,1345,1479,618,0
174,121,1387,1345,1518,2678,0
174,122,1387,1345,2663,2085,0
174,123,1387,1345,1536,440,0
174,124,1387,1345,2347,485,0
174,125,1387,1345,2244,1545,0
174,126,1387,1345,1821,2562,0
174,127,1387,1345,1162,1754,0
174,128,1387,1345,476,1205,0
174,129,1387,1345,1692,876,0
174,130,1387,1345,300,1205,0
174,131,1387,1345,2003,1714,0
174,132,1387,1345,381,1336,0
174,133,1387,1345,2948,2728,0
174,134,1387,1345,1258,2583,0
174,135,1387,1345,1121,2987,0
174,136,1387,1345,2245,575,0
174,137,1387,1345,721,430,0
174,138,1387,1345,1441,992,0
174,139,1387,1345,2326,2998,0
174,140,1387,1345,976,329,0
174,141,1387,1345,2900,191,0
174,142,1387,1345,1962,1771,0
174,143,1387,1345,238,1665,0
174,144,1387,1345,295,1936,0
174,145,1387,1345,1854,141,0
174,146,1387,1345,2927,2918,0
174,147,1387,1345,652,2117,0
174,148,1387,1345,1281,1593,0
174,149,1387,1345,1093,2355,0
174,150,1387,1345,821,2889,0
174,151,1387,1345,2640,293,0
174,152,1387,1345,2213,1092,0
174,153,1387,1345,2554,526,0
174,154,1387,1345,773,2759,0
174,155,1387,1345,2398,2598,0
174,156,1387,1345,352,1773,0
174,157,1387,1345,136,1123,0
174,158,1387,1345,2533,1961,0
174,159,1387,1345,1274,2648,0
174,160,1387,1345,2856,1016,0
174,161,1387,1345,723,68,0
174,162,1387,1345,1849,735,0
174,163,1387,1345,1750,564,0
174,164,1387,1345,21,376,0
174,165,1387,1345,2035,939,0
174,166,1387,1345,1752,1825,0
174,167,1387,1345,2384,871,0
174,168,1387,1345,1034,788,0
174,169,1387,1345,1867,2645,0
174,170,1387,1345,940,504,0
174,171,1387,1345,1519,1618,0
174,172,1387,1345,1392,2416,0
174,173,1387,1345,1843,947,0
174,175,1387,1345,2479,1210,0
174,176,1387,1345,1555,1680,0
174,177,1387,1345,160,2470,0
174,178,1387,1345,2692,2143,0
174,179,1387,1345,158,2357,0
174,180,1387,1345,2335,890,0
174,181,1387,1345,1761,1075,0
174,182,1387,1345,2099,406,0
175,0,2479,1210,1639,2892,0
175,1,2479,1210,1329,745,0
175,2,2479,1210,443,1218,0
175,3,2479,1210,2514,1181,1
175,4,2479,1210,2286,223,0
175,5,2479,1210,595,2408,0
175,6,2479,1210,1383,2289,0
175,7,2479,1210,1795,201,0
175,8,2479,1210,2598,838,0
175,9,2479,1210,813,1715,0
175,10,2479,1210,1135,391,0
175,11,2479,1210,1132,1878,0
175,12,2479,1210,2041,661,0
175,13,2479,1210,1434,670,0
175,14,2479,1210,300,623,0
175,15,2479,1210,1559,2032,0
175,16,2479,1210,1224,2119,0
175,17,2479,1210,838,460,0
175,18,2479,1210,352,2688,0
175,19,2479,1210,2179,352,0
175,20,2479,1210,525,672,0
175,21,2479,1210,1652,2883,0
175,22,2479,1210,1373,2660,0
175,23,2479,1210,2814,1659,0
175,24,2479,1210,1449,1659,0
175,25,2479,1210,2305,1303,0
175,26,2479,1210,769,677,0
175,27,2479,1210,2295,2940,0
175,28,2479,1210,577,2880,0
175,29,2479,1210,1614,2810,0
175,30,2479,1210,47,1395,0
175,31,2479,1210,2664,803,0
175,32,2479,1210,2309,2153,0
175,33,2479,1210,2074,2182,0
175,34,2479,1210,1554,11,0
175,35,2479,1210,1400,2146,0
175,36,2479,1210,1795,740,0
175,37,2479,1210,931,567,0
175,38,2479,1210,1254,1779,0
175,39,2479,1210,45,883,0
175,40,2479,1210,1359,119,0
175,41,2479,1210,2127,1277,0
175,42,2479,1210,2925,1375,0
175,43,2479,1210,2505,1463,0
175,44,2479,1210,1791,2744,0
175,45,2479,1210,1916,1718,0
175,46,2479,1210,167,2831,0
175,47,2479,1210,2315,236,0
175,48,2479,1210,1902,1139,0
175,49,2479,1210,1443,2554,0
175,50,2479,1210,194,2519,0
175,51,2479,1210,301,248,0
175,52,2479,1210,934,2502,0
175,53,2479,1210,343,1045,0
175,54,2479,1210,1542,1250,0
175,55,2479,1210,2149,1171,0
175,56,2479,1210,2055,1783,0
175,57,2479,1210,941,1993,0
175,58,2479,1210,123,1452,0
175,59,2479,1210,2845,2865,0
175,60,2479,1210,1089,2442,0
175,61,2479,1210,859,1946,0
175,62,2479,1210,1024,191,0
175,63,2479,1210,640,1179,0
175,64,2479,1210,2225,946,0
175,65,2479,1210,349,822,0
175,66,2479,1210,826,2377,0
175,67,2479,1210,1638,96,0
175,68,2479,1210,2727,990,0
175,69,2479,1210,2915,1910,0
175,70,2479,1210,1406,1407,0
175,71,2479,1210,2216,2614,0
175,72,2479,1210,1497,453,0
175,73,2479,1210,1462,1798,0
175,74,2479,1210,1212,215,0
175,75,2479,1210,2881,2014,0
175,76,2479,1210,32,1929,0
175,77,2479,1210,2695,266,0
175,78,2479,1210,2042,2855,0
175,79,2479,1210,193,1354,0
175,80,2479,1210,123,892,0
175,81,2479,1210,2391,199,0
175,82,2479,1210,738,1556,0
175,83,2479,1210,656,1512,0
175,84,2479,1210,2081,2886,0
175,85,2479,1210,2720,2097,0
175,86,2479,1210,2245,1289,0
175,87,2479,1210,714,2990,0
175,88,2479,1210,2800,641,0
175,89,2479,1210,2389,2741,0
175,90,2479,1210,538,2170,0
175,91,2479,1210,2767,2393,0
175,92,2479,1210,1270,693,0
175,93,2479,1210,2649,133,0
175,94,2479,1210,782,2023,0
175,95,2479,1210,551,1308,0
175,96,2479,1210,2784,254,0
175,97,2479,1210,2443,1306,0
175,98,2479,1210,1619,1722,0
175,99,2479,1210,508,1060,0
175,100,2479,1210,2201,1345,0
175,101,2479,1210,2587,861,0
175,102,2479,1210,2593,412,0
175,103,2479,1210,2995,1976,0
175,104,2479,1210,2546,755,0
175,105,2479,1210,1384,10,0
175,106,2479,1210,1458,697,0
175,107,2479,1210,52,2157,0
175,108,2479,1210,2017,217,0
175,109,2479,1210,2750,1252,0
175,110,2479,1210,1972,2182,0
175,111,2479,1210,736,1220,0
175,112,2479,1210,1701,2178,0
175,113,2479,1210,27,769,0
175,114,2479,1210,148,1215,0
175,115,2479,1210,1308,917,0
175,116,2479,1210,579,885,0
175,117,2479,1210,2737,2060,0
175,118,2479,1210,1739,2828,0
175,119,2479,1210,1339,2055,0
175,120,2479,1210,1479,618,0
175,121,2479,1210,1518,2678,0
175,122,2479,1210,2663,2085,0
175,123,2479,1210,1536,440,0
175,124,2479,1210,2347,485,0
175,125,2479,1210,2244,1545,0
175,126,2479,1210,1821,2562,0
175,127,2479,1210,1162,1754,0
175,128,2479,1210,476,1205,0
175,129,2479,1210,1692,876,0
175,130,2479,1210,300,1205,0
175,131,2479,1210,2003,1714,0
175,132,2479,1210,381,1336,0
175,133,2479,1210,2948,2728,0
175,134,2479,1210,1258,2583,0
175,135,2479,1210,1121,2987,0
175,136,2479,1210,2245,575,0
175,137,2479,1210,721,430,0
175,138,2479,1210,1441,992,0
175,139,2479,1210,2326,2998,0
175,140,2479,1210,976,329,0
175,141,2479,1210,2900,191,0
175,142,2479,1210,1962,1771,0
175,143,2479,1210,238,1665,0
175,144,2479,1210,295,1936,0
175,145,2479,1210,1854,141,0
175,146,2479,1210,2927,2918,0
175,147,2479,1210,652,2117,0
175,148,2479,1210,1281,1593,0
175,149,2479,1210,1093,2355,0
175,150,2479,1210,821,2889,0
175,151,2479,1210,2640,293,0
175,152,2479,1210,2213,1092,0
175,153,2479,1210,2554,526,0
175,154,2479,1210,773,2759,0
175,155,2479,1210,2398,2598,0
175,156,2479,1210,352,1773,0
175,157,2479,1210,136,1123,0
175,158,2479,1210,2533,1961,0
175,159,2479,1210,1274,2648,0
175,160,2479,1210,2856,1016,0
175,161,2479,1210,723,68,0
175,162,2479,1210,1849,735,0
175,163,2479,1210,1750,564,0
175,164,2479,1210,21,376,0
175,165,2479,1210,2035,939,0
175,166,2479,1210,1752,1825,0
175,167,2479,1210,2384,871,0
175,168,2479,1210,1034,788,0
175,169,2479,1210,1867,2645,0
175,170,2479,1210,940,504,0
175,171,2479,1210,1519,1618,0
175,172,2479,1210,1392,2416,0
175,173,2479,1210,1843,947,0
175,174,2479,1210,1387,1345,0
175,176,2479,1210,1555,1680,0
175,177,2479,1210,160,2470,0
175,178,2479,1210,2692,2143,0
175,179,2479,1210,158,2357,0
175,180,2479,1210,2335,890,0
175,181,2479,1210,1761,1075,0
175,182,2479,1210,2099,406,0
176,0,1555,1680,1639,2892,0
176,1,1555,1680,1329,745,0
176,2,1555,1680,443,1218,0
176,3,1555,1680,2514,1181,0
176,4,1555,1680,2286,223,0
176,5,1555,1680,595,2408,0
176,6,1555,1680,1383,2289,0
176,7,1555,1680,1795,201,0
176,8,1555,1680,2598,838,0
176,9,1555,1680,813,1715,0
176,10,1555,1680,1135,391,0
176,11,1555,1680,1132,1878,0
176,12,1555,1680,2041,661,0
176,13,1555,1680,1434,670,0
176,14,1555,1680,300,623,0
176,15,1555,1680,1559,2032,0
176,16,1555,1680,1224,2119,0
176,17,1555,1680,838,460,0
176,18,1555,1680,352,2688,0
176,19,1555,1680,2179,352,0
176,20,1555,1680,525,672,0
176,21,1555,1680,1652,2883,0
176,22,1555,1680,1373,2660,0
176,23,1555,1680,2814,1659,0
176,24,1555,1680,1449,1659,0
176,25,1555,1680,2305,1303,0
176,26,1555,1680,769,677,0
176,27,1555,1680,2295,2940,0
176,28,1555,1680,577,2880,0
176,29,1555,1680,1614,2810,0
176,30,1555,1680,47,1395,0
176,31,1555,1680,2664,803,0
176,32,1555,1680,2309,2153,0
176,33,1555,1680,2074,2182,0
176,34,1555,1680,1554,11,0
176,35,1555,1680,1400,2146,0
176,36,1555,1680,1795,740,0
176,37,1555,1680,931,567,0
176,38,1555,1680,1254,1779,0
176,39,1555,1680,45,883,0
176,40,1555,1680,1359,119,0
176,41,1555,1680,2127,1277,0
176,42,1555,1680,2925,1375,0
176,43,1555,1680,2505,1463,0
176,44,1555,1680,1791,2744,0
176,45,1555,1680,1916,1718,0
176,46,1555,1680,167,2831,0
176,47,1555,1680,2315,236,0
176,48,1555,1680,1902,1139,0
176,49,1555,1680,1443,2554,0
176,50,1555,1680,194,2519,0
176,51,1555,1680,301,248,0
176,52,1555,1680,934,2502,0
176,53,1555,1680,343,1045,0
176,54,1555,1680,1542,1250,0
176,55,1555,1680,2149,1171,0
176,56,1555,1680,2055,1783,0
176,57,1555,1680,941,1993,0
176,58,1555,1680,123,1452,0
176,59,1555,1680,2845,2865,0
176,60,1555,1680,1089,2442,0
176,61,1555,1680,859,1946,0
176,62,1555,1680,1024,191,0
176,63,1555,1680,640,1179,0
176,64,1555,1680,2225,946,0
176,65,1555,1680,349,822,0
176,66,1555,1680,826,2377,0
176,67,1555,1680,1638,96,0
176,68,1555,1680,2727,990,0
176,69,1555,1680,2915,1910,0
176,70,1555,1680,1406,1407,0
176,71,1555,1680,2216,2614,0
176,72,1555,1680,1497,453,0
176,73,1555,1680,1462,1798,0
176,74,1555,1680,1212,215,0
176,75,1555,1680,2881,2014,0
176,76,1555,1680,32,1929,0
176,77,1555,1680,2695,266,0
176,78,1555,1680,2042,2855,0
176,79,1555,1680,193,1354,0
176,80,1555,1680,123,892,0
176,81,1555,1680,2391,199,0
176,82,1555,1680,738,1556,0
176,83,1555,1680,656,1512,0
176,84,1555,1680,2081,2886,0
176,85,1555,1680,2720,2097,0
176,86,1555,1680,2245,1289,0
176,87,1555,1680,714,2990,0
176,88,1555,1680,2800,641,0
176,89,1555,1680,2389,2741,0
176,90,1555,1680,538,2170,0
176,91,1555,1680,2767,2393,0
176,92,1555,1680,1270,693,0
176,93,1555,1680,2649,133,0
176,94,1555,1680,782,2023,0
176,95,1555,1680,551,1308,0
176,96,1555,1680,2784,254,0
176,97,1555,1680,2443,1306,0
176,98,1555,1680,1619,1722,0
176,99,1555,1680,508,1060,0
176,100,1555,1680,2201,1345,0
176,101,1555,1680,2587,861,0
176,102,1555,1680,2593,412,0
176,103,1555,1680,2995,1976,0
176,104,1555,1680,2546,755,0
176,105,1555,1680,1384,10,0
176,106,1555,1680,1458,697,0
176,107,1555,1680,52,2157,0
176,108,1555,1680,2017,217,0
176,109,1555,1680,2750,1252,0
176,110,1555,1680,1972,2182,0
176,111,1555,1680,736,1220,0
176,112,1555,1680,1701,2178,0
176,113,1555,1680,27,769,0
176,114,1555,1680,148,1215,0
176,115,1555,1680,1308,917,0
176,116,1555,1680,579,885,0
176,117,1555,1680,2737,2060,0
176,118,1555,1680,1739,2828,0
176,119,1555,1680,1339,2055,0
176,120,1555,1680,1479,618,0
176,121,1555,1680,1518,2678,0
176,122,1555,1680,2663,2085,0
176,123,1555,1680,1536,440,0
176,124,1555,1680,2347,485,0
176,125,1555,1680,2244,1545,0
176,126,1555,1680,1821,2562,0
176,127,1555,1680,1162,1754,0
176,128,1555,1680,476,1205,0
176,129,1555,1680,1692,876,0
176,130,1555,1680,300,1205,0
176,131,1555,1680,2003,1714,0
176,132,1555,1680,381,1336,0
176,133,1555,1680,2948,2728,0
176,134,1555,1680,1258,2583,0
176,135,1555,1680,1121,2987,0
176,136,1555,1680,2245,575,0
176,137,1555,1680,721,430,0
176,138,1555,1680,1441,992,0
176,139,1555,1680,2326,2998,0
176,140,1555,1680,976,329,0
176,141,1555,1680,2900,191,0
176,142,1555,1680,1962,1771,0
176,143,1555,1680,238,1665,0
176,144,1555,1680,295,1936,0
176,145,1555,1680,1854,141,0
176,146,1555,1680,2927,2918,0
176,147,1555,1680,652,2117,0
176,148,1555,1680,1281,1593,0
176,149,1555,1680,1093,2355,0
176,150,1555,1680,821,2889,0
176,151,1555,1680,2640,293,0
176,152,1555,1680,2213,1092,0
176,153,1555,1680,2554,526,0
176,154,1555,1680,773,2759,0
176,155,1555,1680,2398,2598,0
176,156,1555,1680,352,1773,0
176,157,1555,1680,136,1123,0
176,158,1555,1680,2533,1961,0
176,159,1555,1680,1274,2648,0
176,160,1555,1680,2856,1016,0
176,161,1555,1680,723,68,0
176,162,1555,1680,1849,735,0
176,163,1555,1680,1750,564,0
176,164,1555,1680,21,376,0
176,165,1555,1680,2035,939,0
176,166,1555,1680,1752,1825,0
176,167,1555,1680,2384,871,0
176,168,1555,1680,1034,788,0
176,169,1555,1680,1867,2645,0
176,170,1555,1680,940,504,0
176,171,1555,1680,1519,1618,1
176,172,1555,1680,1392,2416,0
176,173,1555,1680,1843,947,0
176,174,1555,1680,1387,1345,0
176,175,1555,1680,2479,1210,0
176,177,1555,1680,160,2470,0
176,178,1555,1680,2692,2143,0
176,179,1555,1680,158,2357,0
176,180,1555,1680,2335,890,0
176,181,1555,1680,1761,1075,0
176,182,1555,1680,2099,406,0
177,0,160,2470,1639,2892,0
177,1,160,2470,1329,745,0
177,2,160,2470,443,1218,0
177,3,160,2470,2514,1181,0
177,4,160,2470,2286,223,0
177,5,160,2470,595,2408,0
177,6,160,2470,1383,2289,0
177,7,160,2470,1795,201,0
177,8,160,2470,2598,838,0
177,9,160,2470,813,1715,0
177,10,160,2470,1135,391,0
177,11,160,2470,1132,1878,0
177,12,160,2470,2041,661,0
177,13,160,2470,1434,670,0
177,14,160,2470,300,623,0
177,15,160,2470,1559,2032,0
177,16,160,2470,1224,2119,0
177,17,160,2470,838,460,0
177,18,160,2470,352,2688,0
177,19,160,2470,2179,352,0
177,20,160,2470,525,672,0
177,21,160,2470,1652,2883,0
177,22,160,2470,1373,2660,0
177,23,160,2470,2814,1659,0
177,24,160,2470,1449,1659,0
177,25,160,2470,2305,1303,0
177,26,160,2470,769,677,0
177,27,160,2470,2295,2940,0
177,28,160,2470,577,2880,0
177,29,160,2470,1614,2810,0
177,30,160,2470,47,1395,0
177,31,160,2470,2664,803,0
177,32,160,2470,2309,2153,0
177,33,160,2470,2074,2182,0
177,34,160,2470,1554,11,0
177,35,160,2470,1400,2146,0
177,36,160,2470,1795,740,0
177,37,160,2470,931,567,0
177,38,160,2470,1254,1779,0
177,39,160,2470,45,883,0
177,40,160,2470,1359,119,0
177,41,160,2470,2127,1277,0
177,42,160,2470,2925,1375,0
177,43,160,2470,2505,1463,0
177,44,160,2470,1791,2744,0
177,45,160,2470,1916,1718,0
177,46,160,2470,167,2831,0
177,47,160,2470,2315,236,0
177,48,160,2470,1902,1139,0
177,49,160,2470,1443,2554,0
177,50,160,2470,194,2519,0
177,51,160,2470,301,248,0
177,52,160,2470,934,2502,0
177,53,160,2470,343,1045,0
177,54,160,2470,1542,1250,0
177,55,160,2470,2149,1171,0
177,56,160,2470,2055,1783,0
177,57,160,2470,941,1993,0
177,58,160,2470,123,1452,0
177,59,160,2470,2845,2865,0
177,60,160,2470,1089,2442,0
177,61,160,2470,859,1946,0
177,62,160,2470,1024,191,0
177,63,160,2470,640,1179,0
177,64,160,2470,2225,946,0
177,65,160,2470,349,822,0
177,66,160,2470,826,2377,0
177,67,160,2470,1638,96,0
177,68,160,2470,2727,990,0
177,69,160,2470,2915,1910,0
177,70,160,2470,1406,1407,0
177,71,160,2470,2216,2614,0
177,72,160,2470,1497,453,0
177,73,160,2470,1462,1798,0
177,74,160,2470,1212,215,0
177,75,160,2470,2881,2014,0
177,76,160,2470,32,1929,0
177,77,160,2470,2695,266,0
177,78,160,2470,2042,2855,0
177,79,160,2470,193,1354,0
177,80,160,2470,123,892,0
177,81,160,2470,2391,199,0
177,82,160,2470,738,1556,0
177,83,160,2470,656,1512,0
177,84,160,2470,2081,2886,0
177,85,160,2470,2720,2097,0
177,86,160,2470,2245,1289,0
177,87,160,2470,714,2990,0
177,88,160,2470,2800,641,0
177,89,160,2470,2389,2741,0
177,90,160,2470,538,2170,0
177,91,160,2470,2767,2393,0
177,92,160,2470,1270,693,0
177,93,160,2470,2649,133,0
177,94,160,2470,782,2023,0
177,95,160,2470,551,1308,0
177,96,160,2470,2784,254,0
177,97,160,2470,2443,1306,0
177,98,160,2470,1619,1722,0
177,99,160,2470,508,1060,0
177,100,160,2470,2201,1345,0
177,101,160,2470,2587,861,0
177,102,160,2470,2593,412,0
177,103,160,2470,2995,1976,0
177,104,160,2470,2546,755,0
177,105,160,2470,1384,10,0
177,106,160,2470,1458,697,0
177,107,160,2470,52,2157,0
177,108,160,2470,2017,217,0
177,109,160,2470,2750,1252,0
177,110,160,2470,1972,2182,0
177,111,160,2470,736,1220,0
177,112,160,2470,1701,2178,0
177,113,160,2470,27,769,0
177,114,160,2470,148,1215,0
177,115,160,2470,1308,917,0
177,116,160,2470,579,885,0
177,117,160,2470,2737,2060,0
177,118,160,2470,1739,2828,0
177,119,160,2470,1339,2055,0
177,120,160,2470,1479,618,0
177,121,160,2470,1518,2678,0
177,122,160,2470,2663,2085,0
177,123,160,2470,1536,440,0
177,124,160,2470,2347,485,0
177,125,160,2470,2244,1545,0
177,126,160,2470,1821,2562,0
177,127,160,2470,1162,1754,0
177,128,160,2470,476,1205,0
177,129,160,2470,1692,876,0
177,130,160,2470,300,1205,0
177,131,160,2470,2003,1714,0
177,132,160,2470,381,1336,0
177,133,160,2470,2948,2728,0
177,134,160,2470,1258,2583,0
177,135,160,2470,1121,2987,0
177,136,160,2470,2245,575,0
177,137,160,2470,721,430,0
177,138,160,2470,1441,992,0
177,139,160,2470,2326,2998,0
177,140,160,2470,976,329,0
177,141,160,2470,2900,191,0
177,142,160,2470,1962,1771,0
177,143,160,2470,238,1665,0
177,144,160,2470,295,1936,0
177,145,160,2470,1854,141,0
177,146,160,2470,2927,2918,0
177,147,160,2470,652,2117,0
177,148,160,2470,1281,1593,0
177,149,160,2470,1093,2355,0
177,150,160,2470,821,2889,0
177,151,160,2470,2640,293,0
177,152,160,2470,2213,1092,0
177,153,160,2470,2554,526,0
177,154,160,2470,773,2759,0
177,155,160,2470,2398,2598,0
177,156,160,2470,352,1773,0
177,157,160,2470,136,1123,0
177,158,160,2470,2533,1961,0
177,159,160,2470,1274,2648,0
177,160,160,2470,2856,1016,0
177,161,160,2470,723,68,0
177,162,160,2470,1849,735,0
177,163,160,2470,1750,564,0
177,164,160,2470,21,376,0
177,165,160,2470,2035,939,0
177,166,160,2470,1752,1825,0
177,167,160,2470,2384,871,0
177,168,160,2470,1034,788,0
177,169,160,2470,1867,2645,0
177,170,160,2470,940,504,0
177,171,160,2470,1519,1618,0
177,172,160,2470,1392,2416,0
177,173,160,2470,1843,947,0
177,174,160,2470,1387,1345,0
177,175,160,2470,2479,1210,0
177,176,160,2470,1555,1680,0
177,178,160,2470,2692,2143,0
177,179,160,2470,158,2357,1
177,180,160,2470,2335,890,0
177,181,160,2470,1761,1075,0
177,182,160,2470,2099,406,0
178,0,2692,2143,1639,2892,0
178,1,2692,2143,1329,745,0
178,2,2692,2143,443,1218,0
178,3,2692,2143,2514,1181,0
178,4,2692,2143,2286,223,0
178,5,2692,2143,595,2408,0
178,6,2692,2143,1383,2289,0
178,7,2692,2143,1795,201,0
178,8,2692,2143,2598,838,0
178,9,2692,2143,813,1715,0
178,10,2692,2143,1135,391,0
178,11,2692,2143,1132,1878,0
178,12,2692,2143,2041,661,0
178,13,2692,2143,1434,670,0
178,14,2692,2143,300,623,0
178,15,2692,2143,1559,2032,0
178,16,2692,2143,1224,2119,0
178,17,2692,2143,838,460,0
178,18,2692,2143,352,2688,0
178,19,2692,2143,2179,352,0
178,20,2692,2143,525,672,0
178,21,2692,2143,1652,2883,0
178,22,2692,2143,1373,2660,0
178,23,2692,2143,2814,1659,0
178,24,2692,2143,1449,1659,0
178,25,2692,2143,2305,1303,0
178,26,2692,2143,769,677,0
178,27,2692,2143,2295,2940,0
178,28,2692,2143,577,2880,0
178,29,2692,2143,1614,2810,0
178,30,2692,2143,47,1395,0
178,31,2692,2143,2664,803,0
178,32,2692,2143,2309,2153,0
178,33,2692,2143,2074,2182,0
178,34,2692,2143,1554,11,0
178,35,2692,2143,1400,2146,0
178,36,2692,2143,1795,740,0
178,37,2692,2143,931,567,0
178,38,2692,2143,1254,1779,0
178,39,2692,2143,45,883,0
178,40,2692,2143,1359,119,0
178,41,2692,2143,2127,1277,0
178,42,2692,2143,2925,1375,0
178,43,2692,2143,2505,1463,0
178,44,2692,2143,1791,2744,0
178,45,2692,2143,1916,1718,0
178,46,2692,2143,167,2831,0
178,47,2692,2143,2315,236,0
178,48,2692,2143,1902,1139,0
178,49,2692,2143,1443,2554,0
178,50,2692,2143,194,2519,0
178,51,2692,2143,301,248,0
178,52,2692,2143,934,2502,0
178,53,2692,2143,343,1045,0
178,54,2692,2143,1542,1250,0
178,55,2692,2143,2149,1171,0
178,56,2692,2143,2055,1783,0
178,57,2692,2143,941,1993,0
178,58,2692,2143,123,1452,0
178,59,2692,2143,2845,2865,0
178,60,2692,2143,1089,2442,0
178,61,2692,2143,859,1946,0
178,62,2692,2143,1024,191,0
178,63,2692,2143,640,1179,0
178,64,2692,2143,2225,946,0
178,65,2692,2143,349,822,0
178,66,2692,2143,826,2377,0
178,67,2692,2143,1638,96,0
178,68,2692,2143,2727,990,0
178,69,2692,2143,2915,1910,0
178,70,2692,2143,1406,1407,0
178,71,2692,2143,2216,2614,0
178,72,2692,2143,1497,453,0
178,73,2692,2143,1462,1798,0
178,74,2692,2143,1212,215,0
178,75,2692,2143,2881,2014,0
178,76,2692,2143,32,1929,0
178,77,2692,2143,2695,266,0
178,78,2692,2143,2042,2855,0
178,79,2692,2143,193,1354,0
178,80,2692,2143,123,892,0
178,81,2692,2143,2391,199,0
178,82,2692,2143,738,1556,0
178,83,2692,2143,656,1512,0
178,84,2692,2143,2081,2886,0
178,85,2692,2143,2720,2097,1
178,86,2692,2143,2245,1289,0
178,87,2692,2143,714,2990,0
178,88,2692,2143,2800,641,0
178,89,2692,2143,2389,2741,0
178,90,2692,2143,538,2170,0
178,91,2692,2143,2767,2393,0
178,92,2692,2143,1270,693,0
178,93,2692,2143,2649,133,0
178,94,2692,2143,782,2023,0
178,95,2692,2143,551,1308,0
178,96,2692,2143,2784,254,0
178,97,2692,2143,2443,1306,0
178,98,2692,2143,1619,1722,0
178,99,2692,2143,508,1060,0
178,100,2692,2143,2201,1345,0
178,101,2692,2143,2587,861,0
178,102,2692,2143,2593,412,0
178,103,2692,2143,2995,1976,0
178,104,2692,2143,2546,755,0
178,105,2692,2143,1384,10,0
178,106,2692,2143,1458,697,0
178,107,2692,2143,52,2157,0
178,108,2692,2143,2017,217,0
178,109,2692,2143,2750,1252,0
178,110,2692,2143,1972,2182,0
178,111,2692,2143,736,1220,0
178,112,2692,2143,1701,2178,0
178,113,2692,2143,27,769,0
178,114,2692,2143,148,1215,0
178,115,2692,2143,1308,917,0
178,116,2692,2143,579,885,0
178,117,2692,2143,2737,2060,0
178,118,2692,2143,1739,2828,0
178,119,2692,2143,1339,2055,0
178,120,2692,2143,1479,618,0
178,121,2692,2143,1518,2678,0
178,122,2692,2143,2663,2085,0
178,123,2692,2143,1536,440,0
178,124,2692,2143,2347,485,0
178,125,2692,2143,2244,1545,0
178,126,2692,2143,1821,2562,0
178,127,2692,2143,1162,1754,0
178,128,2692,2143,476,1205,0
178,129,2692,2143,1692,876,0
178,130,2692,2143,300,1205,0
178,131,2692,2143,2003,1714,0
178,132,2692,2143,381,1336,0
178,133,2692,2143,2948,2728,0
178,134,2692,2143,1258,2583,0
178,135,2692,2143,1121,2987,0
178,136,2692,2143,2245,575,0
178,137,2692,2143,721,430,0
178,138,2692,2143,1441,992,0
178,139,2692,2143,2326,2998,0
178,140,2692,2143,976,329,0
178,141,2692,2143,2900,191,0
178,142,2692,2143,1962,1771,0
178,143,2692,2143,238,1665,0
178,144,2692,2143,295,1936,0
178,145,2692,2143,1854,141,0
178,146,2692,2143,2927,2918,0
178,147,2692,2143,652,2117,0
178,148,2692,2143,1281,1593,0
178,149,2692,2143,1093,2355,0
178,150,2692,2143,821,2889,0
178,151,2692,2143,2640,293,0
178,152,2692,2143,2213,1092,0
178,153,2692,2143,2554,526,0
178,154,2692,2143,773,2759,0
178,155,2692,2143,2398,2598,0
178,156,2692,2143,352,1773,0
178,157,2692,2143,136,1123,0
178,158,2692,2143,2533,1961,0
178,159,2692,2143,1274,2648,0
178,160,2692,2143,2856,1016,0
178,161,2692,2143,723,68,0
178,162,2692,2143,1849,735,0
178,163,2692,2143,1750,564,0
178,164,2692,2143,21,376,0
178,165,2692,2143,2035,939,0
178,166,2692,2143,1752,1825,0
178,167,2692,2143,2384,871,0
178,168,2692,2143,1034,788,0
178,169,2692,2143,1867,2645,0
178,170,2692,2143,940,504,0
178,171,2692,2143,1519,1618,0
178,172,2692,2143,1392,2416,0
178,173,2692,2143,1843,947,0
178,174,2692,2143,1387,1345,0
178,175,2692,2143,2479,1210,0
178,176,2692,2143,1555,1680,0
178,177,2692,2143,160,2470,0
178,179,2692,2143,158,2357,0
178,180,2692,2143,2335,890,0
178,181,2692,2143,1761,1075,0
178,182,2692,2143,2099,406,0
179,0,158,2357,1639,2892,0
179,1,158,2357,1329,745,0
179,2,158,2357,443,1218,0
179,3,158,2357,2514,1181,0
179,4,158,2357,2286,223,0
179,5,158,2357,595,2408,0
179,6,158,2357,1383,2289,0
179,7,158,2357,1795,201,0
179,8,158,2357,2598,838,0
179,9,158,2357,813,1715,0
179,10,158,2357,1135,391,0
179,11,158,2357,1132,1878,0
179,12,158,2357,2041,661,0
179,13,158,2357,1434,670,0
179,14,158,2357,300,623,0
179,15,158,2357,1559,2032,0
179,16,158,2357,1224,2119,0
179,17,158,2357,838,460,0
179,18,158,2357,352,2688,0
179,19,158,2357,2179,352,0
179,20,158,2357,525,672,0
179,21,158,2357,1652,2883,0
179,22,158,2357,1373,2660,0
179,23,158,2357,2814,1659,0
179,24,158,2357,1449,1659,0
179,25,158,2357,2305,1303,0
179,26,158,2357,769,677,0
179,27,158,2357,2295,2940,0
179,28,158,2357,577,2880,0
179,29,158,2357,1614,2810,0
179,30,158,2357,47,1395,0
179,31,158,2357,2664,803,0
179,32,158,2357,2309,2153,0
179,33,158,2357,2074,2182,0
179,34,158,2357,1554,11,0
179,35,158,2357,1400,2146,0
179,36,158,2357,1795,740,0
179,37,158,2357,931,567,0
179,38,158,2357,1254,1779,0
179,39,158,2357,45,883,0
179,40,158,2357,1359,119,0
179,41,158,2357,2127,1277,0
179,42,158,2357,2925,1375,0
179,43,158,2357,2505,1463,0
179,44,158,2357,1791,2744,0
179,45,158,2357,1916,1718,0
179,46,158,2357,167,2831,0
179,47,158,2357,2315,236,0
179,48,158,2357,1902,1139,0
179,49,158,2357,1443,2554,0
179,50,158,2357,194,2519,0
179,51,158,2357,301,248,0
179,52,158,2357,934,2502,0
179,53,158,2357,343,1045,0
179,54,158,2357,1542,1250,0
179,55,158,2357,2149,1171,0
179,56,158,2357,2055,1783,0
179,57,158,2357,941,1993,0
179,58,158,2357,123,1452,0
179,59,158,2357,2845,2865,0
179,60,158,2357,1089,2442,0
179,61,158,2357,859,1946,0
179,62,158,2357,1024,191,0
179,63,158,2357,640,1179,0
179,64,158,2357,2225,946,0
179,65,158,2357,349,822,0
179,66,158,2357,826,2377,0
179,67,158,2357,1638,96,0
179,68,158,2357,2727,990,0
179,69,158,2357,2915,1910,0
179,70,158,2357,1406,1407,0
179,71,158,2357,2216,2614,0
179,72,158,2357,1497,453,0
179,73,158,2357,1462,1798,0
179,74,158,2357,1212,215,0
179,75,158,2357,2881,2014,0
179,76,158,2357,32,1929,0
179,77,158,2357,2695,266,0
179,78,158,2357,2042,2855,0
179,79,158,2357,193,1354,0
179,80,158,2357,123,892,0
179,81,158,2357,2391,199,0
179,82,158,2357,738,1556,0
179,83,158,2357,656,1512,0
179,84,158,2357,2081,2886,0
179,85,158,2357,2720,2097,0
179,86,158,2357,2245,1289,0
179,87,158,2357,714,2990,0
179,88,158,2357,2800,641,0
179,89,158,2357,2389,2741,0
179,90,158,2357,538,2170,0
179,91,158,2357,2767,2393,0
179,92,158,2357,1270,693,0
179,93,158,2357,2649,133,0
179,94,158,2357,782,2023,0
179,95,158,2357,551,1308,0
179,96,158,2357,2784,254,0
179,97,158,2357,2443,1306,0
179,98,158,2357,1619,1722,0
179,99,158,2357,508,1060,0
179,100,158,2357,2201,1345,0
179,101,158,2357,2587,861,0
179,102,158,2357,2593,412,0
179,103,158,2357,2995,1976,0
179,104,158,2357,2546,755,0
179,105,158,2357,1384,10,0
179,106,158,2357,1458,697,0
179,107,158,2357,52,2157,1
179,108,158,2357,2017,217,0
179,109,158,2357,2750,1252,0
179,110,158,2357,1972,2182,0
179,111,158,2357,736,1220,0
179,112,158,2357,1701,2178,0
179,113,158,2357,27,769,0
179,114,158,2357,148,1215,0
179,115,158,2357,1308,917,0
179,116,158,2357,579,885,0
179,117,158,2357,2737,2060,0
179,118,158,2357,1739,2828,0
179,119,158,2357,1339,2055,0
179,120,158,2357,1479,618,0
179,121,158,2357,1518,2678,0
179,122,158,2357,2663,2085,0
179,123,158,2357,1536,440,0
179,124,158,2357,2347,485,0
179,125,158,2357,2244,1545,0
179,126,158,2357,1821,2562,0
179,127,158,2357,1162,1754,0
179,128,158,2357,476,1205,0
179,129,158,2357,1692,876,0
179,130,158,2357,300,1205,0
179,131,158,2357,2003,1714,0
179,132,158,2357,381,1336,0
179,133,158,2357,2948,2728,0
179,134,158,2357,1258,2583,0
179,135,158,2357,1121,2987,0
179,136,158,2357,2245,575,0
179,137,158,2357,721,430,0
179,138,158,2357,1441,992,0
179,139,158,2357,2326,2998,0
179,140,158,2357,976,329,0
179,141,158,2357,2900,191,0
179,142,158,2357,1962,1771,0
179,143,158,2357,238,1665,0
179,144,158,2357,295,1936,0
179,145,158,2357,1854,141,0
179,146,158,2357,2927,2918,0
179,147,158,2357,652,2117,0
179,148,158,2357,1281,1593,0
179,149,158,2357,1093,2355,0
179,150,158,2357,821,2889,0
179,151,158,2357,2640,293,0
179,152,158,2357,2213,1092,0
179,153,158,2357,2554,526,0
179,154,158,2357,773,2759,0
179,155,158,2357,2398,2598,0
179,156,158,2357,352,1773,0
179,157,158,2357,136,1123,0
179,158,158,2357,2533,1961,0
179,159,158,2357,1274,2648,0
179,160,158,2357,2856,1016,0
179,161,158,2357,723,68,0
179,162,158,2357,1849,735,0
179,163,158,2357,1750,564,0
179,164,158,2357,21,376,0
179,165,158,2357,2035,939,0
179,166,158,2357,1752,1825,0
179,167,158,2357,2384,871,0
179,168,158,2357,1034,788,0
179,169,158,2357,1867,2645,0
179,170,158,2357,940,504,0
179,171,158,2357,1519,1618,0
179,172,158,2357,1392,2416,0
179,173,158,2357,1843,947,0
179,174,158,2357,1387,1345,0
179,175,158,2357,2479,1210,0
179,176,158,2357,1555,1680,0
179,177,158,2357,160,2470,0
179,178,158,2357,2692,2143,0
179,180,158,2357,2335,890,0
179,181,158,2357,1761,1075,0
179,182,158,2357,2099,406,0
180,0,2335,890,1639,2892,0
180,1,2335,890,1329,745,0
180,2,2335,890,443,1218,0
180,3,2335,890,2514,1181,0
180,4,2335,890,2286,223,0
180,5,2335,890,595,2408,0
180,6,2335,890,1383,2289,0
180,7,2335,890,1795,201,0
180,8,2335,890,2598,838,0
180,9,2335,890,813,1715,0
180,10,2335,890,1135,391,0
180,11,2335,890,1132,1878,0
180,12,2335,890,2041,661,0
180,13,2335,890,1434,670,0
180,14,2335,890,300,623,0
180,15,2335,890,1559,2032,0
180,16,2335,890,1224,2119,0
180,17,2335,890,838,460,0
180,18,2335,890,352,2688,0
180,19,2335,890,2179,352,0
180,20,2335,890,525,672,0
180,21,2335,890,1652,2883,0
180,22,2335,890,1373,2660,0
180,23,2335,890,2814,1659,0
180,24,2335,890,1449,1659,0
180,25,2335,890,2305,1303,0
180,26,2335,890,769,677,0
180,27,2335,890,2295,2940,0
180,28,2335,890,577,2880,0
180,29,2335,890,1614,2810,0
180,30,2335,890,47,1395,0
180,31,2335,890,2664,803,0
180,32,2335,890,2309,2153,0
180,33,2335,890,2074,2182,0
180,34,2335,890,1554,11,0
180,35,2335,890,1400,2146,0
180,36,2335,890,1795,740,0
180,37,2335,890,931,567,0
180,38,2335,890,1254,1779,0
180,39,2335,890,45,883,0
180,40,2335,890,1359,119,0
180,41,2335,890,2127,1277,0
180,42,2335,890,2925,1375,0
180,43,2335,890,2505,1463,0
180,44,2335,890,1791,2744,0
180,45,2335,890,1916,1718,0
180,46,2335,890,167,2831,0
180,47,2335,890,2315,236,0
180,48,2335,890,1902,1139,0
180,49,2335,890,1443,2554,0
180,50,2335,890,194,2519,0
180,51,2335,890,301,248,0
180,52,2335,890,934,2502,0
180,53,2335,890,343,1045,0
180,54,2335,890,1542,1250,0
180,55,2335,890,2149,1171,0
180,56,2335,890,2055,1783,0
180,57,2335,890,941,1993,0
180,58,2335,890,123,1452,0
180,59,2335,890,2845,2865,0
180,60,2335,890,1089,2442,0
180,61,2335,890,859,1946,0
180,62,2335,890,1024,191,0
180,63,2335,890,640,1179,0
180,64,2335,890,2225,946,0
180,65,2335,890,349,822,0
180,66,2335,890,826,2377,0
180,67,2335,890,1638,96,0
180,68,2335,890,2727,990,0
180,69,2335,890,2915,1910,0
180,70,2335,890,1406,1407,0
180,71,2335,890,2216,2614,0
180,72,2335,890,1497,453,0
180,73,2335,890,1462,1798,0
180,74,2335,890,1212,215,0
180,75,2335,890,2881,2014,0
180,76,2335,890,32,1929,0
180,77,2335,890,2695,266,0
180,78,2335,890,2042,2855,0
180,79,2335,890,193,1354,0
180,80,2335,890,123,892,0
180,81,2335,890,2391,199,0
180,82,2335,890,738,1556,0
180,83,2335,890,656,1512,0
180,84,2335,890,2081,2886,0
180,85,2335,890,2720,2097,0
180,86,2335,890,2245,1289,0
180,87,2335,890,714,2990,0
180,88,2335,890,2800,641,0
180,89,2335,890,2389,2741,0
180,90,2335,890,538,2170,0
180,91,2335,890,2767,2393,0
180,92,2335,890,1270,693,0
180,93,2335,890,2649,133,0
180,94,2335,890,782,2023,0
180,95,2335,890,551,1308,0
180,96,2335,890,2784,254,0
180,97,2335,890,2443,1306,0
180,98,2335,890,1619,1722,0
180,99,2335,890,508,1060,0
180,100,2335,890,2201,1345,0
180,101,2335,890,2587,861,0
180,102,2335,890,2593,412,0
180,103,2335,890,2995,1976,0
180,104,2335,890,2546,755,0
180,105,2335,890,1384,10,0
180,106,2335,890,1458,697,0
180,107,2335,890,52,2157,0
180,108,2335,890,2017,217,0
180,109,2335,890,2750,1252,0
180,110,2335,890,1972,2182,0
180,111,2335,890,736,1220,0
180,112,2335,890,1701,2178,0
180,113,2335,890,27,769,0
180,114,2335,890,148,1215,0
180,115,2335,890,1308,917,0
180,116,2335,890,579,885,0
180,117,2335,890,2737,2060,0
180,118,2335,890,1739,2828,0
180,119,2335,890,1339,2055,0
180,120,2335,890,1479,618,0
180,121,2335,890,1518,2678,0
180,122,2335,890,2663,2085,0
180,123,2335,890,1536,440,0
180,124,2335,890,2347,485,0
180,125,2335,890,2244,1545,0
180,126,2335,890,1821,2562,0
180,127,2335,890,1162,1754,0
180,128,2335,890,476,1205,0
180,129,2335,890,1692,876,0
180,130,2335,890,300,1205,0
180,131,2335,890,2003,1714,0
180,132,2335,890,381,1336,0
180,133,2335,890,2948,2728,0
180,134,2335,890,1258,2583,0
180,135,2335,890,1121,2987,0
180,136,2335,890,2245,575,0
180,137,2335,890,721,430,0
180,138,2335,890,1441,992,0
180,139,2335,890,2326,2998,0
180,140,2335,890,976,329,0
180,141,2335,890,2900,191,0
180,142,2335,890,1962,1771,0
180,143,2335,890,238,1665,0
180,144,2335,890,295,1936,0
180,145,2335,890,1854,141,0
180,146,2335,890,2927,2918,0
180,147,2335,890,652,2117,0
180,148,2335,890,1281,1593,0
180,149,2335,890,1093,2355,0
180,150,2335,890,821,2889,0
180,151,2335,890,2640,293,0
180,152,2335,890,2213,1092,0
180,153,2335,890,2554,526,0
180,154,2335,890,773,2759,0
180,155,2335,890,2398,2598,0
180,156,2335,890,352,1773,0
180,157,2335,890,136,1123,0
180,158,2335,890,2533,1961,0
180,159,2335,890,1274,2648,0
180,160,2335,890,2856,1016,0
180,161,2335,890,723,68,0
180,162,2335,890,1849,735,0
180,163,2335,890,1750,564,0
180,164,2335,890,21,376,0
180,165,2335,890,2035,939,0
180,166,2335,890,1752,1825,0
180,167,2335,890,2384,871,1
180,168,2335,890,1034,788,0
180,169,2335,890,1867,2645,0
180,170,2335,890,940,504,0
180,171,2335,890,1519,1618,0
180,172,2335,890,1392,2416,0
180,173,2335,890,1843,947,0
180,174,2335,890,1387,1345,0
180,175,2335,890,2479,1210,0
180,176,2335,890,1555,1680,0
180,177,2335,890,160,2470,0
180,178,2335,890,2692,2143,0
180,179,2335,890,158,2357,0
180,181,2335,890,1761,1075,0
180,182,2335,890,2099,406,0
181,0,1761,1075,1639,2892,0
181,1,1761,1075,1329,745,0
181,2,1761,1075,443,1218,0
181,3,1761,1075,2514,1181,0
181,4,1761,1075,2286,223,0
181,5,1761,1075,595,2408,0
181,6,1761,1075,1383,2289,0
181,7,1761,1075,1795,201,0
181,8,1761,1075,2598,838,0
181,9,1761,1075,813,1715,0
181,10,1761,1075,1135,391,0
181,11,1761,1075,1132,1878,0
181,12,1761,1075,2041,661,0
181,13,1761,1075,1434,670,0
181,14,1761,1075,300,623,0
181,15,1761,1075,1559,2032,0
181,16,1761,1075,1224,2119,0
181,17,1761,1075,838,460,0
181,18,1761,1075,352,2688,0
181,19,1761,1075,2179,352,0
181,20,1761,1075,525,672,0
181,21,1761,1075,1652,2883,0
181,22,1761,1075,1373,2660,0
181,23,1761,1075,2814,1659,0
181,24,1761,1075,1449,1659,0
181,25,1761,1075,2305,1303,0
181,26,1761,1075,769,677,0
181,27,1761,1075,2295,2940,0
181,28,1761,1075,577,2880,0
181,29,1761,1075,1614,2810,0
181,30,1761,1075,47,1395,0
181,31,1761,1075,2664,803,0
181,32,1761,1075,2309,2153,0
181,33,1761,1075,2074,2182,0
181,34,1761,1075,1554,11,0
181,35,1761,1075,1400,2146,0
181,36,1761,1075,1795,740,0
181,37,1761,1075,931,567,0
181,38,1761,1075,1254,1779,0
181,39,1761,1075,45,883,0
181,40,1761,1075,1359,119,0
181,41,1761,1075,2127,1277,0
181,42,1761,1075,2925,1375,0
181,43,1761,1075,2505,1463,0
181,44,1761,1075,1791,2744,0
181,45,1761,1075,1916,1718,0
181,46,1761,1075,167,2831,0
181,47,1761,1075,2315,236,0
181,48,1761,1075,1902,1139,1
181,49,1761,1075,1443,2554,0
181,50,1761,1075,194,2519,0
181,51,1761,1075,301,248,0
181,52,1761,1075,934,2502,0
181,53,1761,1075,343,1045,0
181,54,1761,1075,1542,1250,0
181,55,1761,1075,2149,1171,0
181,56,1761,1075,2055,1783,0
181,57,1761,1075,941,1993,0
181,58,1761,1075,123,1452,0
181,59,1761,1075,2845,2865,0
181,60,1761,1075,1089,2442,0
181,61,1761,1075,859,1946,0
181,62,1761,1075,1024,191,0
181,63,1761,1075,640,1179,0
181,64,1761,1075,2225,946,0
181,65,1761,1075,349,822,0
181,66,1761,1075,826,2377,0
181,67,1761,1075,1638,96,0
181,68,1761,1075,2727,990,0
181,69,1761,1075,2915,1910,0
181,70,1761,1075,1406,1407,0
181,71,1761,1075,2216,2614,0
181,72,1761,1075,1497,453,0
181,73,1761,1075,1462,1798,0
181,74,1761,1075,1212,215,0
181,75,1761,1075,2881,2014,0
181,76,1761,1075,32,1929,0
181,77,1761,1075,2695,266,0
181,78,1761,1075,2042,2855,0
181,79,1761,1075,193,1354,0
181,80,1761,1075,123,892,0
181,81,1761,1075,2391,199,0
181,82,1761,1075,738,1556,0
181,83,1761,1075,656,1512,0
181,84,1761,1075,2081,2886,0
181,85,1761,1075,2720,2097,0
181,86,1761,1075,2245,1289,0
181,87,1761,1075,714,2990,0
181,88,1761,1075,2800,641,0
181,89,1761,1075,2389,2741,0
181,90,1761,1075,538,2170,0
181,91,1761,1075,2767,2393,0
181,92,1761,1075,1270,693,0
181,93,1761,1075,2649,133,0
181,94,1761,1075,782,2023,0
181,95,1761,1075,551,1308,0
181,96,1761,1075,2784,254,0
181,97,1761,1075,2443,1306,0
181,98,1761,1075,1619,1722,0
181,99,1761,1075,508,1060,0
181,100,1761,1075,2201,1345,0
181,101,1761,1075,2587,861,0
181,102,1761,1075,2593,412,0
181,103,1761,1075,2995,1976,0
181,104,1761,1075,2546,755,0
181,105,1761,1075,1384,10,0
181,106,1761,1075,1458,697,0
181,107,1761,1075,52,2157,0
181,108,1761,1075,2017,217,0
181,109,1761,1075,2750,1252,0
181,110,1761,1075,1972,2182,0
181,111,1761,1075,736,1220,0
181,112,1761,1075,1701,2178,0
181,113,1761,1075,27,769,0
181,114,1761,1075,148,1215,0
181,115,1761,1075,1308,917,0
181,116,1761,1075,579,885,0
181,117,1761,1075,2737,2060,0
181,118,1761,1075,1739,2828,0
181,119,1761,1075,1339,2055,0
181,120,1761,1075,1479,618,0
181,121,1761,1075,1518,2678,0
181,122,1761,1075,2663,2085,0
181,123,1761,1075,1536,440,0
181,124,1761,1075,2347,485,0
181,125,1761,1075,2244,1545,0
181,126,1761,1075,1821,2562,0
181,127,1761,1075,1162,1754,0
181,128,1761,1075,476,1205,0
181,129,1761,1075,1692,876,0
181,130,1761,1075,300,1205,0
181,131,1761,1075,2003,1714,0
181,132,1761,1075,381,1336,0
181,133,1761,1075,2948,2728,0
181,134,1761,1075,1258,2583,0
181,135,1761,1075,1121,2987,0
181,136,1761,1075,2245,575,0
181,137,1761,1075,721,430,0
181,138,1761,1075,1441,992,0
181,139,1761,1075,2326,2998,0
181,140,1761,1075,976,329,0
181,141,1761,1075,2900,191,0
181,142,1761,1075,1962,1771,0
181,143,1761,1075,238,1665,0
181,144,1761,1075,295,1936,0
181,145,1761,1075,1854,141,0
181,146,1761,1075,2927,2918,0
181,147,1761,1075,652,2117,0
181,148,1761,1075,1281,1593,0
181,149,1761,1075,1093,2355,0
181,150,1761,1075,821,2889,0
181,151,1761,1075,2640,293,0
181,152,1761,1075,2213,1092,0
181,153,1761,1075,2554,526,0
181,154,1761,1075,773,2759,0
181,155,1761,1075,2398,2598,0
181,156,1761,1075,352,1773,0
181,157,1761,1075,136,1123,0
181,158,1761,1075,2533,1961,0
181,159,1761,1075,1274,2648,0
181,160,1761,1075,2856,1016,0
181,161,1761,1075,723,68,0
181,162,1761,1075,1849,735,0
181,163,1761,1075,1750,564,0
181,164,1761,1075,21,376,0
181,165,1761,1075,2035,939,0
181,166,1761,1075,1752,1825,0
181,167,1761,1075,2384,871,0
181,168,1761,1075,1034,788,0
181,169,1761,1075,1867,2645,0
181,170,1761,1075,940,504,0
181,171,1761,1075,1519,1618,0
181,172,1761,1075,1392,2416,0
181,173,1761,1075,1843,947,0
181,174,1761,1075,1387,1345,0
181,175,1761,1075,2479,1210,0
181,176,1761,1075,1555,1680,0
181,177,1761,1075,160,2470,0
181,178,1761,1075,2692,2143,0
181,179,1761,1075,158,2357,0
181,180,1761,1075,2335,890,0
181,182,1761,1075,2099,406,0
182,0,2099,406,1639,2892,0
182,1,2099,406,1329,745,0
182,2,2099,406,443,1218,0
182,3,2099,406,2514,1181,0
182,4,2099,406,2286,223,0
182,5,2099,406,595,2408,0
182,6,2099,406,1383,2289,0
182,7,2099,406,1795,201,0
182,8,2099,406,2598,838,0
182,9,2099,406,813,1715,0
182,10,2099,406,1135,391,0
182,11,2099,406,1132,1878,0
182,12,2099,406,2041,661,0
182,13,2099,406,1434,670,0
182,14,2099,406,300,623,0
182,15,2099,406,1559,2032,0
182,16,2099,406,1224,2119,0
182,17,2099,406,838,460,0
182,18,2099,406,352,2688,0
182,19,2099,406,2179,352,1
182,20,2099,406,525,672,0
182,21,2099,406,1652,2883,0
182,22,2099,406,1373,2660,0
182,23,2099,406,2814,1659,0
182,24,2099,406,1449,1659,0
182,25,2099,406,2305,1303,0
182,26,2099,406,769,677,0
182,27,2099,406,2295,2940,0
182,28,2099,406,577,2880,0
182,29,2099,406,1614,2810,0
182,30,2099,406,47,1395,0
182,31,2099,406,2664,803,0
182,32,2099,406,2309,2153,0
182,33,2099,406,2074,2182,0
182,34,2099,406,1554,11,0
182,35,2099,406,1400,2146,0
182,36,2099,406,1795,740,0
182,37,2099,406,931,567,0
182,38,2099,406,1254,1779,0
182,39,2099,406,45,883,0
182,40,2099,406,1359,119,0
182,41,2099,406,2127,1277,0
182,42,2099,406,2925,1375,0
182,43,2099,406,2505,1463,0
182,44,2099,406,1791,2744,0
182,45,2099,406,1916,1718,0
182,46,2099,406,167,2831,0
182,47,2099,406,2315,236,0
182,48,2099,406,1902,1139,0
182,49,2099,406,1443,2554,0
182,50,2099,406,194,2519,0
182,51,2099,406,301,248,0
182,52,2099,406,934,2502,0
182,53,2099,406,343,1045,0
182,54,2099,406,1542,1250,0
182,55,2099,406,2149,1171,0
182,56,2099,406,2055,1783,0
182,57,2099,406,941,1993,0
182,58,2099,406,123,1452,0
182,59,2099,406,2845,2865,0
182,60,2099,406,1089,2442,0
182,61,2099,406,859,1946,0
182,62,2099,406,1024,191,0
182,63,2099,406,640,1179,0
182,64,2099,406,2225,946,0
182,65,2099,406,349,822,0
182,66,2099,406,826,2377,0
182,67,2099,406,1638,96,0
182,68,2099,406,2727,990,0
182,69,2099,406,2915,1910,0
182,70,2099,406,1406,1407,0
182,71,2099,406,2216,2614,0
182,72,2099,406,1497,453,0
182,73,2099,406,1462,1798,0
182,74,2099,406,1212,215,0
182,75,2099,406,2881,2014,0
182,76,2099,406,32,1929,0
182,77,2099,406,2695,266,0
182,78,2099,406,2042,2855,0
182,79,2099,406,193,1354,0
182,80,2099,406,123,892,0
182,81,2099,406,2391,199,0
182,82,2099,406,738,1556,0
182,83,2099,406,656,1512,0
182,84,2099,406,2081,2886,0
182,85,2099,406,2720,2097,0
182,86,2099,406,2245,1289,0
182,87,2099,406,714,2990,0
182,88,2099,406,2800,641,0
182,89,2099,406,2389,2741,0
182,90,2099,406,538,2170,0
182,91,2099,406,2767,2393,0
182,92,2099,406,1270,693,0
182,93,2099,406,2649,133,0
182,94,2099,406,782,2023,0
182,95,2099,406,551,1308,0
182,96,2099,406,2784,254,0
182,97,2099,406,2443,1306,0
182,98,2099,406,1619,1722,0
182,99,2099,406,508,1060,0
182,100,2099,406,2201,1345,0
182,101,2099,406,2587,861,0
182,102,2099,406,2593,412,0
182,103,2099,406,2995,1976,0
182,104,2099,406,2546,755,0
182,105,2099,406,1384,10,0
182,106,2099,406,1458,697,0
182,107,2099,406,52,2157,0
182,108,2099,406,2017,217,0
182,109,2099,406,2750,1252,0
182,110,2099,406,1972,2182,0
182,111,2099,406,736,1220,0
182,112,2099,406,1701,2178,0
182,113,2099,406,27,769,0
182,114,2099,406,148,1215,0
182,115,2099,406,1308,917,0
182,116,2099,406,579,885,0
182,117,2099,406,2737,2060,0
182,118,2099,406,1739,2828,0
182,119,2099,406,1339,2055,0
182,120,2099,406,1479,618,0
182,121,2099,406,1518,2678,0
182,122,2099,406,2663,2085,0
182,123,2099,406,1536,440,0
182,124,2099,406,2347,485,0
182,125,2099,406,2244,1545,0
182,126,2099,406,1821,2562,0
182,127,2099,406,1162,1754,0
182,128,2099,406,476,1205,0
182,129,2099,406,1692,876,0
182,130,2099,406,300,1205,0
182,131,2099,406,2003,1714,0
182,132,2099,406,381,1336,0
182,133,2099,406,2948,2728,0
182,134,2099,406,1258,2583,0
182,135,2099,406,1121,2987,0
182,136,2099,406,2245,575,0
182,137,2099,406,721,430,0
182,138,2099,406,1441,992,0
182,139,2099,406,2326,2998,0
182,140,2099,406,976,329,0
182,141,2099,406,2900,191,0
182,142,2099,406,1962,1771,0
182,143,2099,406,238,1665,0
182,144,2099,406,295,1936,0
182,145,2099,406,1854,141,0
182,146,2099,406,2927,2918,0
182,147,2099,406,652,2117,0
182,148,2099,406,1281,1593,0
182,149,2099,406,1093,2355,0
182,150,2099,406,821,2889,0
182,151,2099,406,2640,293,0
182,152,2099,406,2213,1092,0
182,153,2099,406,2554,526,0
182,154,2099,406,773,2759,0
182,155,2099,406,2398,2598,0
182,156,2099,406,352,1773,0
182,157,2099,406,136,1123,0
182,158,2099,406,2533,1961,0
182,159,2099,406,1274,2648,0
182,160,2099,406,2856,1016,0
182,161,2099,406,723,68,0
182,162,2099,406,1849,735,0
182,163,2099,406,1750,564,0
182,164,2099,406,21,376,0
182,165,2099,406,2035,939,0
182,166,2099,406,1752,1825,0
182,167,2099,406,2384,871,0
182,168,2099,406,1034,788,0
182,169,2099,406,1867,2645,0
182,170,2099,406,940,504,0
182,171,2099,406,1519,1618,0
182,172,2099,406,1392,2416,0
182,173,2099,406,1843,947,0
182,174,2099,406,1387,1345,0
182,175,2099,406,2479,1210,0
182,176,2099,406,1555,1680,0
182,177,2099,406,160,2470,0
182,178,2099,406,2692,2143,0
182,179,2099,406,158,2357,0
182,180,2099,406,2335,890,0
182,181,2099,406,1761,1075,0
